0,26.403,33.138,54.403,49.176,0.0096511,13.253,191.46,169.55,99.104,92.136,59.839,80.772,30.331,53.038,28.394,52.307,51.127,63.995,59.017,68.159,66.587,65.966,67.786,69.045,26.842,31.148,30.542,27.787,27.678,33.285,28.605,71.314,73.119,74.447,67.416,43.109,48.866,31.332,60.875,21.192,54.098,50.221,27.369,61.389,58.499,68.327,50.998,54.207,74.747,69.048,62.329,39.991,41.543,44.76,37.083,26.889,49.834,49.187,50.738,50.328,50.759,0.68979,232.26,248.91,222.01,134.34,135.91,149.94,156.75,100.55,165.97,111.53,116.81,142.51,71.242,58.417,126.53,49.452,59.086,48.971,52.459,46.753,32.948,69.643,30.022,47.868,37.421,32.059,33.038,26.968,55.581,56.315,58.291,59.39,68.305,69.598,69.564,32.504,33.766,28.879,28.843,28.897,29.05,30.231,29.931,28.85,26.624,30.139,30.749,29.427,33.295,28.102,23.027,34.301,34.55,72.682,72.635,73.231,71.413,72.909,77.32,71.263,69.433,82.945,66.111,96.032,37.417,54.234,55.982,59.58,67.835,67.789,72.881,55.759,57.304,58.458,59.148,59.384,58.165,59.365,20.2,20.01,42.231,41.414,49.778,44.124,43.052,50.239,36.832,31.116,53.384,57.777,24.923,20.59,292.52,271.16,171.26,159.66,130.56,143.43,80.41,76.231,97.165,91.015,84.412,80.232,66.676,53.21,50.328,41.267,39.551,47.032,49.159,44.832,55.39,28.135,27.866,33.646,55.628,53.284,53.031,50.599,59.551,65.697,50.723,64.421,69.293,68.525,32.609,32.626,32.345,32.776,32.201,32.189,30.701,29.517,32.666,28.43,28.85,29.842,29.927,34.277,31.825,33.774,86.408,72.061,73.632,70.326,68.017,76.863,46.806,42.644,55.914,69.073,51.269,44.341,51.795,52.327,61.553,61.097,56.317,54.805,57.687,58.14,10.697,14.846,3.8582,2.1639,69.093,33.015,32.98,33.189,29.493,30.314,34.837,34.864,68.271,66.566,68.715,68.88,68.806,33.833,33.278,68.497,67.643,68.966
26.403,0,4.9812,15.862,3.8176,27.206,74.358,87.187,66.108,28.64,32.588,22.893,16.349,4.9528,5.614,11.767,4.4573,4.0819,9.2226,6.8075,9.8741,9.1983,9.0244,9.7151,10.158,6.3163,6.8914,7.9458,3.0167,5.2884,3.5952,1.8158,10.944,11.659,12.181,10.64,6.6722,4.3524,0.71205,7.7678,0.4397,19.311,9.9436,1.2044,20.816,19.04,10.025,16.747,19.219,12.976,10.297,23.261,12.3,13.309,15.733,10.169,5.6294,4.7633,3.9744,4.4478,4.1211,4.2643,35.104,104.53,125.74,114.45,45.441,53.678,68.234,59.274,40.415,66.926,29.764,39.215,53.44,12.072,9.6773,50.531,18.574,7.5374,5.706,7.5187,11.054,11.729,11.25,2.0525,7.9371,3.2392,10.083,6.1818,4.7755,6.637,6.9161,6.751,7.4185,9.9905,10.37,10.403,6.5139,6.6088,4.4498,4.4908,4.5837,3.8344,4.1423,4.4845,4.2976,3.2304,3.3831,4.0398,3.9024,4.4237,3.4508,2.2029,3.8333,4.0016,11.486,11.477,11.696,10.981,11.583,13.367,10.913,10.225,15.938,8.9553,21.812,4.9148,13.872,8.5537,7.7631,10.49,9.6069,11.628,5.8517,6.6826,6.5588,6.836,6.8218,6.4784,6.8384,5.4303,0.44478,15.503,13.887,12.802,8.9515,11.982,11.585,1.2525,0.3454,5.3506,6.4719,56.756,66.886,147.9,133.41,64.195,57.556,47.374,53.985,17.918,21.47,28.203,19.379,16.628,14.606,9.3578,11.008,4.2375,14.77,14.177,7.1976,5.416,2.7953,6.2426,5.0388,5.7295,12.9,6.7916,5.7865,5.1277,13.217,6.6491,8.8868,4.5872,8.4293,10.151,9.9347,6.6164,6.5942,6.4072,6.8959,6.2924,6.3699,6.0077,5.5889,7.3987,4.7135,4.7714,3.7962,4.1529,3.9237,3.2723,3.7374,18.273,11.236,11.925,10.596,9.7438,13.195,6.8282,4.5812,21.28,10.45,4.6725,2.9174,5.1073,4.7944,7.3328,7.2384,5.7872,5.2764,6.3582,6.4895,14.244,25.04,46.409,24.216,10.207,6.6791,6.5628,6.4647,4.7601,4.0587,3.8371,3.9405,9.8892,9.2591,10.067,10.121,10.091,6.5547,6.6519,10.011,9.6877,10.151
33.138,4.9812,0,3.5118,11.037,34.238,88.3,65.295,54.521,17.904,15.505,6.7246,12.806,0.073095,15.219,2.4043,10.147,7.4101,18.894,14.082,11.574,11.694,11.034,11.561,12.248,0.60058,0.29731,0.61659,0.35431,0.31657,0.1493,0.78917,14.187,14.815,15.733,8.4695,0.6768,3.7631,8.8348,7.3777,3.9589,4.7958,1.781,1.3103,5.9701,5.0087,16.723,3.5739,4.7611,21.514,11.429,7.0687,1.6394,2.0121,3.0101,0.94239,0.45919,14.508,11.848,12.5,11.285,11.537,43.38,94.111,100.41,84.614,35.402,34.927,43.486,46.839,20.045,51.166,29.063,25.609,38.393,9.8218,4.0117,30.637,4.3234,17.225,2.4008,21.075,1.4873,1.8062,20.728,0.64165,1.3832,0.69482,1.2093,0.08392,0.34298,16.883,17.282,14.797,16.482,11.287,12.44,12.106,0.1511,0.12805,0.14711,0.15041,0.14871,0.15512,0.07672,0.081603,0.14861,0.41911,0.16784,0.066326,0.12897,0.023287,0.25739,1.2214,0.14532,0.12494,14.634,14.418,15.091,14.266,14.574,16.545,14.637,13.279,17.027,12.935,26.998,0.18678,2.9547,3.5352,6.1874,19.753,14.467,13.857,6.5465,6.1309,7.8663,7.8737,8.3305,7.7169,8.2217,19.864,5.4458,2.95,2.2525,2.1802,0.87859,1.5354,1.9703,2.9264,3.3751,13.883,14.073,85.766,92.548,131.39,116.88,59.347,51.948,32.205,38.872,11.182,8.9428,16.974,22.569,23.097,19.152,15.78,2.3788,11.917,2.6433,2.4404,1.3051,2.6879,4.1705,5.3084,0.24245,0.36063,2.2725,17.363,15.649,13.25,2.3675,10.713,14.473,4.6903,14.088,13.82,12.277,0.16448,0.15994,0.13992,0.20921,0.12777,0.14046,0.16203,0.18533,0.32159,0.19157,0.16028,0.11908,0.089229,0.12533,0.18511,0.13889,15.926,14.506,14.168,13.221,12.088,15.988,1.324,1.0976,5.7688,10.857,4.9746,3.4664,4.5166,5.7237,11.051,9.8966,7.6316,7.4388,7.4438,7.6349,30.893,46.883,58.926,37.076,12.044,0.16032,0.14185,0.11993,0.11347,0.078636,0.17786,0.15638,11.79,11.147,11.88,11.999,11.982,0.11851,0.14729,11.641,11.348,12.053
54.403,15.862,3.5118,0,20.225,55.851,120.68,43.639,40.316,10.011,5.0002,0.78077,11.061,4.1379,25.739,4.8048,17.819,13.545,28.19,22.122,14.61,15.448,14.521,14.736,15.455,4.9124,3.3404,3.4258,6.0968,4.8334,4.4846,7.3422,17.956,18.332,19.393,9.0206,2.0361,7.5583,21.214,9.8265,14.781,0.39819,0.93839,8.7747,0.33669,0.14558,23.299,0.22128,0.36966,28.795,13.98,0.74098,1.204,1.0316,0.88101,1.6583,5.0308,25.536,21.524,22.115,20.285,20.565,67.125,76.528,73.041,56.754,24.812,19.312,23.709,33.065,7.1078,34.763,26.331,14.445,24.224,9.9024,3.4753,15.291,0.79048,27.091,4.486,34.829,0.44152,3.0145,29.26,6.718,1.7415,4.8919,3.0306,3.029,5.2764,27.596,28.001,23.5,25.832,14.03,15.574,14.991,3.0581,2.7495,4.7854,4.7753,4.7132,5.0994,4.596,4.4728,4.8745,6.2943,5.1746,4.5434,4.953,3.8234,5.644,8.8391,4.1744,4.0061,18.192,17.836,18.766,18.053,17.999,19.646,18.751,17.114,18.12,17.783,29.747,3.126,0.14397,3.6846,8.0189,28.315,19.761,16.753,10.319,8.8955,11.728,11.473,12.22,11.567,12.029,39.461,17.524,1.3393,1.1549,0.16509,0.98341,0.66688,0.37889,9.8732,12.116,23.537,22.502,123.77,130.68,106.57,93.233,49.294,42.214,18.965,24.589,7.5058,2.4977,8.992,24.349,27.869,22.935,22.332,0.87225,21.304,1.3751,1.6432,2.1492,5.0996,9.7876,8.0569,4.7613,4.6397,3.063,28.324,26.339,22.637,0.12069,16.356,20.52,8.6959,20.328,18.103,15.714,3.008,3.0092,3.1237,2.9055,3.1896,3.1716,3.6603,4.1297,2.8473,4.7977,4.6406,4.9213,4.6642,4.0958,4.9717,4.306,14.386,18.215,16.995,16.662,15.582,18.867,2.4188,3.9569,0.69134,12.917,9.0414,8.6038,7.9346,10.073,16.221,14.377,12.111,12.317,11.247,11.425,55.233,76.058,87.088,61.933,15.073,2.897,2.9337,2.9127,4.4553,4.6296,4.135,4.0383,14.95,14.484,14.932,15.078,15.078,2.7506,2.8436,14.592,14.412,15.139
49.176,3.8176,11.037,20.225,0,50.186,107.84,70.086,46.327,20.768,30.578,28.95,8.6209,12.004,0.34426,23.341,0.16445,0.76963,1.225,0.44854,2.8902,2.3146,2.4459,2.7682,2.8389,15.398,14.852,16.732,9.6494,13.467,8.6415,7.2306,2.7445,3.0838,3.1937,5.3337,9.97,3.1075,2.0654,3.2977,6.7634,25.685,12.453,6.5215,25.152,23.552,1.5869,22.929,25.502,2.7262,3.3063,28.542,20.173,21.166,23.71,17.913,14.282,0.32029,0.021437,0.045807,0.0068653,0.012635,60.384,75.463,102.67,98.441,30.573,43.79,60.278,41.939,39.14,49.974,14.822,29.544,39.96,5.9052,8.3447,43.27,26.311,0.7236,5.7081,2.0199,15.659,21.773,1.9742,7.1436,10.109,6.3688,19.544,13.041,12.871,0.62121,0.69785,0.41556,0.62913,3.1128,2.9314,3.0959,13.769,13.468,11.684,11.764,11.898,10.598,10.696,11.372,11.441,10.414,9.4442,10.338,10.579,10.048,10.281,9.8036,8.6632,8.8564,3.0098,3.075,3.0235,2.747,3.1045,3.8662,2.5816,2.5097,5.916,1.7274,7.9457,9.296,17.149,7.517,4.1122,1.6617,1.7458,3.3978,2.2469,3.1757,2.0424,2.2457,2.0029,2.0605,2.0688,10.799,6.7767,24.279,22.102,17.241,13.317,18.547,15.114,2.6454,3.1181,0.16686,0.35179,75.08,91.511,114.37,102.42,41.126,36.537,36.096,40.387,11.827,19.905,21.028,7.0417,4.762,4.0917,1.3626,12.944,0.016917,23.507,23.215,9.2133,5.0747,1.8948,3.3897,12.907,14.117,23.322,0.7213,0.41501,0.11055,17.572,0.9649,1.3211,2.544,1.1443,2.2819,2.6523,13.896,13.854,13.653,14.285,13.52,13.649,13.591,13.326,15.127,12.273,12.224,10.253,10.822,8.8275,8.6341,8.7003,8.8303,2.8611,3.5234,2.8116,2.5776,3.9104,8.6786,6.5523,27.999,3.7156,2.4017,2.482,3.0617,1.9969,1.2628,1.6087,1.6202,1.3862,2.1163,2.1117,25.722,37.464,73.461,43.611,2.9613,13.852,13.677,13.444,11.981,10.526,8.4623,8.6301,2.8116,2.5815,2.917,2.911,2.8939,13.356,13.713,2.9724,2.8368,2.9124
0.0096511,27.206,34.238,55.851,50.186,0,12.576,194.09,171.9,100.96,94.009,61.369,82.345,31.389,54.013,29.451,53.394,52.267,65.071,60.123,69.502,67.896,67.282,69.122,70.386,27.855,32.237,31.627,28.776,28.696,34.365,29.578,72.645,74.468,75.796,68.843,44.354,50.078,32.109,62.203,21.955,55.552,51.579,28.302,62.934,60.005,69.534,52.407,55.662,75.953,70.414,63.889,41.239,42.816,46.083,38.282,27.897,50.771,50.177,51.738,51.352,51.784,0.54423,234.92,251.91,224.91,136.44,138.15,152.33,159.03,102.52,168.37,113.27,118.85,144.74,72.705,59.827,128.72,50.843,60.116,50.239,53.291,48.084,34.084,70.775,31.022,49.177,38.54,33.178,34.15,27.969,56.56,57.297,59.366,60.444,69.66,70.944,70.92,33.611,34.893,29.908,29.872,29.928,30.073,31.276,30.977,29.877,27.598,31.171,31.801,30.457,34.389,29.104,23.914,35.398,35.654,74.027,73.985,74.574,72.744,74.26,78.704,72.58,70.752,84.428,67.377,97.506,38.571,55.668,57.356,60.921,68.959,69.045,74.252,57.011,58.6,59.722,60.425,60.652,59.427,60.636,20.581,20.717,43.517,42.686,51.157,45.407,44.342,51.614,37.855,32.035,54.396,58.861,24.249,19.803,295.58,274.13,173.48,161.82,132.72,145.67,82.043,77.913,99.012,92.507,85.76,81.602,67.877,54.607,51.336,42.539,40.796,48.322,50.418,45.954,56.676,29.159,28.891,34.796,56.596,54.253,54.053,51.99,60.754,66.914,51.938,65.624,70.595,69.855,33.718,33.735,33.449,33.891,33.301,33.29,31.775,30.568,33.782,29.455,29.882,30.876,30.968,35.376,32.879,34.862,88.001,73.397,75.009,71.665,69.343,78.253,48.087,43.843,57.393,70.456,52.486,45.477,53.037,53.54,62.784,62.352,57.547,56.012,58.949,59.405,10.759,14.672,3.4821,2.068,70.441,34.131,34.095,34.306,30.535,31.36,35.942,35.971,69.61,67.89,70.06,70.226,70.15,34.96,34.398,69.845,68.983,70.312
13.253,74.358,88.3,120.68,107.84,12.576,0,305.43,276.7,184.73,174.69,127.44,158.15,83.662,111.56,78.892,113.49,113.24,127.15,122.01,138.43,135.8,135.19,137.83,139.46,77.594,84.812,83.598,79.376,79.162,88.486,80.48,141.97,144.52,146.12,139.09,104.16,111.76,80.053,129.12,66.443,119.31,115.05,78.154,130.49,126.39,135.55,115.05,119.51,143.05,139.96,131.29,98.327,100.61,105.21,94.049,77.775,106.77,107.35,109.48,109.56,110.11,7.8987,354.17,377.03,342.93,231.28,233.93,251.29,260.62,185.49,272.87,198.21,208.74,242.61,144.49,127.11,221.28,112.01,120.18,112.73,106.98,109.52,86.711,135.22,82.883,111.49,94.931,85.664,88.054,77.997,114.68,115.63,120.38,121.14,138.84,140.24,140.39,87.131,89.208,81.252,81.191,81.278,81.543,83.516,83.013,81.209,77.427,83.33,84.374,82.175,88.557,79.939,71.074,90.144,90.56,143.92,143.97,144.53,142.08,144.32,150.29,141.61,139.46,159.14,134.27,174.32,95.192,120.8,123.44,127.73,132.88,136.06,144.71,121.3,124.07,124.9,126.01,126.12,124.51,126.16,54.969,63.6,101.11,100.24,114.01,105.64,103.41,114.92,92.654,83.047,112.95,119.99,21.103,9.6055,428.9,403.18,276.6,262.3,227,243.81,158.51,152.95,182.13,168.87,157.81,153.43,133.44,119.55,109.17,99.74,97.07,110.19,112.87,104.95,121.45,79.962,79.431,87.54,114.46,111.69,112.76,115.22,124.94,132.65,114.23,130.81,138.9,138.59,87.292,87.323,86.881,87.531,86.654,86.626,84.186,82.244,87.269,80.484,81.188,82.862,83.011,90.116,86.082,89.288,165.42,142.99,145.75,140.95,137.88,149.89,109.82,103.2,121.64,140.34,114.95,104.57,116.07,116.22,128,127.96,121.56,119.21,123.9,124.52,32.446,29.187,3.2927,14.444,139.66,87.957,87.915,88.273,82.27,83.654,91.003,91.057,138.48,136.1,139.14,139.34,139.23,89.325,88.397,138.93,137.72,139.45
191.46,87.187,65.295,43.639,70.086,194.09,305.43,0,5.3392,15.902,19.495,43.529,29.668,69.386,74.852,77.399,63.505,58.458,68.388,63.665,44.6,47.123,46.38,45.095,45,75.46,68.684,70.249,73.734,73.66,65.538,73.732,46.548,45.53,45.902,37.976,52.964,52.648,89.727,44.58,91.914,47.009,45.57,76.768,39.642,41.417,56.981,48.483,46.778,59.612,42.978,40.883,59.337,58.029,55.851,61.803,75.088,77.625,72.049,71.459,69.069,69.08,215.1,12.787,3.7829,3.2025,8.7311,4.8905,5.4778,4.7384,18.441,2.0507,25.896,9.499,4.218,35.878,39.638,7.6222,52.367,71.234,49.082,89.908,49.617,69.591,64.897,71.382,47.991,61.135,69.462,65.569,74.744,75.331,75.27,66.434,68.995,43.684,44.689,43.914,66.458,64.638,71.621,71.676,71.591,71.438,69.583,69.993,71.673,75.501,69.979,68.841,70.845,65.167,73.033,82.54,64.1,63.692,45.706,45.243,46.049,46.6,45.239,43.818,47.725,46.983,37.014,50.844,42.885,59.796,42.627,41.928,43.467,65.069,52.225,43.515,49.783,46.562,49.217,48.258,49.05,49.264,48.809,132,97.205,59.24,58.763,46.997,51.911,54.835,45.913,67.545,76.662,71.11,65.392,284,306.06,17.702,12.729,14.901,13.312,6.0384,4.0765,26.095,26.216,16.35,39.157,49.812,46.083,57.009,42.81,70.615,59.874,61.803,49.009,49.541,59.36,47.238,72.856,73.48,69.692,76.432,75.554,70.065,46.288,54.67,55.196,52.322,56.057,48.51,45.808,66.339,66.306,66.658,66.199,66.837,66.879,69.027,70.759,66.599,72.339,71.675,70.249,70.036,64.078,67.679,64.824,29.353,46.272,43.213,45.576,46.064,43.102,49.391,54.767,46.749,41.534,52.253,58.31,50.372,52.608,52.67,50.479,51.67,53.334,49.267,49.097,171.77,204.56,248.14,198.23,44.431,65.76,65.77,65.43,70.665,69.476,63.431,63.335,44.97,45.807,44.563,44.621,44.686,64.525,65.362,44.285,44.774,44.632
169.55,66.108,54.521,40.316,46.327,171.9,276.7,5.3392,0,10.302,20.687,44.199,16.717,58.56,48.579,71.389,41.285,38.705,41.907,39.72,26.324,28.039,27.808,26.673,26.309,65.592,59.657,62.016,60.618,62.985,53.142,58.88,26.632,25.684,25.63,23.746,43.086,37.008,65.309,28.571,72.458,46.004,37.869,60.752,38.871,39.822,33.519,46.095,45.71,34.174,25.284,41.537,54.465,53.807,53.094,55.459,64.64,51.25,47.614,46.818,45.352,45.244,191.75,5.7809,12.334,16.725,2.0606,7.3861,14.207,0.3926,23.033,1.1248,9.6687,6.7427,2.7401,21.684,29.186,11.421,51.161,44.797,36.284,59.581,43.46,64.076,38.548,56.907,38.627,47.719,62.844,55.979,63.513,48.363,48.169,41.7,43.197,25.827,26.012,25.619,57.159,55.439,60.213,60.309,60.323,59.369,57.898,58.67,60.104,62.565,57.399,57.049,58.867,53.777,60.47,67.754,51.94,51.727,25.873,25.625,25.954,26.64,25.566,23.903,27.31,27.286,19.208,30.224,20.692,48.677,37.783,30.829,28.713,38.963,30.672,24.635,32.708,30.768,31.47,30.783,31.081,31.592,30.971,101.33,76.235,56.351,54.906,41.91,44.213,49.678,39.749,49.725,57.526,45.938,41.124,239.08,264.89,16.692,11.874,2.4998,1.7944,4.7991,2.6613,16.495,22.771,11.29,19.083,26.409,24.715,33.851,35.557,46.364,56.546,58.091,38.96,36.135,41.728,31.868,61.985,63.222,64.917,49.129,49.012,45.32,41.43,34.043,32.916,35.933,33.716,28.176,26.861,57.132,57.08,57.261,57.238,57.334,57.445,59.216,60.503,58.055,61.173,60.594,58.162,58.355,52.035,54.932,52.579,15.091,26.319,24.311,26.313,27.12,23.59,38.937,42.252,46.78,24.594,35.648,41.547,34.693,35.335,32.377,31.293,33.391,34.743,31.761,31.522,139.14,166.67,220.54,169.89,26.001,56.616,56.523,56.098,59.608,57.699,51.232,51.267,26.485,27.355,26.164,26.152,26.204,55.278,56.198,26.077,26.546,26.136
99.104,28.64,17.904,10.011,20.768,100.96,184.73,15.902,10.302,0,3.4012,12.801,2.8143,20.207,24.371,27.453,17.247,14.105,22.296,18.447,8.7129,9.8866,9.3651,8.9313,9.0838,24.184,20.561,21.863,21.94,22.761,17.521,21.505,10.363,10.095,10.554,5.0953,11.622,10.729,30.555,7.6708,31.42,13.297,8.7528,23.015,9.7743,10.048,16.042,13.086,13.13,18.913,7.9504,11.466,17.416,17.082,16.829,17.959,23.705,25.574,21.98,21.863,20.323,20.397,116.33,31.299,34.634,29.146,3.304,4.246,10.588,6.9411,6.0347,8.5734,6.6798,0.83201,3.9646,4.5292,5.4235,4.3559,16.016,23.17,9.156,33.917,11.445,22.997,21.197,20.26,9.3342,14.929,22.265,18.52,23.179,25.122,25.216,20.028,21.82,8.2245,8.9992,8.5559,19.152,18.159,21.281,21.328,21.315,20.944,20.009,20.371,21.253,23.022,19.949,19.551,20.634,17.62,21.704,26.65,16.799,16.632,10.118,9.8415,10.417,10.411,9.8881,9.8729,11.04,10.286,7.0365,11.963,13.133,14.783,8.6508,6.2627,6.9754,20.952,13.075,8.8927,9.8333,8.3088,9.8555,9.4199,9.8865,9.8432,9.7506,56.824,34.491,18.652,17.73,10.669,11.906,14.747,9.5818,17.914,22.741,22.085,19.294,165.79,182.47,52.623,43.507,15.235,11.407,2.3451,4.1185,1.3061,2.605,0.03624,9.8588,14.857,11.766,15.753,7.6325,21.275,18.714,19.566,9.6227,9.3205,13.947,8.4775,22.208,22.83,23.526,25.829,24.856,21.376,10.437,13.124,14.478,10.684,14.769,11.149,9.4568,19.125,19.097,19.224,19.154,19.28,19.334,20.411,21.23,19.578,21.79,21.435,20.256,20.27,16.82,18.609,17.171,3.5394,10.336,8.8526,9.6286,9.5182,9.3724,9.6993,11.867,13.953,7.162,10.693,13.363,9.7719,10.981,12.273,10.937,10.934,11.668,9.7841,9.7483,83.235,106.73,140.13,102.31,8.7698,18.821,18.781,18.551,20.857,19.917,16.425,16.409,8.9396,9.1368,8.7823,8.8423,8.8666,18.074,18.586,8.5906,8.7282,8.8623
92.136,32.588,15.505,5.0002,30.578,94.009,174.69,19.495,20.687,3.4012,0,4.8383,9.7038,17.24,36.27,19.443,26.592,21.665,35.925,29.865,17.747,19.254,18.301,18.015,18.52,19.538,16.175,16.599,20.336,19.046,16.514,21.472,20.921,20.842,21.755,11.161,10.434,15.055,37.599,14.102,33.082,5.959,6.9774,23.606,3.5393,4.1084,28.466,6.535,5.8768,33.379,16.706,3.9736,11.062,10.422,9.3856,12.399,19.597,37.029,32.199,32.45,30.289,30.503,108.56,48.041,40.231,28.109,11.403,4.9151,7.0722,15.383,0.54211,15.123,19.469,3.9246,8.7099,11.09,7.2797,2.8224,7.9615,36.071,11.356,47.925,7.6682,15.66,35.524,20.237,8.5692,15.562,15.813,15.067,19.785,37.804,38.083,31.815,34.395,16.992,18.5,17.792,15.321,14.516,18.487,18.491,18.406,18.753,17.757,17.743,18.591,21.002,18.425,17.503,18.45,15.779,19.712,25.279,15.806,15.53,20.801,20.375,21.344,21.01,20.494,21.207,21.919,20.448,17.656,22.283,28.181,13.552,5.0285,8.2566,12.307,34.894,24.226,18.965,16.266,14.06,17.16,16.636,17.479,17.052,17.25,64.508,36.885,10.797,10.679,6.4709,9.0209,9.3137,6.4503,21.725,26.368,33.397,30.726,172.66,183.77,69.115,58.407,31.017,25.535,5.6598,8.9043,5.5894,1.1929,2.7592,22.963,29.299,24.411,27.764,5.9819,31.564,11.095,11.954,9.2835,12.021,19.037,13.632,18.774,18.788,15.603,38.707,36.947,32.381,6.1777,22.526,25.807,15.851,25.959,21.713,18.996,15.233,15.227,15.445,15.078,15.564,15.554,16.632,17.576,15.097,18.684,18.352,18.257,17.946,15.726,17.584,16.14,12.09,21.015,19.038,19.621,18.986,20.381,9.6561,12.753,5.9051,15.398,16.101,17.752,14.595,17.028,21.743,19.606,18.288,19.008,16.807,16.886,88.222,113.72,133.38,100.49,18.035,14.963,15.009,14.9,17.9,17.761,15.574,15.456,18.132,18.074,17.976,18.106,18.128,14.488,14.804,17.624,17.66,18.155
59.839,22.893,6.7246,0.78077,28.95,61.369,127.44,43.529,44.199,12.801,4.8383,0,16.403,7.2703,35.486,5.8069,26.053,20.822,38.28,31.164,21.736,22.846,21.71,21.909,22.759,7.5084,5.7542,5.4806,10.07,7.8007,8.3637,12.042,25.775,26.164,27.414,14.568,5.21,13.194,29.655,15.912,20.997,0.17041,3.4311,13.89,0.22982,0.30866,32.379,0.49522,0.17305,38.745,20.903,0.04275,2.1765,1.7789,1.1053,3.1577,7.8718,35.236,30.498,31.206,29.024,29.36,72.817,81.915,72.404,53.68,28.671,19.478,21.508,36.358,5.6866,36.825,33.533,16.422,26.133,15.522,7.3096,14.741,0.49746,37.048,9.0064,46.013,2.1875,3.9959,39.43,11.318,4.8481,9.3175,4.4549,5.749,8.446,37.659,38.13,32.815,35.564,20.999,22.885,22.155,5.6372,5.3329,8.1024,8.0742,7.9735,8.694,8.0773,7.7945,8.2569,10.15,9.0172,8.0875,8.5242,7.2941,9.4041,13.299,7.9925,7.7539,26.01,25.571,26.694,25.89,25.761,27.594,26.757,24.808,25.383,25.751,38.923,6.6254,1.5635,7.7152,13.585,38.356,28.118,24.213,16.69,14.81,18.425,18.082,19.024,18.227,18.782,49.685,24.268,1.5305,1.7397,1.554,3.2907,1.869,2.2338,16.008,18.573,32.891,31.633,137.68,142.65,110.31,96.665,55.967,48.376,20.572,26.488,11.516,3.9099,11.525,32.635,37.269,31.491,31.262,3.2656,30.241,1.7231,2.0952,5.5102,9.8663,16.085,13.758,7.8277,7.4409,3.7486,38.51,36.19,31.825,1.4381,24.174,29.101,14.673,28.902,26.035,23.104,5.5523,5.5622,5.7379,5.3533,5.8426,5.7955,6.3855,6.9946,5.1159,7.9982,7.8218,8.5526,8.1327,7.8658,8.9419,8.1404,20.356,26.064,24.48,24.211,22.959,26.653,5.9377,8.183,0.067619,19.552,15.116,14.551,13.664,16.433,23.96,21.686,18.959,19.246,17.832,18.047,65.532,88.099,94.086,69.951,22.278,5.43,5.5086,5.5305,7.6509,8.1515,7.9873,7.8384,22.158,21.641,22.117,22.294,22.297,5.3566,5.3947,21.7,21.508,22.367
80.772,16.349,12.806,11.061,8.6209,82.345,158.15,29.668,16.717,2.8143,9.7038,16.403,0,14.785,10.728,24.4,6.4062,4.859,9.2742,6.8845,1.6385,2.1693,1.95,1.735,1.789,18.911,16.247,17.918,14.897,17.132,11.479,13.491,2.3889,2.2818,2.534,0.61681,7.9936,4.0182,16.43,1.6015,19.647,15.534,7.0043,14.144,12.771,12.369,5.4407,14.327,15.345,7.3276,1.3202,15.277,16.286,16.451,17.277,15.746,18.114,11.618,9.3584,9.2128,8.2924,8.3159,96.176,39.101,52.547,48.821,7.3032,13.79,24.318,13.412,14.711,17.535,3.4363,6.3217,11.514,0.32437,2.6817,14.14,17.711,9.8439,4.2497,17.258,10.271,20.758,8.6411,12.625,6.4183,8.6593,19.354,14.093,17.152,11.164,11.215,7.8597,8.9726,1.4382,1.7495,1.5598,14.833,14.03,15.366,15.432,15.483,14.66,14.077,14.619,15.24,15.96,13.477,13.61,14.444,12.178,15.025,18.061,10.999,10.973,2.2866,2.1526,2.4419,2.4132,2.1787,2.2712,2.7247,2.3399,1.1869,3.1763,5.0468,9.9026,8.8549,2.9447,1.6257,8.4519,3.7596,1.7155,2.7069,2.1274,2.4776,2.27,2.427,2.4948,2.3763,36.801,21.564,18.771,17.273,10.356,9.6296,13.774,8.7109,8.7929,12.225,9.2547,7.4182,131.23,148.97,66.257,56.533,17.222,13.479,9.4471,11.75,0.5711,5.2556,3.0618,2.947,5.2798,3.3496,5.2563,6.3884,8.869,18.511,18.986,6.231,4.0501,5.6248,2.4322,16.52,17.459,21.741,11.632,11.038,8.8224,10.322,3.8912,4.5261,3.6326,4.6911,2.763,1.9571,14.869,14.832,14.833,15.054,14.814,14.906,15.609,16.046,15.698,15.964,15.705,14.046,14.308,11.088,12.211,11.269,0.21834,2.384,1.7069,2.0329,1.9882,2.016,6.0464,6.613,16.88,1.0312,3.5429,5.5677,3.2602,3.4731,3.4045,2.7842,3.0524,3.4708,2.5111,2.4623,59.981,79.21,116.25,80.049,1.6533,14.644,14.542,14.286,15.212,13.94,10.653,10.718,1.7329,1.8412,1.6617,1.6858,1.6967,13.924,14.425,1.5837,1.6521,1.6936
30.331,4.9528,0.073095,4.1379,12.004,31.389,83.662,69.386,58.56,20.207,17.24,7.2703,14.785,0,16.291,1.8753,11.246,8.4687,20.353,15.409,13.226,13.297,12.614,13.2,13.93,0.27312,0.16682,0.39948,0.2472,0.086417,0.3016,0.7867,15.947,16.631,17.592,10.045,1.1863,4.6923,9.0252,8.7585,3.6347,5.2264,2.4944,1.2739,6.7053,5.6845,18.37,3.9751,5.2023,23.342,13.105,7.726,1.6933,2.0951,3.1362,0.95411,0.16981,15.457,12.806,13.514,12.296,12.563,40.151,99.425,105.5,88.885,38.674,37.856,46.393,50.564,21.814,54.977,31.951,28.29,41.679,11.523,5.1678,33.24,4.5482,18.515,3.2668,22.014,1.9613,1.519,22.377,0.70159,2.0769,1.0825,0.961,0.089674,0.10197,18.035,18.458,16.088,17.794,12.94,14.14,13.803,0.11157,0.14999,0.023556,0.022856,0.019198,0.072345,0.040206,0.011633,0.031424,0.23974,0.16563,0.062383,0.062537,0.13341,0.14448,0.90516,0.33871,0.32277,16.437,16.219,16.912,16.028,16.384,18.492,16.395,14.977,19.138,14.525,29.484,0.48815,3.6751,4.6217,7.5015,21.348,16.11,15.663,7.758,7.3811,9.182,9.2114,9.6809,9.0215,9.5703,19.215,5.0579,2.9551,2.2987,2.7223,1.3235,1.7668,2.5997,3.3836,3.5782,14.988,15.352,82.653,88.677,137.6,122.73,63.57,55.91,35.181,42.177,13.062,10.422,19.199,24.921,25.243,21.187,17.376,3.1938,12.922,2.6358,2.3735,1.9931,3.5785,4.9675,6.4815,0.049299,0.11751,1.9612,18.509,16.725,14.35,2.9312,12.079,16.043,5.7041,15.615,15.514,13.943,0.12514,0.12265,0.097572,0.1642,0.083736,0.091827,0.0538,0.036445,0.24469,0.030767,0.018571,0.079947,0.036193,0.31286,0.27726,0.30954,18.099,16.289,15.998,14.947,13.738,17.922,2.0192,1.6903,6.1923,12.527,6.0124,4.232,5.56,6.8101,12.487,11.314,8.8748,8.6291,8.7297,8.9377,29.279,44.915,55.265,34.493,13.727,0.13909,0.12483,0.119,0.0062072,0.050835,0.39926,0.37386,13.446,12.746,13.55,13.675,13.656,0.14676,0.14133,13.303,12.982,13.732
53.038,5.614,15.219,25.739,0.34426,54.013,111.56,74.852,48.579,24.371,36.27,35.486,10.728,16.291,0,29.153,0.76966,1.998,0.51614,0.4548,3.9895,3.2594,3.5321,3.8418,3.8131,20.122,19.618,21.757,13.416,17.919,12.37,10.497,3.3628,3.6724,3.6458,7.4634,14.01,5.426,2.884,5.16,9.1895,31.913,16.849,9.5367,31.188,29.44,1.4475,28.85,31.707,1.9666,4.5245,34.983,25.783,26.908,29.767,23.205,18.837,0.052642,0.21077,0.13988,0.32489,0.29004,64.244,76.276,107.39,105.02,33.131,48.821,66.82,44.684,45.618,53.468,15.404,33.52,43.75,7.9411,11.721,48.88,32.66,0.16347,8.7585,0.81434,20.619,27.507,1.142,10.449,14.122,9.6609,24.982,17.56,17.199,0.046055,0.071461,0.26242,0.2035,4.3109,3.8945,4.1533,18.395,18.067,15.873,15.966,16.126,14.596,14.748,15.538,15.587,14.283,13.254,14.338,14.585,14.052,14.186,13.341,12.415,12.651,3.6126,3.7311,3.5491,3.3522,3.74,4.3312,3.0818,3.2302,6.7537,2.3155,7.4271,13.209,22.222,10.795,6.3293,0.93207,2.0673,4.2259,3.992,5.1957,3.5415,3.792,3.4207,3.5867,3.5193,10.805,8.892,30.403,27.961,22.401,17.932,23.944,19.946,4.8265,5.191,0.05942,0.31989,73.682,91.627,115.89,104.27,41.537,37.372,40.195,44.176,14.817,24.696,24.824,7.1397,4.2305,4.1384,1.338,17.364,0.21256,29.536,29.201,13.067,7.9596,3.8441,5.5743,17.281,18.679,29.253,0.070741,0.0034641,0.11066,22.769,1.7336,1.5276,4.6143,1.3716,2.8532,3.5781,18.544,18.496,18.258,18.996,18.101,18.25,18.15,17.812,19.964,16.551,16.506,14.211,14.888,12.612,12.327,12.45,10.466,3.4514,4.3265,3.6135,3.5179,4.484,12.429,9.8933,34.481,5.1192,4.4009,4.665,5.2777,3.7963,2.0547,2.6803,3.0511,2.7857,3.6973,3.6626,26.047,36.817,76.656,45.75,3.9981,18.5,18.297,18.03,16.242,14.549,12.181,12.384,3.8568,3.6807,3.9714,3.9439,3.9257,17.939,18.344,4.0795,3.9617,3.9366
28.394,11.767,2.4043,4.8048,23.341,29.451,78.892,77.399,71.389,27.453,19.443,5.8069,24.4,1.8753,29.153,0,22.299,18.237,34.583,28.017,24.252,24.544,23.546,24.258,25.254,0.86374,1.012,0.58864,3.0807,1.3742,3.6514,4.7754,28.096,28.936,30.234,18.931,4.5334,12.113,18.119,17.836,8.7171,4.1675,5.4951,5.6949,6.5389,5.7076,31.808,3.4659,4.2076,38.298,23.942,6.637,1.2025,1.3965,1.8947,1.0134,1.1567,27.959,24.431,25.422,23.76,24.132,37.501,117.23,115.29,93.665,49.605,43.378,48.928,61.9,22.541,64.996,46.086,35.449,50.228,20.807,10.91,37.079,2.9067,32.166,9.1512,36.329,3.4529,0.20796,37.171,4.7196,5.7899,5.6831,0.2933,1.6464,1.6139,31.483,32.046,28.947,31.222,23.777,25.516,24.989,1.3833,1.5769,2.0044,1.9715,1.9153,2.4966,2.4369,2.129,2.1088,2.7513,3.0934,2.6163,2.4976,2.8744,2.7003,3.8315,3.7131,3.6209,28.69,28.365,29.345,28.208,28.585,31.261,28.772,26.823,31.455,26.445,45.086,3.7311,5.3634,10.437,15.773,35.848,28.641,27.483,16.777,15.929,18.859,18.833,19.575,18.626,19.397,28.47,10.639,1.3775,1.309,3.9379,3.4396,1.9935,4.6053,10.271,10.245,27.444,27.954,90.465,92.247,155.54,139.41,80.306,71.377,42.603,50.761,20.787,13.951,25.934,39.091,40.293,34.919,30.503,6.3191,24.614,1.222,0.94346,6.0072,9.8279,12.884,14.578,1.5501,1.1679,0.22487,32.093,29.724,26.585,4.1109,23.266,28.675,13.753,28.132,27.645,25.335,1.3543,1.3675,1.4059,1.2598,1.436,1.3968,1.339,1.3956,1.0407,1.7765,1.787,2.656,2.3767,3.6134,3.5932,3.6487,28.965,28.533,27.907,26.682,25.073,30.453,6.2466,6.5434,4.6256,22.992,14.241,11.639,13.375,15.511,23.747,21.998,18.561,18.287,18.196,18.491,36.274,53.205,53.18,36.299,24.929,1.3984,1.4461,1.5329,1.8765,2.5191,3.8844,3.7849,24.586,23.685,24.696,24.873,24.852,1.6171,1.4602,24.332,23.929,24.952
52.307,4.4573,10.147,17.819,0.16445,53.394,113.49,63.505,41.285,17.247,26.592,26.053,6.4062,11.246,0.76966,22.299,0,0.29417,1.3492,0.33101,1.7012,1.2797,1.359,1.6095,1.6814,14.723,13.892,15.734,9.2414,12.823,7.9109,6.9762,1.6927,1.9731,2.1068,3.6431,8.5814,2.1668,2.9855,2.0225,7.4286,23.121,10.586,6.4589,22.295,20.861,1.1273,20.584,22.938,2.3887,2.0145,25.552,18.473,19.35,21.652,16.455,13.657,0.86582,0.28753,0.29236,0.12715,0.13671,64.079,69.564,94.781,90.559,26.374,38.599,54.234,37.026,34.648,44.509,12.288,25.302,35.022,4.1017,6.4836,38.177,23.952,0.98661,4.4235,3.1278,13.78,20.455,1.9168,6.7831,8.4907,5.5797,18.347,12.043,12.314,1.076,1.1509,0.43911,0.78305,1.8636,1.7565,1.8702,12.769,12.401,11.05,11.128,11.251,10.022,10.027,10.681,10.825,10.042,8.8714,9.656,9.9768,9.2129,9.8009,9.8082,7.8643,8.0265,1.9091,1.9457,1.9445,1.6986,1.9754,2.6531,1.601,1.4793,4.2687,0.91923,6.5915,8.259,14.875,5.8059,2.7184,1.6174,1.0229,2.1604,1.2656,1.982,1.0663,1.2127,1.0281,1.0834,1.0772,13.312,7.7086,22.343,20.267,15.153,11.678,16.735,13.103,2.4135,3.2878,0.40977,0.32034,81.695,98.248,106.86,95.204,36.916,32.426,31.389,35.423,9.2273,16.787,17.498,5.5054,3.8676,3.0078,0.90435,10.927,0.21761,21.643,21.456,7.696,3.8542,1.3459,2.2025,12.258,13.425,21.921,1.2281,0.87492,0.29919,15.434,0.34907,0.76223,1.6359,0.63065,1.3442,1.5441,12.883,12.842,12.669,13.242,12.552,12.676,12.721,12.553,14.053,11.638,11.56,9.6427,10.166,8.0173,8.004,7.9327,6.6333,1.794,2.2688,1.6966,1.4832,2.6533,7.2118,5.4618,25.296,2.3234,1.5032,1.8384,2.0289,1.1503,0.54069,0.74693,0.78049,0.63526,1.1319,1.1224,29.334,42.116,78.119,47.453,1.7669,12.814,12.65,12.415,11.285,9.8624,7.645,7.7979,1.6478,1.4613,1.7291,1.7279,1.7146,12.291,12.666,1.7648,1.656,1.7305
51.127,4.0819,7.4101,13.545,0.76963,52.267,113.24,58.458,38.705,14.105,21.665,20.822,4.859,8.4687,1.998,18.237,0.29417,0,2.7645,1.1087,1.2757,1.0251,0.97692,1.214,1.3639,11.632,10.675,12.301,6.9846,9.9538,5.5796,5.1609,1.6878,1.9723,2.2205,2.2489,5.792,0.86901,3.4658,0.97246,6.5693,18.239,7.3628,4.9022,17.467,16.204,1.9076,16.013,18.074,3.6934,1.4626,20.365,14.355,15.091,17.068,12.665,10.713,2.0734,1.0469,1.1198,0.73847,0.78102,63.084,67.829,89.345,83.673,23.829,33.798,47.974,34.102,28.943,40.82,11.83,21.634,31.273,2.7442,4.0597,32.955,19.042,2.3309,2.4416,5.2515,10.112,16.365,3.3695,4.9026,5.6478,3.5702,14.527,9.0057,9.5699,2.4944,2.6088,1.3873,1.9867,1.3413,1.4422,1.4656,9.6477,9.2786,8.3901,8.4572,8.5559,7.5306,7.4624,8.0206,8.2049,7.7176,6.5275,7.1282,7.4696,6.6323,7.4133,7.8651,5.4927,5.6112,1.9004,1.8862,2.0033,1.7051,1.932,2.7156,1.7117,1.4016,3.8986,1.0173,7.3771,5.6838,10.99,3.5077,1.3524,2.9941,1.3571,1.9312,0.40285,0.83524,0.39767,0.4886,0.42339,0.3931,0.4414,14.945,7.1791,17.746,15.91,11.261,8.3586,12.748,9.492,1.4539,2.5433,1.3936,1.1558,85.761,101.17,104.05,92.229,36.045,31.256,27.474,31.666,6.8649,12.848,14.203,5.7496,4.8129,3.4394,1.5953,7.6359,0.95077,17.144,17.025,5.0104,2.0226,0.4643,0.92924,9.4474,10.454,17.65,2.7224,2.1671,1.1813,11.496,0.36851,1.2397,0.54279,1.1066,1.4133,1.2805,9.7407,9.7049,9.5704,10.041,9.4773,9.5829,9.6949,9.616,10.743,8.9085,8.8176,7.1709,7.595,5.6164,5.7327,5.5726,5.4607,1.8061,2.0535,1.5277,1.2127,2.6165,4.6232,3.316,20.17,1.594,0.46876,0.74332,0.78123,0.28887,0.50742,0.44956,0.20947,0.11767,0.39647,0.40887,31.076,44.957,77.958,47.851,1.3885,9.6638,9.5253,9.3155,8.549,7.3224,5.2927,5.4136,1.2728,1.0582,1.3392,1.3562,1.3451,9.1821,9.5253,1.3272,1.2132,1.3661
63.995,9.2226,18.894,28.19,1.225,65.071,127.15,68.388,41.907,22.296,35.925,38.28,9.2742,20.353,0.51614,34.583,1.3492,2.7645,0,0.37319,3.2313,2.6019,2.9525,3.109,2.9582,24.891,23.891,26.286,17.494,22.403,15.782,14.24,2.2638,2.4234,2.2714,7.0384,16.557,6.6704,5.8026,5.1934,13.636,34.959,18.925,13.332,33.433,31.815,0.52983,31.929,34.722,0.50479,3.7188,37.481,29.703,30.771,33.564,27.188,23.485,0.89432,1.0914,0.86383,1.0883,1.0098,76.276,66.163,98.381,98.344,28.45,45.348,63.609,38.875,45.293,47.544,11.43,30.535,39.202,7.1829,12.532,46.316,36.245,0.098854,10.263,1.5546,23.381,32.311,0.12437,14.039,16.196,12.415,29.646,21.453,21.693,0.32894,0.28681,0.25051,0.099058,3.5613,2.9925,3.2722,22.417,21.93,20.05,20.155,20.323,18.643,18.685,19.576,19.741,18.558,17.071,18.184,18.592,17.609,18.296,17.919,15.726,15.956,2.4008,2.5311,2.282,2.2432,2.5149,2.7319,1.9705,2.3001,4.7918,1.644,4.3254,16.267,24.373,11.77,6.5809,0.06796,1.2242,3.035,4.4399,5.5827,3.6909,3.8921,3.4709,3.7682,3.5784,15.747,13.458,34.517,31.934,25.017,20.721,27.383,22.295,7.2524,8.2485,0.52383,0.35489,84.7,104.78,103.6,92.945,34.145,30.7,36.475,39.577,13.734,24.878,22.975,4.4628,1.9907,2.2615,0.5669,19.185,0.97622,33.669,33.479,15.134,9.3792,5.3741,6.1798,21.661,23.211,34.144,0.3585,0.5012,0.60619,25.336,1.6559,0.85407,5.6096,0.81058,1.9131,2.7569,22.569,22.515,22.285,23.045,22.129,22.292,22.338,22.094,24.111,20.834,20.742,18.141,18.869,15.942,15.888,15.819,8.4536,2.2877,3.0715,2.6236,2.7411,2.9368,14.464,12.133,37.579,4.3542,5.3253,6.3069,6.2174,4.5697,1.803,2.5126,3.3756,3.2405,3.9336,3.8519,33.488,45.027,89.695,55.905,3.1513,22.479,22.262,21.949,20.387,18.459,15.417,15.634,3.0787,3.0537,3.1588,3.1136,3.1013,21.784,22.282,3.2952,3.2509,3.0976
59.017,6.8075,14.082,22.122,0.44854,60.123,122.01,63.665,39.72,18.447,29.865,31.164,6.8845,15.409,0.4548,28.017,0.33101,1.1087,0.37319,0,1.8065,1.3254,1.5289,1.7084,1.6654,19.461,18.453,20.57,13.07,17.266,11.442,10.341,1.3443,1.5437,1.537,4.5577,11.961,3.889,4.4146,2.9504,10.533,28.134,14.004,9.6814,26.855,25.377,0.35852,25.41,27.924,0.99193,2.178,30.48,23.441,24.38,26.861,21.241,18.234,0.73441,0.47046,0.34886,0.34605,0.31118,71.229,65.648,93.871,91.816,25.823,40.159,56.888,36.136,38.443,44.061,10.738,26.372,35.33,4.8185,8.7185,40.487,29.265,0.29278,6.7302,2.3424,17.848,25.866,0.65476,10.111,11.659,8.5564,23.507,16.287,16.679,0.51479,0.52856,0.032597,0.1607,2.0369,1.714,1.8978,17.136,16.686,15.196,15.287,15.43,13.99,13.984,14.755,14.933,14.019,12.622,13.543,13.933,12.983,13.733,13.693,11.369,11.557,1.5043,1.5806,1.4667,1.3376,1.5866,1.9995,1.1704,1.2669,3.7098,0.72632,4.68,11.765,18.767,8.0438,3.9674,0.48518,0.58555,1.9113,2.2869,3.1579,1.8046,1.9617,1.6727,1.8525,1.7468,15.04,10.66,27.726,25.419,19.293,15.533,21.367,16.919,4.5302,5.5927,0.22833,0.012208,84.997,103.41,102.52,91.469,33.853,29.934,32.239,35.71,10.434,19.688,18.917,4.1705,2.3009,1.9674,0.27061,14.257,0.3567,26.972,26.816,10.758,6.0179,2.9441,3.5754,16.607,17.96,27.496,0.61968,0.50859,0.20071,19.578,0.51746,0.31937,3.0939,0.24749,1.0302,1.5104,17.266,17.218,17.025,17.676,16.892,17.035,17.113,16.936,18.609,15.885,15.791,13.536,14.151,11.551,11.573,11.46,6.5746,1.4007,1.9771,1.5127,1.477,2.092,10.193,8.2595,30.497,2.6246,2.8856,3.635,3.5592,2.3405,0.65293,1.0762,1.5461,1.4338,1.9593,1.9109,32.294,44.757,85.248,52.71,1.7951,17.178,16.99,16.714,15.464,13.79,11.098,11.279,1.7096,1.6203,1.7828,1.7603,1.7487,16.557,17.001,1.8644,1.7974,1.7536
68.159,9.8741,11.574,14.61,2.8902,69.502,138.43,44.6,26.324,8.7129,17.747,21.736,1.6385,13.226,3.9895,24.252,1.7012,1.2757,3.2313,1.8065,0,0.037178,0.020624,0.0013953,0.01191,17.295,15.449,17.328,12.149,15.323,9.6184,10.111,0.17242,0.21836,0.34875,0.79781,8.1002,2.1766,8.776,0.51225,13.355,19.812,8.5951,10.127,17.792,16.864,1.2612,17.868,19.613,2.5563,0.017528,20.832,17.898,18.44,20.07,16.551,16.293,4.5737,3.2807,3.1514,2.6747,2.6712,81.984,50.528,71.106,68.122,14.678,24.935,38.462,22.859,24.485,28.828,5.3514,14.389,21.453,0.78344,3.8426,25.248,21.465,3.4724,3.6659,8.2619,12.122,21.351,3.0564,9.5582,7.1562,6.7861,19.488,13.3,15.048,4.25,4.2847,2.3227,2.9608,0.0082182,0.016535,0.0073118,14.089,13.462,13.418,13.497,13.591,12.474,12.174,12.824,13.227,13.151,11.208,11.722,12.336,10.721,12.536,14.066,9.3387,9.4164,0.20065,0.16823,0.26406,0.182,0.18536,0.44424,0.26147,0.10469,0.72557,0.26584,3.2179,8.9735,11.855,3.6461,1.0114,2.8722,0.50313,0.10319,0.74779,0.87334,0.40461,0.37529,0.31749,0.43573,0.32703,24.362,14.4,21.25,19.363,12.87,10.668,15.612,10.879,4.9124,7.1769,3.1221,2.0839,106.75,124.75,82.457,72.063,23.761,19.912,18.865,21.76,3.6428,10.506,9.0618,1.8767,2.159,0.99233,1.1193,8.4077,2.9769,20.75,20.914,6.6227,3.2202,2.5377,1.2264,14.691,15.826,22.645,4.5416,4.1759,2.8851,12.992,0.51539,0.76389,1.5998,0.81072,0.20818,0.022341,14.17,14.129,14.035,14.464,13.961,14.077,14.472,14.609,15.245,14.057,13.88,11.941,12.373,9.4721,10.054,9.52,1.6172,0.1992,0.13253,0.067527,0.020909,0.35604,6.2548,5.6032,21.649,0.084011,1.4547,2.84,1.6352,1.1589,0.33547,0.2187,0.57016,0.72746,0.4943,0.44711,44.595,60.521,99.093,64.752,0.0046715,14.013,13.87,13.606,13.47,12.01,9.0311,9.1523,0.0021739,0.010267,0.0020243,0.0040162,0.0038639,13.346,13.816,0.00058452,0.0011601,0.0051031
66.587,9.1983,11.694,15.448,2.3146,67.896,135.8,47.123,28.039,9.8866,19.254,22.846,2.1693,13.297,3.2594,24.544,1.2797,1.0251,2.6019,1.3254,0.037178,0,0.01453,0.024277,0.027645,17.361,15.636,17.549,12.04,15.358,9.6411,9.9053,0.12042,0.18888,0.30021,1.1123,8.4171,2.1923,7.9182,0.63634,12.711,20.763,9.1348,9.8239,18.852,17.845,0.91247,18.708,20.563,2.1154,0.1054,21.975,18.449,19.048,20.8,16.98,16.327,3.7989,2.6525,2.5249,2.1157,2.1079,80.177,52.503,74.168,71.306,16.064,26.898,40.88,24.553,26.255,30.802,5.9124,15.887,23.228,1.1386,4.3114,27.209,22.34,2.7954,3.8733,7.1906,12.704,21.752,2.4942,9.3988,7.5666,6.8038,19.819,13.487,15.039,3.4922,3.5242,1.7723,2.338,0.077054,0.038733,0.056964,14.284,13.682,13.431,13.511,13.613,12.45,12.193,12.859,13.23,13.033,11.17,11.743,12.324,10.806,12.466,13.771,9.3913,9.4848,0.16793,0.15096,0.21714,0.12772,0.16661,0.44899,0.17201,0.05063,0.93567,0.11061,3.2155,9.1358,12.609,4.046,1.2085,2.3115,0.29465,0.14235,0.74192,0.97407,0.3801,0.37757,0.287,0.41349,0.30571,22.788,13.624,21.933,19.987,13.552,11.127,16.195,11.508,4.6244,6.7148,2.4837,1.5645,103.38,121.43,85.146,74.655,25.007,21.145,20.565,23.546,4.3925,11.591,10.252,1.9912,1.9647,0.9154,0.77767,9.0112,2.3763,21.397,21.515,6.9807,3.39,2.3658,1.3354,14.723,15.888,23.094,3.7572,3.4269,2.2764,13.698,0.29234,0.47954,1.5853,0.50898,0.10563,0.014331,14.372,14.33,14.221,14.682,14.139,14.259,14.609,14.7,15.484,14.077,13.912,11.929,12.387,9.5316,10.033,9.5594,2.109,0.1517,0.17715,0.054093,0.0081691,0.38635,6.5848,5.7494,22.675,0.22596,1.4315,2.7231,1.6823,1.1007,0.15813,0.11808,0.48444,0.60273,0.47872,0.43155,42.586,58.015,96.841,62.769,0.039914,14.225,14.076,13.81,13.514,12.025,9.0892,9.2189,0.025294,0.01888,0.035751,0.034313,0.032506,13.564,14.031,0.046047,0.036678,0.03433
65.966,9.0244,11.034,14.521,2.4459,67.282,135.19,46.38,27.808,9.3651,18.301,21.71,1.95,12.614,3.5321,23.546,1.359,0.97692,2.9525,1.5289,0.020624,0.01453,0,0.012878,0.036886,16.587,14.856,16.714,11.464,14.641,9.0748,9.4318,0.20297,0.27801,0.41756,0.8849,7.7903,1.9205,7.9457,0.46169,12.406,19.689,8.4374,9.4013,17.82,16.843,1.1486,17.696,19.494,2.4797,0.064814,20.86,17.498,18.07,19.758,16.094,15.588,4.0548,2.8153,2.7077,2.2528,2.2534,79.553,52.577,73.443,70.196,15.764,26.091,39.765,24.219,25.142,30.316,6.0125,15.293,22.677,0.93143,3.8259,26.281,21.239,3.1141,3.4516,7.6379,11.889,20.772,2.8717,8.9178,6.947,6.3285,18.9,12.758,14.347,3.8128,3.8554,2.008,2.6295,0.040372,0.050412,0.049383,13.533,12.937,12.768,12.846,12.942,11.826,11.559,12.202,12.576,12.435,10.586,11.119,11.699,10.183,11.861,13.239,8.8206,8.9053,0.25402,0.22619,0.31914,0.21297,0.2461,0.56451,0.27865,0.11178,0.97664,0.19778,3.5365,8.5332,11.774,3.58,0.96087,2.6675,0.43672,0.18254,0.58965,0.76607,0.27898,0.267,0.20276,0.30672,0.21478,22.974,13.382,20.877,18.985,12.697,10.382,15.289,10.721,4.3764,6.4866,2.7084,1.7754,103.83,121.56,85.084,74.522,25.154,21.203,19.948,22.995,3.9923,10.82,9.6903,2.1852,2.2853,1.117,0.98991,8.3098,2.5383,20.36,20.486,6.3935,3.0023,2.1682,1.0932,14.022,15.148,22.074,4.0931,3.7134,2.4792,12.835,0.34065,0.64438,1.3649,0.66919,0.19719,0.033299,13.616,13.575,13.474,13.913,13.397,13.513,13.87,13.976,14.69,13.396,13.23,11.314,11.749,8.9542,9.4732,8.9889,1.9878,0.24019,0.22265,0.098898,0.024034,0.47958,6.0187,5.266,21.549,0.14751,1.2258,2.4775,1.4324,0.9362,0.20233,0.10506,0.39656,0.52078,0.36061,0.31972,42.698,58.322,96.349,62.502,0.036387,13.47,13.326,13.067,12.837,11.397,8.5253,8.6479,0.019826,0.0018739,0.028543,0.031535,0.029931,12.823,13.279,0.028017,0.014761,0.033359
