0,0.025934,0.021257,3.482,1.5598,16.071,41.114,34.991,43.392,9.1791,4.2816,3.1799,0.58228,0.40716,12.184,7.6726,18.289,12.481,4.1968,10.024,16.748,10.293,3.2796,3.2816,4.6134,0.0020304,0.011498,0.26841,0.55325,0.04544,0.14075,6.6171,0.9425,0.50978,22.57,21.901,15.498,54.388,50.321,71.217,55.605,39.367,12.88,13.174,10.328,14.587,9.9537,9.7116,12.153,5.6752,2.8694,11.598,10.409,7.311,11.774,5.5145,4.7862,5.3784,0.61098,0.63324,6.8153,0.72319,1.2615,0.76023,0.56632,0.85849,2.1143,2.8553,74.372,96.392,104.53,87.247,63.706,57.801,26.549,22.857,12.69,13.83,15.382,15.364,10.101,13.927,13.986,8.1242,10.488,11.217,15.766,9.0048,9.9424,9.8326,10.278,10.038,14.461,10.342,6.555,16.279,18.899,16.522,10.843,13.328,11.746,8.5799,5.7335,6.144,5.5889,4.9972,8.4193,4.7034,3.749,4.6809,3.543,3.5954,3.8501,3.5065,4.786,4.6729,4.6317,4.6684,4.5967,4.5825,4.5277,4.3941,4.7675,0.1127,0.34681,26.546,23.059,75.228,15.772,15.506,13.745,10.02,18.978,12.117,6.3833,7.1797,7.2659,3.7191,0.23188,5.9657,0.14215,0.44575,1.0037,0.1597,0.25434,0.27488,1.8753,2.934,4.5989,5.0418,4.1865,4.3397,2.9131,12.743,69.277,91.807,52.368,60.308,16.853,13.322,12.716,17.474,18.887,14.901,19.154,10.915,8.7774,8.6417,10.052,10.382,10.233,10.326,10.75,10.067,10.004,9.4725,9.6831,14.487,15.204,11.687,11.835,11.802,5.2024,4.2601,3.8038,6.3804,7.9166,3.6246,4.2439,3.5376,3.4824,4.5955,4.7879,4.7009,35.926,61.534,2.5285,10.053,9.8494,9.6665,9.7613,9.7456,11.751,11.741,11.498,11.725,4.6534,2.7257,2.4004,14.202,12.827,12.936,13.951,9.8474,9.8906,10.239,11.516,13.296,12.646,15.527,16.173,4.6682,4.6248,0.72138,2.1824,2.317,3.1355,10.004,9.6211,9.7709,9.8109,11.773,11.812,11.685,11.765
0.025934,0,0.086053,2.9102,1.7218,15.912,40.842,35.321,42.877,9.927,4.7953,3.7802,0.85,0.60534,11.529,8.4488,19.155,12.848,4.2956,9.6572,16.281,10.993,3.8886,3.8694,5.249,0.013456,0.0029616,0.40414,0.76561,0.13961,0.046453,7.4012,0.66974,0.74802,21.861,20.858,15.582,55.137,51.151,71.5,55.683,39.602,12.319,12.756,9.7702,15.435,10.865,8.8179,11.186,6.3371,3.3004,12.509,11.224,8.1528,10.711,6.2677,5.5025,6.0125,0.83007,0.9102,7.5853,1.0084,1.6485,1.0476,0.81712,1.0623,1.6984,3.049,74.89,96.47,104.85,87.418,63.219,57.978,26.189,22.09,13.315,14.38,16.024,15.606,10.697,14.461,14.626,7.9121,10.004,10.814,15.184,8.6613,9.5895,9.4606,9.8985,9.6816,15.024,11.267,7.2072,15.94,18.5,15.936,10.291,12.768,11.196,9.4444,6.4488,6.8989,6.2998,5.6552,9.3493,5.4112,4.3375,5.3827,4.1533,4.2158,4.476,4.0924,5.4275,5.3073,5.2683,5.299,5.2267,5.242,5.171,5.0479,5.435,0.044444,0.23914,25.992,22.341,75.206,14.888,14.564,12.897,10.771,19.86,11.738,7.2059,8.0389,6.4634,4.3624,0.37329,6.61,0.28236,0.47687,1.3523,0.2828,0.3549,0.27956,2.3413,3.5088,5.2876,5.6627,4.5619,4.8263,3.0346,13.207,68.841,92.783,52.155,60.004,16.517,13.408,13.187,18.035,19.633,14.014,18.18,10.812,8.7131,8.5788,9.6849,10.017,9.8689,9.972,10.394,9.7148,9.6543,9.1219,9.3203,13.91,14.325,10.965,11.279,11.249,5.8761,4.9299,4.3981,6.9828,7.0646,4.2441,4.9022,4.1478,4.0829,5.2267,5.4082,5.3549,35.421,60.452,2.6924,9.6713,9.4878,9.2998,9.3993,9.3887,11.203,11.194,10.955,11.179,5.2869,2.8999,2.5666,14.734,13.328,13.554,14.54,9.474,9.531,9.8795,11.122,13.884,13.132,16.087,16.804,5.3042,5.2594,0.92139,2.4133,2.4781,3.3601,9.6398,9.2648,9.4037,9.4442,11.22,11.266,11.132,11.214
0.021257,0.086053,0,3.919,1.2867,15.581,40.32,33.829,42.775,8.3258,3.7066,2.7702,0.44478,0.35634,13.17,7.3771,18.235,12.798,4.4968,10.818,17.759,10.208,2.8721,2.9617,4.3441,0.033987,0.059663,0.14354,0.35836,0.011726,0.25822,5.9005,1.1405,0.32706,22.459,22.182,14.833,52.718,48.653,69.671,54.366,38.21,12.836,12.979,10.352,13.528,9.0582,10.217,12.651,5.0018,2.4014,10.627,9.4952,6.5662,12.514,4.8853,4.3619,5.1643,0.40546,0.44012,6.0801,0.59512,1.0234,0.6378,0.46506,0.86822,2.3874,3.014,75.413,97.982,106,88.687,65.392,58.952,27.68,24.143,12.761,14.006,15.501,15.856,10.127,14.121,14.074,8.7744,11.354,12.062,16.815,9.7567,10.726,10.624,11.085,10.827,14.64,9.951,6.3796,17.207,19.916,17.589,11.749,14.306,12.677,8.1926,5.4141,5.7844,5.2658,4.7201,7.8836,4.2906,3.4856,4.2818,3.2085,3.2423,3.5229,3.222,4.5204,4.4104,4.3621,4.4115,4.3354,4.2674,4.2378,4.0711,4.4545,0.17753,0.39974,26.212,22.949,73.866,16.018,15.834,14.007,9.1336,17.793,11.91,5.7233,6.4625,8.0399,3.2432,0.21923,5.7707,0.098672,0.57237,0.78449,0.065258,0.29299,0.22693,1.5823,2.5157,4.2226,4.8263,4.2297,4.2637,3.1379,12.976,70.985,92.608,53.746,61.836,17.791,13.895,12.941,17.723,18.979,16.036,20.43,11.57,9.349,9.2085,10.846,11.185,11.032,11.121,11.558,10.854,10.789,10.242,10.465,15.503,16.346,12.68,12.771,12.736,4.9145,3.883,3.5351,6.2614,8.7099,3.2795,3.8934,3.2024,3.1629,4.332,4.5563,4.4067,35.401,61.231,2.697,10.855,10.635,10.45,10.545,10.526,12.682,12.671,12.419,12.654,4.3909,2.8953,2.5599,14.405,13.026,13.02,14.091,10.64,10.677,11.034,12.365,13.421,12.855,15.734,16.323,4.4024,4.358,0.71946,2.2683,2.4764,3.2795,10.796,10.398,10.558,10.599,12.707,12.744,12.616,12.697
3.482,2.9102,3.919,0,6.1491,15.868,38.674,39.681,38.149,20.181,12.832,13.279,6.904,6.0104,8.9043,20.387,32.781,21.22,9.3164,10.127,16.043,22.494,13.5,13.43,15.518,3.3164,3.0989,4.8627,6.0005,4.3046,2.252,18.429,0.8701,6.3306,15.952,11.774,18.103,63.448,60.465,74.367,56.77,42.817,8.3836,10.22,6.0447,26.429,23.029,2.1074,3.5603,15.962,10.574,24.497,22.168,19.823,2.4801,17.124,16.395,16.396,6.1221,6.9448,18.394,7.3001,8.931,7.3792,6.7496,6.682,0.31675,8.8999,86.86,104.32,115.32,96.055,64.341,65.992,27.55,18.811,24.262,24.659,27.309,22.846,21.187,24.588,25.805,9.9422,9.2006,10.965,13.616,9.3174,10.207,9.8578,10.247,10.263,25.467,24.808,17.907,17.081,19.112,14.363,8.7471,11.301,9.7431,22.251,17.579,18.422,17.369,16.182,22.607,16.227,14.041,16.158,13.955,14.098,14.487,13.714,15.778,15.578,15.55,15.538,15.447,15.696,15.485,15.413,15.993,2.4448,2.1255,21.455,16.315,74.76,7.6723,6.845,6.1675,20.982,30.969,9.6626,18.843,19.991,1.5182,14.232,5.1705,17.165,4.9909,4.2491,8.2069,4.6586,4.7719,3.3081,10.465,12.673,15.954,15.879,12.376,13.723,8.1547,22.566,70.656,109.81,55.924,63.012,17.723,18.923,22.614,28.621,32.126,8.8881,12.324,14.192,12.376,12.247,10.157,10.522,10.377,10.601,11.025,10.346,10.305,9.7313,9.8093,12.313,9.3205,7.5354,9.7655,9.762,16.57,15.363,14.161,17.204,1.556,14.133,15.257,13.947,13.8,15.456,15.58,15.792,31.034,49.489,8.2003,9.9807,10.002,9.7459,9.9037,9.9476,9.7642,9.7704,9.5668,9.7579,15.546,8.5381,8.0812,24.858,23.065,24.454,25.212,9.8577,10.07,10.447,11.389,24.504,22.707,26.556,28.017,15.588,15.523,6.4661,8.5488,7.9307,9.5579,10.134,9.8215,9.8499,9.9002,9.7213,9.8587,9.63,9.7423
1.5598,1.7218,1.2867,6.1491,0,8.7895,28.542,22.028,31.397,4.0538,1.2475,3.2236,1.8294,2.3332,22.058,10.788,25.61,21.065,10.351,19.482,28.522,15.802,3.4257,4.514,6.9603,1.5974,1.6772,0.62312,0.52595,1.371,2.1041,3.7498,2.6108,0.86755,16.261,18.507,7.6626,37.539,34.164,52.356,39.503,25.709,8.7145,8.0081,7.1799,7.3121,5.5501,10.749,12.483,2.433,0.69898,6.1112,4.9674,4.5072,14.796,3.6498,5.5646,8.5076,0.48556,1.1567,3.5643,2.2479,2.0344,2.3834,2.1963,3.7002,3.6978,7.7537,94.587,120.89,129.28,110.36,84.996,76.803,40.9,36.131,19.823,21.876,23.371,25.436,16.369,22.104,21.497,16.779,20.026,21.125,27.132,18.052,19.373,19.211,19.832,19.506,22.648,13.298,10.386,27.898,31.309,28.133,20.409,23.865,21.69,11.095,8.009,8.1664,7.7778,7.4147,9.3366,5.5786,5.7977,5.7043,4.7482,4.6163,5.287,5.2318,7.234,7.1071,6.9831,7.1549,7.0133,6.4661,6.6407,6.1183,6.7462,1.532,1.2744,18.279,16.677,56.529,13.16,13.615,11.658,4.4456,10.178,7.1084,4.6407,4.9157,12.895,3.1623,2.2443,9.4521,1.702,3.5608,1.736,0.84849,2.6712,0.66781,2.5016,2.6473,5.8406,8.042,8.9064,8.2512,8.1731,20.911,91.319,112.3,71.474,80.826,28.642,23.293,20.835,26.649,27.319,25.015,30.589,20.523,17.506,17.314,19.521,19.983,19.776,19.908,20.497,19.547,19.46,18.712,19.004,25.418,25.494,21.107,21.804,21.763,7.5926,5.3382,5.8247,10.617,13.42,4.7524,5.6104,4.7321,4.8229,6.9918,7.5519,6.8407,25.332,49.427,7.3258,19.515,19.239,18.979,19.115,19.095,21.7,21.688,21.355,21.666,7.0802,7.623,7.0871,22.485,20.81,20.208,21.795,19.231,19.298,19.785,21.542,20.911,20.653,24.093,24.506,7.0704,7.0007,3.3645,6.3382,6.9611,8.0753,19.455,18.92,19.126,19.183,21.721,21.789,21.598,21.713
16.071,15.912,15.581,15.868,8.7895,0,5.7755,5.804,6.9906,11.649,10.902,21.266,18.601,19.854,47.861,38.311,64.243,56.508,36.684,47.881,61.185,48.065,21.819,25.226,30.913,16.013,16.012,13.635,13.582,16.173,16.081,17.159,13.67,15.16,2.9541,7.9764,0.56823,17.293,16.568,21.539,12.706,6.6655,2.3289,1.0215,3.2577,11.043,16.888,12.596,11.747,13.433,11.378,14.881,12.652,18.784,19.261,19.057,26.793,34.301,13.392,16.323,15.886,19.895,19.16,20.291,19.667,23.466,12.779,32.28,159.54,190.54,202.45,177.87,140.01,134.62,81.011,68.626,55.01,58.304,60.813,62.85,49.148,58.646,57.774,45.19,47.158,50.148,57.396,45.763,47.878,47.353,48.304,48.053,59.569,42.293,38.073,61.783,66.328,58.927,46.762,52.43,48.973,38.29,32.782,32.831,32.291,31.814,33.549,26.933,28.457,27.336,25.674,25.23,26.957,27.091,31.5,31.252,30.959,31.378,31.063,29.615,30.133,28.818,30.221,14.539,12.624,2.2433,3.0751,22.315,6.4568,7.9156,6.6517,11.01,10.707,0.98653,21.2,20.692,26.784,20.313,19.265,36.221,17.632,21.831,18.288,14.497,20.145,12.143,20.26,19.588,27.827,33.364,35.267,34.071,32.662,56.564,148.76,183.6,124.71,136.29,62.974,58.531,56.457,65.893,67.098,48.507,56.142,52.546,47.93,47.619,47.947,48.736,48.404,48.76,49.711,48.179,48.061,46.793,47.127,54.696,49.509,45.004,49.072,49.043,32.121,26.701,28.49,38.649,26.397,25.608,27.517,25.632,25.949,31.008,32.306,30.531,4.3762,17.712,31.242,47.743,47.539,47.034,47.325,47.358,49.009,49.011,48.521,48.98,31.196,31.906,30.769,59.256,56.485,55.646,58.223,47.37,47.664,48.489,50.954,56.782,56.197,61.872,62.619,31.16,31.01,22.611,29.563,30.479,33.085,47.867,47.069,47.274,47.378,48.96,49.197,48.756,48.986
41.114,40.842,40.32,38.674,28.542,5.7755,0,3.744,0.5668,28.578,30.307,47.546,44.823,46.929,84.619,72.121,107.23,98.321,71.567,85.96,103.2,86.144,48.371,53.817,62.115,41.02,41.012,37.063,36.812,41.254,41.04,38.927,36.695,39.362,6.5786,14.995,7.0391,10.515,11.796,7.199,2.4178,2.4952,11.392,9.132,14.407,24.374,36.5,29.694,26.869,33.526,31.911,32.305,29.449,41.112,39.109,42.622,55.428,67.075,36.473,41.151,36.771,46.81,45.317,47.421,46.537,52.436,34.561,65.333,226.02,262.37,276.54,247.59,201.12,196.08,129.04,111.43,95.811,100.39,103.48,106.73,87.988,100.88,99.456,82.803,84.52,88.869,97.724,83.185,86.005,85.23,86.483,86.226,102.04,76.896,72.403,104.44,110.14,99.721,83.671,91.246,86.665,71.547,64.437,64.271,63.739,63.328,64.065,55.7,58.703,56.358,54.378,53.637,56.246,56.664,62.951,62.622,62.178,62.827,62.365,60.059,60.92,58.897,60.918,38.593,35.388,3.0667,6.4783,6.0205,16.245,18.734,17.773,27.053,21.207,9.7113,45.531,44.244,53.853,45.7,46.089,69.794,43.532,50.06,44.075,38.507,47.482,34.667,46.711,45.009,57.191,65.778,69.321,67.322,65.906,98.257,211.78,254.06,183.46,197.22,106.01,101.04,98.103,110.35,111.43,84.012,93.67,92.9,86.8,86.384,86.048,87.112,86.671,87.186,88.452,86.411,86.26,84.55,84.958,94.174,85.435,80.344,86.77,86.743,63.697,55.594,58.724,73.426,52.841,54.224,56.907,54.314,54.853,62.278,64.238,61.452,0.85971,6.8138,63.868,85.721,85.518,84.82,85.229,85.29,86.72,86.729,86.091,86.689,62.544,64.811,63.189,101.69,98.083,96.681,100.19,85.247,85.693,86.804,89.979,98.28,97.729,105.08,105.89,62.478,62.264,51.151,61.393,62.775,66.454,85.95,84.904,85.141,85.283,86.628,86.984,86.355,86.674
34.991,35.321,33.829,39.681,22.028,5.804,3.744,0,7.1469,16.14,19.951,34.765,35.758,38.456,83.593,55.782,87.944,84.832,62.543,81.44,98.957,69.748,35.436,40.684,47.896,35.066,35.282,30.061,28.998,34.363,36.274,25.058,34.327,31.054,13.186,24.601,4.2195,3.1015,3.0553,6.5817,3.216,0.24562,15.203,11.554,17.734,11.585,21.674,35.498,33.904,21.375,22.236,17.94,16.286,26.482,46.21,28.715,40.855,52.538,28.617,32.279,23.248,37.403,34.937,37.945,37.522,43.498,34.05,55.641,205.61,245.74,256.79,230.36,193.05,180.54,122.33,110.36,79.675,84.816,86.748,94.201,72.586,85.45,82.96,76.66,81.459,84.612,95.12,78.545,81.32,80.813,82.081,81.574,86.238,58.733,57.334,98.636,104.76,97.064,81.463,88.719,84.263,54.342,49.234,48.672,48.628,48.792,46.714,41.193,45.212,41.864,40.971,40.181,42.541,43.344,48.613,48.381,47.944,48.61,48.186,45.735,46.703,44.714,46.45,33.729,31.237,8.5447,13.24,9.2113,23.497,26.402,24.337,14.772,8.6435,11.562,30.689,29.159,56.524,32.63,38.302,54.974,35.955,43.202,34.202,31.522,40.041,29.316,35.39,32.694,42.771,51.465,57.392,54.327,56.977,83.72,202.73,227.71,172.83,187.14,100.08,90.538,83.498,94.147,93.196,85.834,96.028,84.965,78.745,78.336,81.523,82.516,82.086,82.451,83.676,81.698,81.529,79.919,80.448,91.705,87.074,80.361,84.433,84.377,48.974,41.484,45.17,58.817,56.196,40.734,42.819,40.912,41.512,48.093,50.034,47.088,6.7125,20.659,54.599,81.385,80.962,80.361,80.693,80.692,84.299,84.291,83.634,84.25,48.318,55.367,53.937,86.238,83.151,80.567,84.208,80.844,81.105,82.149,85.559,82.409,82.979,89.162,89.165,48.229,48.045,42.347,51.546,53.606,56.35,81.402,80.32,80.672,80.799,84.277,84.52,84.016,84.292
43.392,42.877,42.775,38.149,31.397,6.9906,0.5668,7.1469,0,34.127,34.793,52.506,48.237,50.028,83.852,77.978,113.61,102.36,74.287,86.549,103.37,91.692,53.375,58.744,67.292,43.229,43.128,39.834,39.937,43.849,42.757,44.695,37.563,42.618,5.2147,12.113,9.3892,15.82,17.498,10.257,4.5675,5.4391,10.771,9.1653,13.824,30.35,42.836,27.611,24.428,38.708,36.024,38.62,35.311,47.154,36.27,48.264,60.953,72.261,39.628,44.593,42.464,50.312,49.285,50.936,49.879,55.581,34.75,68.474,231.02,265.38,280.68,251.01,201.39,199.44,129.77,110.2,101.04,105.29,108.81,110.21,93.061,105.7,104.76,84.105,84.555,89.297,97.337,83.875,86.659,85.792,87.015,86.863,106.99,83.453,77.69,105.21,110.64,99.319,83.385,90.945,86.4,77.809,69.988,70.005,69.269,68.612,70.603,61.187,63.651,61.82,59.411,58.714,61.357,61.593,68.157,67.795,67.36,67.983,67.516,65.339,66.127,64.147,66.237,40.422,37.02,2.3935,5.0675,7.6406,14.13,16.365,15.841,32.606,27.31,9.935,51.504,50.38,52.3,50.851,48.922,75.036,46.35,52.394,47.861,41.225,50.13,36.819,51.049,49.842,62.595,70.898,73.318,71.828,68.713,102.75,212.31,261.24,184.98,198.34,106.79,103.78,102.62,115.31,117.26,82.154,91.43,94.736,88.803,88.393,86.638,87.709,87.272,87.837,89.095,87.069,86.927,85.211,85.562,93.797,83.62,79.253,86.478,86.463,69.054,60.905,63.699,78.486,51.051,59.298,62.17,59.346,59.842,67.435,69.351,66.712,0.36931,3.5633,66.867,86.24,86.129,85.406,85.838,85.923,86.46,86.476,85.858,86.438,67.712,67.861,66.196,106.5,102.74,101.88,105.26,85.803,86.314,87.43,90.451,103.34,102.32,110.03,111.17,67.658,67.436,54.274,64.695,65.757,69.743,86.55,85.538,85.725,85.87,86.343,86.736,86.07,86.401
9.1791,9.927,8.3258,20.181,4.0538,11.649,28.578,16.14,34.127,0,0.92342,4.3485,6.9538,8.6077,42.165,12.52,29.587,30.642,20.662,36.58,48.256,20.006,4.5439,6.6285,9.4456,9.3788,9.6973,6.3288,5.2332,8.179,11.146,1.0147,13.108,5.6152,24.986,32.503,7.8426,24.866,21.241,42.572,33.662,20.19,17.632,14.852,16.81,0.74133,0.49639,26.6,28.497,0.56851,1.7844,0.25898,0.047606,1.2784,33.688,1.9409,6.1419,11.581,5.0578,5.6632,0.68026,7.4125,5.6928,7.6002,7.7603,10.594,15.473,16.253,111.29,144.87,151.22,132.44,111.91,95.819,61.527,59.779,25.926,29.35,29.935,37.284,22.104,29.823,27.732,31.839,38.282,38.89,47.646,34.629,36.32,36.3,37.117,36.516,30.106,13.521,13.806,46.317,50.874,48.866,39.322,43.565,40.857,11.559,9.6954,9.2951,9.4409,9.7415,8.014,6.3062,8.5055,6.5971,6.632,6.27,7.1954,7.726,9.7385,9.6682,9.4621,9.7889,9.6019,8.3877,8.8825,7.9756,8.662,9.9307,9.6813,24.115,25.438,49.72,26.244,27.761,24.787,0.035321,2.1715,13.697,2.3715,1.9195,31.264,3.4429,9.114,12.692,8.2507,12.274,5.7246,6.9179,10.221,7.6295,5.3127,3.7682,7.0171,11.145,15.571,13.282,17.614,29.279,118.3,124.92,94.211,105.45,47.156,36.527,29.101,34.851,33.238,47.471,54.827,35.264,31.236,30.988,36.626,37.176,36.915,36.979,37.71,36.526,36.401,35.499,35.966,45.573,48,41.505,41.045,40.973,9.7531,6.5712,8.4575,14.801,32.16,6.4937,7.1629,6.609,6.898,9.5544,10.486,9.0014,28.998,57.389,16.03,36.754,36.239,35.97,36.091,36.021,40.859,40.832,40.391,40.804,9.6444,16.304,15.689,30.299,28.692,26.474,28.755,36.336,36.292,36.877,39.311,27.716,28.694,31.86,31.433,9.5922,9.5168,10.148,13.943,15.578,16.315,36.525,35.803,36.154,36.216,40.93,40.947,40.779,40.9
4.2816,4.7953,3.7066,12.832,1.2475,10.902,30.307,19.951,34.793,0.92342,0,2.0492,2.9761,4.0506,30.703,9.126,24.225,23.052,13.535,26.238,36.365,15.096,2.2171,3.6549,6.025,4.4171,4.6359,2.4173,1.7644,3.6191,5.6587,0.84379,7.2231,2.021,22.008,26.926,8.1472,32.06,28.318,49.391,38.369,24.08,13.967,12.167,12.613,3.1258,1.5423,19.12,21.168,0.21733,0.14168,1.8849,1.3506,1.253,24.62,1.1377,3.811,7.7378,1.6624,2.101,0.67035,3.3407,2.3399,3.4824,3.5252,5.565,9.1882,10.093,97.951,127.87,134.82,116.48,94.869,82.066,48.59,46.152,19.912,22.615,23.519,28.508,16.464,22.969,21.565,22.407,27.532,28.196,35.614,24.58,26.036,25.984,26.685,26.2,23.336,10.675,9.6433,34.908,38.855,36.69,28.346,32.045,29.686,8.7609,6.5609,6.4195,6.3393,6.353,6.2739,3.8972,5.0976,4.0901,3.743,3.511,4.2309,4.4831,6.2821,6.197,6.0423,6.2783,6.1267,5.289,5.6107,4.9446,5.5376,4.8151,4.7059,22.666,22.469,55.504,20.744,21.698,19.119,1.2076,5.476,11.051,1.7189,1.66,21.612,1.5986,4.334,8.6898,3.7089,6.5608,2.2738,2.7885,5.0973,3.2896,2.2839,1.5662,4.3525,7.3293,10.072,8.5606,11.036,22.212,101.02,112.86,79.192,89.395,35.666,27.32,22.082,27.547,26.908,35.158,41.538,25.661,22.225,22.012,26.278,26.761,26.534,26.61,27.246,26.218,26.112,25.324,25.709,33.787,35.62,30.078,29.842,29.784,6.4278,3.9354,5.0826,10.267,22.422,3.6746,4.3371,3.7254,3.9061,6.0937,6.7954,5.7488,28.946,56.349,9.8312,26.364,25.949,25.706,25.82,25.768,29.689,29.668,29.289,29.644,6.1744,10.084,9.556,23.383,21.84,20.366,22.25,26.014,25.999,26.511,28.581,21.329,21.783,24.878,24.797,6.1433,6.0775,5.2136,8.2962,9.4529,10.229,26.195,25.579,25.865,25.921,29.744,29.77,29.613,29.722
3.1799,3.7802,2.7702,13.279,3.2236,21.266,47.546,34.765,52.506,4.3485,2.0492,0,1.0859,1.6825,22.93,2.5569,12.192,11.904,6.586,17.575,25.41,6.0298,0.0035693,0.24339,1.0508,3.3426,3.5731,2.2294,1.665,2.4695,4.6522,1.3935,7.4275,1.3367,33.852,36.888,18.008,49.506,44.547,71.486,58.144,40.178,22.539,21.247,19.949,8.6416,3.319,23.065,26.309,1.8035,1.5553,4.9554,4.8286,1.4494,27.003,0.63658,0.32514,1.8346,1.6482,1.0323,1.7473,1.0346,0.44364,1.0482,1.2584,2.0744,10.182,4.1909,72.16,99.077,104.6,88.897,72.63,59.374,34.04,34.847,9.2655,11.235,11.762,16.186,6.9882,11.509,10.391,13.962,19.338,19.166,25.702,16.296,17.339,17.443,17.967,17.477,11.726,3.5804,2.8128,23.524,26.812,26.504,20.445,23.019,21.321,2.4851,1.289,1.2596,1.1917,1.1863,1.5947,0.33605,0.70657,0.38052,0.25625,0.19592,0.39218,0.4911,1.1586,1.1242,1.0577,1.1606,1.0957,0.75416,0.87945,0.62767,0.85032,4.3342,5.0027,36.108,34.447,78.869,29.008,29.374,26.581,5.1559,12.653,19.753,0.73827,1.1265,19.625,0.060898,2.1356,2.3102,2.0577,3.5735,0.61076,2.2616,2.6114,3.686,0.1835,0.034821,0.44527,1.6443,3.5095,2.4307,5.0484,11.098,77.629,84.534,58.245,67.195,24.061,15.868,10.993,14.764,14.124,28.213,33.43,15.554,12.98,12.828,17.602,17.921,17.759,17.737,18.188,17.458,17.371,16.844,17.191,24.376,28.423,23.168,21.475,21.414,1.2186,0.31452,0.6967,3.191,20.823,0.23639,0.42628,0.25163,0.30459,1.0813,1.3954,0.93359,44.936,76.923,4.1929,17.766,17.344,17.216,17.259,17.187,21.312,21.286,20.992,21.267,1.1148,4.2758,4.039,11.804,10.769,9.5829,10.926,17.472,17.363,17.705,19.369,10.284,10.756,12.83,12.685,1.1007,1.0732,1.9789,3.1032,4.011,4.128,17.528,17.056,17.327,17.36,21.394,21.347,21.304,21.359
0.58228,0.85,0.44478,6.904,1.8294,18.601,44.823,35.758,48.237,6.9538,2.9761,1.0859,0,0.091233,15.182,4.3474,14.027,10.548,3.8822,11.637,18.586,7.0683,1.1304,1.111,2.076,0.65223,0.75265,0.44564,0.39431,0.31604,1.2732,3.949,2.9957,0.17753,27.717,28.368,16.888,53.522,48.974,72.902,57.983,40.681,17.046,16.747,14.357,12.115,6.8334,14.922,17.808,3.6583,1.8742,8.6017,7.8843,4.3491,17.593,2.8834,2.0304,2.7571,0.43013,0.089377,4.2624,0.021863,0.14189,0.036772,0.02349,0.40787,4.8879,2.2158,70.333,94.046,100.98,84.6,64.54,55.605,27.558,26.013,9.6502,11.054,12.153,13.884,7.3028,11.216,10.825,9.0626,12.675,12.955,18.224,10.55,11.489,11.481,11.941,11.6,11.606,6.2964,3.7618,17.499,20.326,18.972,13.364,15.774,14.21,4.8859,2.8086,3.0514,2.6954,2.34,4.5861,1.9783,1.4803,1.9683,1.2641,1.2876,1.467,1.288,2.2076,2.1314,2.0886,2.139,2.0787,1.9804,1.9794,1.8386,2.1143,1.1792,1.6663,31.153,28.263,78.407,21.361,21.293,19.092,7.8325,16.515,15.475,3.3934,4.068,11.489,1.4812,0.18786,3.2521,0.15683,0.82117,0.079635,0.36078,0.36611,1.0986,0.38067,1.005,1.9265,2.5014,2.6645,2.36,2.59,10.38,69.765,85.463,52.091,60.318,18.037,12.627,10.323,14.514,15.093,19.023,23.553,11.203,8.9729,8.8369,11.663,11.973,11.825,11.861,12.278,11.606,11.535,11.031,11.293,16.976,19.263,15.069,14.326,14.281,2.4708,1.7004,1.5093,3.7875,12.4,1.3093,1.7076,1.2603,1.2364,2.0739,2.2776,2.096,40.559,69.209,2.0485,11.738,11.445,11.296,11.363,11.322,14.209,14.191,13.936,14.175,2.1173,2.1826,1.9219,11.487,10.3,9.9117,11.007,11.502,11.474,11.803,13.197,10.385,10.192,12.645,12.963,2.122,2.0889,0.31286,1.4443,1.8684,2.3371,11.606,11.201,11.398,11.433,14.258,14.254,14.173,14.237
0.40716,0.60534,0.35634,6.0104,2.3332,19.854,46.929,38.456,50.028,8.6077,4.0506,1.6825,0.091233,0,12.921,4.5449,13.546,9.4074,2.9446,9.7007,16.147,6.7694,1.7162,1.4831,2.2893,0.4581,0.52853,0.58253,0.66648,0.24233,0.92105,5.2286,2.5415,0.40298,28.318,28.154,18.452,57.284,52.681,76.62,61.028,43.423,17.39,17.394,14.521,14.242,8.4995,14.042,16.991,4.899,2.7216,10.463,9.6538,5.6673,16.209,3.9559,2.5959,2.8286,0.72577,0.3187,5.5986,0.07839,0.42205,0.077475,0.031216,0.157,4.3245,1.5864,67.233,89.794,96.891,80.678,60.373,52.426,24.748,23.043,8.9939,10.169,11.359,12.366,6.777,10.293,10.114,7.4054,10.622,10.907,15.759,8.708,9.5705,9.5552,9.9774,9.671,10.707,6.6516,3.7229,15.2,17.832,16.459,11.247,13.477,12.028,5.268,3.104,3.4268,3.0026,2.5601,5.3123,2.5189,1.7062,2.4771,1.6607,1.7261,1.8354,1.5699,2.4079,2.328,2.3021,2.323,2.2747,2.2978,2.2415,2.1797,2.4216,0.94741,1.4887,32.24,28.868,81.832,21.144,20.898,18.813,9.5695,18.946,16.128,4.5042,5.3045,9.8626,2.2232,0.031772,3.2682,0.081024,0.37104,0.3337,0.42666,0.10182,1.1147,0.75581,1.6389,2.3846,2.5846,2.2253,2.1627,1.8329,9.3975,65.508,82.711,48.555,56.449,15.709,10.993,9.3563,13.435,14.309,16.517,20.734,9.4692,7.4309,7.3063,9.7249,10.012,9.8759,9.9142,10.299,9.6782,9.6138,9.1481,9.3846,14.592,16.733,12.831,12.134,12.093,2.7094,2.1715,1.7453,3.6323,10.753,1.7277,2.1169,1.6587,1.6001,2.2746,2.4027,2.3625,42.107,70.527,1.4115,9.7884,9.5257,9.3861,9.4495,9.4145,12.027,12.011,11.776,11.996,2.3144,1.5366,1.3067,10.544,9.3836,9.2246,10.191,9.5738,9.5535,9.8581,11.136,9.6093,9.2578,11.674,12.096,2.3258,2.2961,0.094348,0.98078,1.2565,1.7273,9.6733,9.3026,9.4805,9.5129,12.071,12.069,11.993,12.053
12.184,11.529,13.17,8.9043,22.058,47.861,84.619,83.593,83.852,42.165,30.703,22.93,15.182,12.921,0,21.386,22.689,10.438,6.0306,0.82411,1.3827,17.823,22.848,20.136,19.167,12.002,11.706,16.061,17.78,13.256,10.538,34.52,10.799,17.006,48.247,38.375,50.28,115.08,109.94,133.43,109.88,88.959,34.518,38.167,29.587,53.348,42.367,16.752,20.359,33.615,26.676,46.572,44.611,35.464,12.953,30.834,23.605,18.073,18.116,17.007,35.526,14.788,17.809,14.608,14.144,11.248,11.178,8.3148,45.897,54.74,63.938,49.521,25.717,29.821,5.8358,1.8674,15.86,14.323,16.652,8.9347,15.115,14,16.37,1.8942,0.28505,0.70357,0.5666,0.93778,0.90428,0.78445,0.7646,0.88581,14.71,25.461,17.716,2.1698,2.5009,0.71374,0.10309,0.23915,0.12981,24.324,21.008,22.292,21.038,19.539,28.392,23.235,18.68,22.82,20.618,21.176,20.486,19.184,19.141,19.011,19.181,18.857,18.947,20.396,19.687,20.545,20.412,11.975,13.098,57.925,48.845,134.95,31.498,29.135,28.484,44.086,61.574,37.013,31.895,34.178,4.0905,25.186,12.148,17.887,13.119,8.9914,17.381,15.076,10.931,15.068,19.317,23.288,22.132,17.949,11.329,14.163,7.0177,12.351,29.868,65.85,21.443,25.414,2.3634,6.0492,12.489,15.375,19.83,0.54293,1.0734,3.1885,3.3971,3.4057,0.82573,0.85203,0.84937,0.92,0.9397,0.9145,0.92456,0.89995,0.83298,0.34582,0.48662,0.11431,0.11925,0.12402,19.917,22.048,18.841,16.238,4.6941,20.946,21.271,20.637,20.17,19.002,18.25,19.871,73.145,98.324,8.0203,0.7405,0.8464,0.81036,0.84101,0.8706,0.13335,0.13655,0.1373,0.13665,19.003,8.0531,8.1695,14.011,13.132,15.732,15.194,0.77743,0.86027,0.88246,0.78643,15.069,12.79,14.858,16.55,19.094,19.102,11.553,9.6548,8.152,8.7123,0.8373,0.86976,0.81006,0.81525,0.12052,0.1431,0.1169,0.12629
7.6726,8.4488,7.3771,20.387,10.788,38.311,72.121,55.782,77.978,12.52,9.126,2.5569,4.3474,4.5449,21.386,0,3.6493,5.1096,4.7117,14.616,20.163,0.92686,2.3708,1.3642,0.42453,7.8877,8.1629,7.5224,6.9296,6.8014,9.44,6.4328,13.796,5.9343,53.362,54.925,34.126,72.662,66.271,100.36,84.867,62.718,38.314,37.338,34.399,18.886,9.4657,34.429,39.068,8.1474,8.0858,12.484,12.947,6.0185,36.969,4.6025,1.16,0.21783,6.9929,5.1569,7.3731,3.8233,3.5068,3.6966,4.1445,3.7278,17.624,3.283,49.472,73.887,77.504,64.855,55.355,40.548,24.777,29.709,2.5935,3.8991,3.8752,8.3381,1.6136,4.1125,3.131,10.987,17.069,15.874,21.753,13.707,14.323,14.623,14.97,14.439,4.124,0.22284,0.17577,17.611,20.293,22.27,18.599,19.983,18.974,0.099735,0.2165,0.24298,0.25886,0.31823,0.81063,1.104,0.77937,0.99944,1.2605,1.3675,0.99526,0.99457,0.3634,0.39453,0.4188,0.38879,0.4177,0.55922,0.50055,0.67472,0.47949,9.6419,11.205,57.078,54.116,109.59,44.975,44.804,41.632,13.881,24.62,35.376,4.0801,4.8873,24.503,3.0954,5.2705,0.16774,5.7795,6.0425,3.985,7.2126,5.5047,9.8142,2.9016,3.1861,0.8742,0.28194,1.6032,0.80867,4.1651,4.1851,59.042,58.403,41.909,49.666,17.907,9.2007,4.096,5.9122,4.9729,27.928,32.04,10.628,8.9133,8.8253,14.629,14.773,14.677,14.534,14.79,14.374,14.304,14.057,14.381,20.958,27.855,22.655,19.137,19.069,0.28004,1.0798,0.76564,0.37139,26.195,1.2779,0.90013,1.2699,1.2019,0.42113,0.33865,0.44766,68.551,106.36,3.615,14.901,14.438,14.443,14.402,14.302,18.952,18.918,18.708,18.904,0.4008,3.5001,3.587,4.2852,3.8412,2.776,3.5872,14.654,14.421,14.583,15.867,3.2462,3.8996,4.7668,4.4373,0.40061,0.41644,3.912,2.8936,3.6474,2.958,14.563,14.232,14.504,14.512,19.072,18.933,19.025,19.018
18.289,19.155,18.235,32.781,25.61,64.243,107.23,87.944,113.61,29.587,24.225,12.192,14.027,13.546,22.689,3.6493,0,2.3966,7.5057,14.869,17.286,1.1817,11.789,9.1616,6.1459,18.533,18.814,19.422,18.988,17.388,20.123,19.654,26.016,17.219,81.003,79.867,59.506,108.57,100.59,142.28,123.57,96.557,61.632,61.414,56.059,38.815,24.401,51.36,57.569,22.7,22.289,29.159,30.12,18.794,51.713,16.396,8.9228,4.6899,19.169,15.945,21.296,12.952,13.239,12.655,13.309,11.224,30.831,7.5322,27.155,47.311,49.126,39.957,37.3,22.222,17.121,26.208,0.68479,0.96651,0.4837,3.9828,1.2643,1.064,0.52214,11.612,17.892,15.617,20.218,14.483,14.538,15.036,15.144,14.617,0.8892,3.2415,3.4108,14.221,15.988,20.365,19.782,19.65,19.534,4.1882,5.5783,5.7755,5.7854,5.7923,7.0782,8.7613,7.2605,8.4541,8.9682,9.3111,8.2378,8.0108,5.8871,5.9827,6.1268,5.9147,6.0599,6.8833,6.5523,7.2888,6.6028,21.044,23.633,86.945,81.933,153.07,67.716,66.725,63.313,31.653,46.798,58.963,15.264,16.691,33.508,13.439,14.471,4.0047,15.715,14.127,14.011,18.651,14.298,22.433,12.399,13.504,8.0566,5.0404,5.057,4.9009,8.2626,1.567,39.469,32.917,25.731,31.757,14.223,5.9355,1.5155,1.1005,0.25372,30.226,32.73,9.0743,8.5383,8.5337,14.864,14.789,14.781,14.512,14.518,14.505,14.461,14.565,14.831,20.099,29.819,25.084,19.692,19.623,5.705,8.6376,7.2567,3.2509,35.696,9.0555,8.0623,8.995,8.7503,6.0888,5.48,6.3921,101.87,145.55,8.2038,15.234,14.771,14.929,14.794,14.671,19.497,19.458,19.365,19.45,6.0064,7.8665,8.34,1.0772,1.2991,0.68145,0.74966,15.067,14.714,14.648,15.368,0.78342,1.4094,0.94304,0.56266,6.0302,6.0969,11.75,8.1151,8.4989,6.9561,14.813,14.679,14.926,14.903,19.651,19.418,19.659,19.582
12.481,12.848,12.798,21.22,21.065,56.508,98.321,84.832,102.36,30.642,23.052,11.904,10.548,9.4074,10.438,5.1096,2.3966,0,2.4752,5.3978,6.8878,1.9439,11.588,8.7732,6.2364,12.585,12.675,14.655,14.954,12.235,13.161,21.095,17.326,13.442,67.975,63.662,54.104,109.45,102.26,138.63,117.98,92.527,50.063,51.208,44.541,40.802,27.043,36.665,42.16,22.953,20.331,31.787,31.823,20.793,35.419,17.554,9.7674,4.7788,15.198,12.544,22.593,9.6468,10.904,9.3713,9.6731,7.1537,20.759,3.3972,26.406,42.372,46.472,35.894,26.856,18.148,7.7951,12.935,0.74615,0.32086,0.73104,0.39504,1.0367,0.26694,0.73907,3.6198,7.2883,5.8062,8.7013,5.2291,5.1999,5.5117,5.5529,5.2428,0.36894,6.1348,3.6861,5.0574,6.2558,8.8125,8.5227,8.332,8.3055,6.4914,6.4369,7.0131,6.6011,6.1008,9.9879,9.5259,6.8914,9.1632,8.7962,9.2339,8.2196,7.612,6.036,6.0627,6.2272,5.96,6.0979,7.1968,6.7131,7.5453,6.9957,14.325,16.525,75.382,68.812,146.47,53.054,51.525,49.01,32.729,49.087,49.142,17.094,18.867,19.767,13.558,9.7855,4.1979,11.01,8.3939,11.305,13.767,9.2246,16.401,10.825,12.965,8.6418,4.9992,2.6747,3.5782,3.4365,0.094394,29.537,36.59,17.903,23.075,5.0947,0.84107,0.10992,0.57692,1.5075,15.74,17.428,2.1468,1.9746,1.9826,5.393,5.3307,5.333,5.1647,5.1504,5.1733,5.15,5.2454,5.3945,8.6148,15.417,12.183,8.407,8.3622,6.1638,9.0381,6.9435,3.0516,21.476,8.9706,8.3566,8.8222,8.4859,6.138,5.43,6.6572,90.742,128.83,3.7798,5.6209,5.3476,5.456,5.3671,5.2928,8.2806,8.2549,8.2051,8.2507,6.0774,3.5442,3.9364,0.26391,0.18371,0.68285,0.47608,5.5297,5.3104,5.2516,5.644,0.49392,0.14841,0.39649,0.70206,6.126,6.1783,7.6398,4.3278,4.0462,3.1211,5.3645,5.3054,5.4475,5.4309,8.3823,8.2252,8.3919,8.3363
4.1968,4.2956,4.4968,9.3164,10.351,36.684,71.567,62.543,74.287,20.662,13.535,6.586,3.8822,2.9446,6.0306,4.7117,7.5057,2.4752,0,2.8735,6.178,3.6397,6.4567,4.7024,3.8197,4.2235,4.2298,5.8996,6.3903,4.242,4.3537,13.973,6.7284,5.5259,44.768,41.037,35.629,86.175,80.429,109.26,90.086,68.682,30.49,31.666,26.153,29.199,19.215,20.285,24.384,14.408,11.119,22.733,22.037,14.214,19.914,11.317,6.2294,3.2379,6.5781,5.132,14.92,3.4383,4.6732,3.2921,3.3036,1.776,8.898,0.27038,43.315,60.541,66.849,53.248,36.775,30.886,10.88,11.477,3.6708,3.6723,4.7728,3.5311,2.7481,3.6373,4.2191,1.4454,3.8973,3.4998,6.5887,2.4282,2.7574,2.8528,3.0355,2.8114,3.9841,6.7704,3.0901,5.2164,6.8223,6.9442,4.6086,5.457,4.8411,6.1331,4.5893,5.2021,4.6202,3.9474,8.3507,6.029,3.752,5.7854,4.8776,5.1889,4.6908,4.0849,3.7821,3.7351,3.824,3.6618,3.7151,4.4492,4.0935,4.5707,4.4217,5.1132,6.4336,51.216,45.443,114.81,32.61,31.434,29.458,22.263,36.03,30.102,11.562,13.043,9.3421,7.9095,2.9575,3.1457,3.659,1.9173,4.7143,5.2873,2.5223,6.6196,5.0714,7.0642,5.404,3.2038,0.82891,1.7215,0.13118,2.8841,40.733,57.547,27.586,33.619,5.4745,2.5908,2.9009,5.2971,6.896,9.7125,12.192,1.9399,1.0905,1.0452,2.8817,2.9776,2.923,2.8849,3.0381,2.7921,2.7588,2.6046,2.7466,6.0408,9.6589,6.7167,4.9225,4.8891,4.107,5.4608,3.8202,2.5093,10.504,5.0388,5.0131,4.891,4.6408,3.7419,3.3622,4.156,64.336,95.997,0.29561,2.9819,2.7872,2.7674,2.7633,2.7252,4.8315,4.8155,4.7008,4.8076,3.7339,0.25796,0.34544,3.7394,3.0674,3.7132,3.9143,2.8661,2.7862,2.8898,3.5431,3.6626,2.9356,4.4141,5.0383,3.7758,3.7865,2.0056,0.66228,0.3658,0.29433,2.8517,2.685,2.802,2.8094,4.8877,4.8283,4.8593,4.8629
10.024,9.6572,10.818,10.127,19.482,47.881,85.96,81.44,86.549,36.58,26.238,17.575,11.637,9.7007,0.82411,14.616,14.869,5.3978,2.8735,0,0.86009,11.206,17.429,14.708,13.319,9.9222,9.7358,13.403,14.718,10.723,9.0354,28.442,10.384,13.744,51.385,43.12,48.941,110.94,105.24,132.28,109.59,87.446,36.523,39.454,31.445,47.438,35.731,20.072,24.194,28.304,22.591,40.068,38.666,29.038,17.022,24.814,17.476,12.137,15.027,13.497,29.579,11.106,13.62,10.9,10.651,7.8816,11.616,4.7544,38.529,49.44,57.217,43.845,24.141,24.619,4.3665,2.9278,9.486,8.2758,10.067,4.452,9.0154,8.0309,9.8577,0.259,0.14219,0.035398,0.77259,0.027403,0.0018699,0.0018801,0.0022276,0.0012115,8.5708,17.834,11.587,0.912,1.4998,0.91401,0.35704,0.41881,0.32217,17.108,14.7,15.781,14.766,13.551,20.988,17.143,13.147,16.746,15.061,15.582,14.808,13.705,13.247,13.16,13.327,13.022,13.123,14.465,13.823,14.667,14.422,10.387,11.802,60.393,52.049,135.57,35.213,33.096,31.92,38.539,55.654,38.047,25.452,27.583,6.3056,19.652,9.2514,11.847,10.286,6.6084,13.423,12.451,8.2255,13.177,14.681,18.124,16.108,12.108,6.7198,8.9991,3.8376,6.7948,27.894,55.753,18.519,22.851,1.0649,2.497,6.8979,9.1252,12.581,2.7029,3.5806,0.79577,0.88228,0.88973,2.277e-05,0.003861,0.0015304,0.0060377,0.019098,0.0026631,0.0029669,0.0081047,0.003042,0.5817,2.5752,1.3866,0.34342,0.33416,13.84,16.156,13.277,10.352,7.2162,15.344,15.411,15.082,14.653,13.174,12.441,13.941,75.611,104.37,4.6476,0.0022877,0.00079719,0.0038104,0.0017453,0.002172,0.31783,0.31292,0.29793,0.31172,13.158,4.6071,4.7969,8.04,7.3789,9.3782,8.9429,0.0019705,0.00067374,0.0026835,0.051762,8.8545,7.1233,8.6919,9.9914,13.237,13.257,8.2341,5.9667,4.8142,4.9642,5.4524e-05,0.0041974,0.0019707,0.0013385,0.33703,0.30986,0.3365,0.32833
16.748,16.281,17.759,16.043,28.522,61.185,103.2,98.957,103.37,48.256,36.365,25.41,18.586,16.147,1.3827,20.163,17.286,6.8878,6.178,0.86009,0,14.975,25.189,21.66,19.441,16.62,16.382,21.02,22.617,17.619,15.462,38.438,17.035,21.356,63.981,53.556,62.651,131.33,125.11,154.19,129.45,105.48,47.521,51.192,41.686,60.711,46.866,27.209,31.859,38.582,32.079,52.008,50.576,38.985,22.687,34.065,24.762,17.678,22.999,20.984,39.861,17.849,20.919,17.57,17.317,13.647,18.334,8.9906,31.364,39.102,46.689,34.537,16.204,18.367,1.5869,0.96084,12.049,10.161,11.993,4.8393,12.222,9.8193,12.139,1.7122,0.94587,0.56149,0.21916,1.1926,0.88219,0.92158,0.7913,0.85395,10.351,23.495,16.605,0.1641,0.16455,0.17829,1.142,0.48141,0.82574,23.098,20.873,22.141,21.004,19.62,28.165,24.358,19.492,23.85,22.033,22.69,21.607,20.291,19.293,19.217,19.446,19.04,19.193,20.931,20.119,21.252,20.817,17.218,19,74.441,64.7,157.36,45.064,42.412,41.38,50.549,70.059,49.667,34.61,37.128,10.025,27.933,15.635,17.122,17.006,12.175,20.753,19.82,14.31,20.77,22.087,26.206,23.051,17.744,11.084,13.961,7.8068,8.5915,19.396,48.369,12.199,15.483,0.19001,2.9635,8.7312,10.171,14.175,3.0896,2.9871,1.5376,2.2763,2.3261,0.85184,0.75757,0.79867,0.77325,0.66404,0.84572,0.86413,1.0301,0.96467,0.35231,2.8304,2.2848,0.82871,0.82561,19.929,23.221,19.642,15.069,11.031,22.373,22.261,22.061,21.525,19.259,18.253,20.216,91.388,121.29,8.9597,0.85944,0.91159,0.97194,0.9393,0.94282,0.81806,0.81431,0.86601,0.8173,19.221,8.8445,9.1912,9.7496,9.3125,11.837,10.978,0.91773,0.89843,0.79676,0.49016,11.06,9.0397,10.191,11.661,19.317,19.358,14.147,10.754,9.2404,9.1687,0.86528,0.98251,0.93852,0.92553,0.83824,0.78865,0.8638,0.82859
10.293,10.993,10.208,22.494,15.802,48.065,86.144,69.748,91.692,20.006,15.096,6.0298,7.0683,6.7694,17.823,0.92686,1.1817,1.9439,3.6397,11.206,14.975,0,5.7572,3.9009,2.0473,10.489,10.721,11.033,10.696,9.5663,11.814,12.105,16.514,9.3795,62.679,62.132,44.171,89.456,82.467,119.04,101.48,77.293,45.84,45.571,41.115,28.019,16.279,38.028,43.273,14.192,13.42,20.158,20.644,11.605,39.094,9.4972,3.9787,1.2203,10.833,8.4468,13.358,6.3132,6.5313,6.107,6.5718,5.2218,20.496,3.1503,36.978,58.264,61.541,50.277,42.624,29.228,17.478,23.514,0.42307,1.0491,1.0141,4.0685,0.14689,1.1683,0.65089,8.1204,13.667,12.129,16.959,10.609,10.926,11.279,11.492,11.015,1.1545,1.1844,0.60962,12.468,14.558,17.284,15.216,15.834,15.29,1.449,1.8471,2.0503,1.9609,1.8711,3.3883,3.8509,2.6677,3.6323,3.8052,4.0522,3.3464,3.1412,1.9023,1.9486,2.0373,1.9036,1.9884,2.5351,2.3043,2.7807,2.375,12.432,14.409,67.855,63.498,128.33,51.464,50.756,47.683,21.723,34.942,43.46,8.8353,10.034,24.4,7.0188,7.4612,0.88033,8.3302,7.4252,7.0653,10.465,7.3992,13.374,5.9943,6.937,3.3419,1.395,1.501,1.2802,3.7895,1.2906,45.682,45.41,30.744,37.435,12.627,5.1065,1.2364,2.1594,1.6972,24.316,27.432,6.9387,5.8969,5.8533,11.21,11.248,11.199,11.018,11.145,10.937,10.885,10.81,11.077,16.508,24.098,19.492,15.437,15.374,1.845,3.689,2.6724,0.51369,26.222,3.8784,3.2873,3.8231,3.6452,2.0072,1.6395,2.2235,81.146,120.51,3.5807,11.496,11.079,11.148,11.072,10.972,15.263,15.23,15.089,15.22,1.9614,3.3801,3.6391,1.2579,1.071,0.49884,0.87467,11.307,11.047,11.098,12.022,0.71573,1.1199,1.4987,1.3103,1.9791,2.0167,5.566,3.3277,3.7365,2.7735,11.157,10.942,11.176,11.17,15.388,15.22,15.368,15.332
3.2796,3.8886,2.8721,13.5,3.4257,21.819,48.371,35.436,53.375,4.5439,2.2171,0.0035693,1.1304,1.7162,22.848,2.3708,11.789,11.588,6.4567,17.429,25.189,5.7572,0,0.19667,0.93986,3.4449,3.678,2.3522,1.7832,2.5603,4.7682,1.4762,7.6081,1.43,34.519,37.519,18.517,50.232,45.218,72.437,59.029,40.907,23.066,21.78,20.43,8.9057,3.4348,23.452,26.749,1.9383,1.7078,5.1202,5.0189,1.5127,27.348,0.68273,0.26212,1.6887,1.7688,1.1069,1.8515,1.0615,0.47539,1.07,1.2904,2.065,10.407,4.0912,71.273,98.122,103.57,87.978,71.983,58.641,33.671,34.644,8.9409,10.89,11.394,15.838,6.711,11.163,10.045,13.808,19.222,19.011,25.531,16.163,17.191,17.302,17.821,17.329,11.371,3.3589,2.6299,23.272,26.542,26.324,20.347,22.88,21.206,2.3009,1.1585,1.1291,1.0663,1.0657,1.4641,0.27107,0.62269,0.31054,0.20432,0.14943,0.3253,0.4226,1.0415,1.0097,0.94632,1.0447,0.98324,0.65738,0.77693,0.53973,0.74692,4.4673,5.1695,36.819,35.12,79.9,29.558,29.908,27.097,5.3708,12.977,20.267,0.75897,1.1603,19.778,0.07932,2.1817,2.1451,2.1246,3.6013,0.65538,2.3729,2.6509,3.8447,0.19923,0.060675,0.36919,1.508,3.3657,2.2917,4.9531,10.773,76.934,83.503,57.618,66.53,23.801,15.569,10.668,14.365,13.706,28.188,33.369,15.326,12.78,12.631,17.456,17.769,17.609,17.582,18.026,17.308,17.221,16.704,17.05,24.225,28.387,23.126,21.361,21.3,1.0948,0.25126,0.6124,3.0039,20.996,0.18535,0.35325,0.2002,0.24935,0.96935,1.27,0.82676,45.739,77.959,4.1064,17.624,17.2,17.077,17.117,17.044,21.197,21.171,20.879,21.151,1.0009,4.1818,3.9568,11.454,10.441,9.2538,10.579,17.332,17.217,17.554,19.205,9.9483,10.431,12.46,12.304,0.98715,0.96127,1.9796,3.0265,3.9322,4.0176,17.383,16.915,17.187,17.219,21.281,21.229,21.192,21.245
3.2816,3.8694,2.9617,13.43,4.514,25.226,53.817,40.684,58.744,6.6285,3.6549,0.24339,1.111,1.4831,20.136,1.3642,9.1616,8.7732,4.7024,14.708,21.66,3.9009,0.19667,0,0.30009,3.4418,3.66,2.7411,2.2709,2.6106,4.6881,2.6974,7.74,1.7592,37.876,39.98,21.992,56.691,51.373,79.913,65.592,46.468,25.54,24.545,22.522,11.735,5.1568,24.174,27.776,3.3693,2.8706,7.2461,7.1827,2.6773,27.426,1.5475,0.16158,0.75779,2.2894,1.3523,3.224,0.92853,0.56484,0.8991,1.1378,1.487,10.652,2.7515,64.032,89.534,94.754,79.856,64.915,52.048,29.119,30.727,6.5215,8.1728,8.6447,12.54,4.6303,8.4053,7.4754,11.298,16.538,16.142,22.221,13.582,14.472,14.614,15.071,14.598,8.5938,2.3264,1.4266,19.728,22.737,22.924,17.692,19.866,18.407,1.4677,0.49984,0.54226,0.4424,0.38679,1.1897,0.13919,0.12107,0.12678,0.0050447,0.013117,0.030658,0.043107,0.3606,0.33801,0.30428,0.35562,0.3206,0.17685,0.22006,0.12193,0.22633,4.5754,5.4836,40.819,38.511,87.49,31.636,31.75,28.958,7.6211,16.356,22.951,1.5385,2.1134,18.735,0.51868,1.9488,1.0751,2.0613,3.0199,0.78192,2.6444,2.2903,4.2942,0.29835,0.43835,0.11155,0.63284,1.9889,1.1531,3.5197,8.0585,69.555,75.897,51.208,59.645,20.191,12.398,7.9682,11.22,10.733,25.519,30.257,12.399,10.159,10.03,14.73,14.994,14.855,14.807,15.191,14.57,14.491,14.055,14.378,21.074,25.647,20.622,18.557,18.497,0.41711,0.065435,0.11781,1.6778,20.027,0.0097171,0.066314,0.0049097,0.0051514,0.3136,0.48326,0.25371,50.579,83.694,2.8214,14.91,14.501,14.41,14.432,14.358,18.396,18.37,18.109,18.352,0.33251,2.8535,2.7117,8.6583,7.7747,6.786,7.9152,14.642,14.511,14.795,16.287,7.3702,7.7645,9.5427,9.4335,0.32646,0.3112,1.4779,1.9427,2.7059,2.6447,14.663,14.247,14.504,14.53,18.483,18.416,18.407,18.445
