0,63.701,105.46,125.02,42.996,21.639,55.791,30.697,29.552,45.387,67.276,16.168,16.829,41.793,37.778,36.763,5.0983,27.397,13.706,7.2666,6.586,7.1792,7.1039,28.966,6.2575,5.2425,7.0391,19.673,41.759,14.87,53.612,53.972,54.515,45.224,109.82,109.78,99.019,100.96,159.33,115.42,62.397,71.375,77.999,112.8,120.59,52.017,39.272,40.578,40.716,37.192,35.875,30.205,0.60162,10.115,15.751,31.51,23.506,27.047,33.028,22.112,30.293,30.937,29.451,1.5964,0.45378,2.2315,147.96,145.78,74.29,61.335,53.847,72.085,33.192,28.463,31.547,9.4473,21.945,23.944,20.964,32.237,28.705,9.1824,4.564,5.4175,7.5326,7.3425,7.4728,7.0605,7.5567,7.4136,28.77,29.667,28.491,29.852,30.16,28.569,6.2719,6.3889,6.3829,6.0118,5.7708,6.8755,5.1776,5.9834,10.844,20.815,18.793,8.5095,9.2968,33.409,33.123,33.494,34.706,25.426,28.631,30.507,3.3255,25.561,55.335,55.602,20.294,30.004,73.892,53.45,64.772,69.277,83.612,90.241,180.26,125.62,69.985,99.202,20.322,58.782,20.515,24.631,0.27449,37.247,19.719,0.14249,27.863,25.159,30.356,6.8446,7.0626,16.604,25.718,2.1309,2.3959,2.1062,2.2213,118.97,142.62,153.53,126.66,68.211,89.365,78.129,50.542,53.969,56.009,22.251,30.664,25.599,27.85,25.478,20.951,23.681,24.221,22.36,21.061,17.897,6.8016,7.7202,7.8274,7.4277,7.545,29.787,29.853,8.9918,16.171,8.3435,7.9083,9.6302,8.5482,3.9606,11.336,2.1499,21.058,20.523,37.948,40.854,15.717,14.89,42.32,29.852,14.552,15.483,15.4,15.947,61.985,57.009,67.031,66.453,67.408,7.4596,7.5022,7.6668,7.599,7.4826,7.6974,7.3889,29.509,29.31,29.925,30.403,29.828,32.347,23.241,34.556,37.819,15.615,15.874,15.747,67.133,71.372,84.292,73.295,7.5957,7.7333,7.4301,7.5785,29.302,29.426,29.188,29.27,29.406,20.556,24.025,26.505,23.654
63.701,0,7.1741,15.236,127.22,142.99,123.85,145.15,37.824,141.02,145.98,115.67,18.622,3.6672,3.3732,19.277,34.423,22.84,22.597,28.109,29.328,28.259,28.5,14.44,30.408,32.692,28.43,19.226,7.9253,25.849,0.49744,4.0614,0.61756,4.3572,6.576,6.9158,4.8548,4.3844,25.608,12.693,0.058688,24.169,12.335,12.396,41.091,120.65,159.45,105.43,124.49,98.045,84.1,50.021,66.139,52.107,60.543,35.886,24.842,19.98,17.153,20.671,14.491,14.329,14.389,52.091,54.806,47.559,25.208,53.875,20.749,0.24592,0.53026,2.388,17.802,7.4582,16.762,24.124,15.356,23.808,25.739,18.752,22.202,25.044,37.305,34.35,27.591,27.84,27.563,28.517,27.562,27.791,14.747,14.468,14.949,14.544,14.46,14.754,30.459,30.202,30.09,31.063,31.505,28.876,33.625,30.694,24.269,14.569,13.295,25.658,26.722,13.952,13.706,15.591,15.305,22.27,22.209,19.266,86.506,21.769,2.0942,0.30331,24.924,23.349,0.97413,17.522,9.2006,5.7712,14.743,20.608,32.841,26.973,20.217,20.833,120.73,132.97,58.793,69.97,68.548,48.385,17.19,66.485,10.106,15.961,79.001,67.869,59.039,81.127,59.4,73.762,57.45,48.643,47.283,27.252,20.247,22.861,33.852,7.3382,2.1671,0.74199,17.803,8.9784,11.552,15.333,11.015,16.782,16.134,23.012,27.001,23.268,24.304,25.361,15.985,18.618,50.009,27.199,27.249,28.128,27.545,14.749,14.366,26.216,16.257,26.764,26.767,24.304,25.631,39.255,24.109,51.498,13.976,14.745,17.097,21.932,29.121,22.226,8.9529,12.29,31.57,26.739,26.069,27.268,8.7982,18.188,16.712,20.634,15.767,27.725,27.616,27.318,27.46,27.704,27.249,27.814,14.291,14.495,14.094,14.519,14.25,13.998,13.046,13.523,16.43,26.087,26.091,26.205,17.26,14.639,14.73,15.099,27.464,27.223,27.783,27.423,14.365,14.442,14.392,14.549,14.345,16.756,12.849,11.216,12.512
105.46,7.1741,0,1.6256,194.81,209.63,190.3,214.98,77.709,211.71,217.47,177.66,39.362,14.48,18.283,49.393,68.986,55.576,53.836,58.989,59.831,57.742,57.882,41.97,62.512,65.527,59.066,49.483,29.832,59.564,11.301,20.714,8.9085,12.941,0.92727,0.47768,0.29106,1.4402,5.8278,1.1109,8.3168,20.68,7.9196,1.2086,24.027,186.44,232.82,167.56,191.41,158.23,140.27,94.855,110.81,97.026,109.1,74.791,58.713,51.091,46.317,52.104,42.046,41.758,41.882,93.271,95.074,87.327,5.6603,30.952,16.473,6.6543,11.554,3.2129,28.829,24.485,45.766,52.188,43.067,57.118,60.032,48.93,54.54,52.404,67.836,69.254,56.745,57.458,57.192,58.056,56.664,57.102,42.492,42.014,42.835,42.142,41.995,42.504,62.687,62.328,62.013,63.545,64.017,60.023,67.537,62.279,49.351,41.34,36.258,54.573,52.941,41.023,40.622,43.742,43.189,54.723,54.555,49.845,137.82,53.936,16.172,9.2483,42.554,35.763,8.168,20.242,9.1623,5.4312,8.4629,11.92,10.014,9.8253,17.28,9.9427,184.66,201.64,107,121.95,112.93,92.059,45.953,110.03,34.002,44.463,133.77,117.12,105.66,135.94,107.84,121.99,101.43,88.811,86.898,11.334,3.3191,4.6326,15.721,6.7654,2.9125,4.4626,21.578,12.545,13.939,43.076,35.954,45.87,44.826,55.881,61.965,56.276,57.887,59.495,44.049,48.087,93.354,56.282,55.839,56.91,56.736,42.489,41.84,57.615,39.053,57.945,56.758,54.149,55.167,76.108,55.429,93.007,40.24,41.599,45.809,53.074,64.803,53.585,31.641,38.238,68.37,61.08,60.009,61.975,9.7162,19.611,14.915,18.796,13.936,56.951,56.865,56.402,56.57,56.866,56.333,57.202,41.716,42.063,41.376,42.09,41.644,41.15,38.981,40.234,44.749,60.074,60.12,60.28,15.388,11.731,8.2795,11.576,56.582,56.193,57.031,56.729,41.841,41.973,41.888,42.155,41.808,45.341,38.76,36.006,38.024
125.02,15.236,1.6256,0,229.75,240.57,225.96,248.67,101.07,247.69,255.54,207.48,50.526,22.645,28.846,68.57,86.876,75.329,71.365,75.191,75.609,72.989,73.034,59.152,79.231,82.434,75.055,67.206,45.016,78.557,20.824,33.851,16.824,19.867,4.0224,3.0117,3.2853,5.7346,2.2587,0.19709,16.978,20.122,8.421,0.34714,17.34,221.61,268.37,200.63,225.94,190.36,170.88,120.47,132.16,120.68,134.93,97.849,78.686,69.987,64.712,70.702,59.36,59.061,59.089,113.65,114.5,107.24,1.249,21.481,15.965,13.967,21.241,7.58,35.07,35.243,63.956,67.071,59.649,76.851,79.975,67.786,74.203,66.709,82.724,87.407,71.866,72.85,72.627,73.307,71.756,72.298,59.773,59.269,60.166,59.441,59.287,59.769,79.484,79.093,78.652,80.434,80.865,76.298,85.073,78.6,62.356,57.262,49.57,69.8,66.342,58.347,57.839,61.645,61.052,74.158,74.215,68.764,162,73.238,27.892,17.728,51.383,42.135,17.081,22.804,11.668,8.4574,8.0101,9.9295,5.6561,4.8247,17.322,7.2754,215.7,238.22,133.19,150.01,133.83,117.69,62.867,130.55,49.052,61.81,163.39,141.94,129.54,164.15,134.61,145.16,123.26,108.88,106.73,6.5234,0.62201,1.8222,9.5317,9.3967,8.8183,11.463,24.554,16.496,17.055,59.708,51.872,63.572,62.528,75.531,82.241,75.832,77.782,79.492,60.729,65.178,115.85,71.409,70.641,71.724,71.887,59.858,59.072,74.493,51.744,74.569,72.547,70.221,70.814,94.983,72.659,113.71,55.899,57.534,64.355,73.067,84.889,71.335,47.304,54.639,88.873,80.466,79.18,81.599,12.644,21.57,15.769,19.212,14.887,72.101,72.044,71.513,71.68,71.978,71.453,72.446,58.89,59.297,58.511,59.423,58.83,58.428,54.705,57.461,63.081,79.294,79.392,79.561,16.152,12.426,7.7759,11.993,71.696,71.243,72.188,71.971,59.025,59.198,59.072,59.406,58.993,62.252,54.556,51.427,53.551
42.996,127.22,194.81,229.75,0,17.647,2.0963,7.1673,27.692,0.51073,3.0726,10.48,86.993,114.68,97.464,50.394,44.906,42.573,47.732,54.077,56.733,59.92,60.552,55.957,51.201,50.33,55.364,48.865,73.421,40.766,112.34,91.859,122.76,124.62,188.24,191.79,181.61,174.66,266.58,218.55,122.79,194.05,186.97,216.53,268.1,1.5567,6.6518,1.4775,0.031093,2.2559,5.3567,19.075,33.438,19.638,13.083,29.966,39.632,46.481,52.074,45.561,55.976,56.372,56.084,34.44,40.676,35.944,264.65,305.46,194.18,130.46,111.49,155.85,126.74,92.196,52.275,61.914,55.712,40.966,38.623,49.402,43.665,65.645,64.066,43.463,60.646,58.974,58.677,59.927,60.831,60.189,55.358,55.951,54.962,55.825,56.018,55.336,50.749,50.922,51.647,50.268,50.55,53.692,46.81,53.58,74.299,58.746,72.978,59.84,71.897,57.604,57.987,54.752,55.633,43.087,43.639,48.162,25.757,43.787,100.58,119.85,105.84,126.16,128.61,161.46,165.44,163.66,197.17,212.9,286.98,255.34,187.98,222.58,7.5422,1.857,13.081,8.5016,36.893,22.633,53.037,38.35,66.627,53.226,5.9721,16.698,19.104,7.0712,12.985,26.198,28.139,35.333,36.31,250.23,248.97,257.34,265.93,166.04,156.88,142.79,157.26,149.94,157.3,55.578,63.381,51.639,52.761,42.095,37.076,41.675,40.336,38.991,54.82,51.41,23.907,60.572,62.641,62.668,60.452,55.435,56.163,50.255,76.329,51.63,56.469,54.823,57.283,40.076,48.707,32.565,60.269,58.56,54.124,48.938,35.877,46.956,71.234,60.43,33.572,39.084,40.082,38.117,161.01,167.57,179.85,183.7,179.12,60.475,60.281,60.682,60.706,60.716,60.618,59.895,56.276,55.871,56.693,55.939,56.382,57.259,60.842,58.728,55.09,39.922,39.764,39.677,180.68,182.65,197.89,185.7,60.675,61.06,60.437,59.87,56.12,55.979,56.061,55.765,56.165,53.399,60.8,63.96,62.088
21.639,142.99,209.63,240.57,17.647,0,31.693,2.765,51.751,14.856,34.352,2.0382,74.322,115.66,104.21,75.788,38.314,62.226,52.032,46.891,47.011,49.417,49.545,72.961,43.777,41.576,47.146,59.335,95.202,48.697,126.71,116.35,132.24,123.1,210.89,212.35,198.55,197.35,285.1,227.56,139.74,171.38,178.76,224.34,244.17,29.177,5.0273,24.351,16.591,24.378,29.862,43.801,16.912,24.721,23.737,55.329,56.534,64.769,73.911,59.532,74.174,75.011,73.485,23.612,24.372,26.602,273.88,279.61,175.43,142.19,126.52,162.88,107.86,91.666,72.784,53.988,66.02,57.939,53.387,71.357,64.173,55.095,45.464,37.979,50.328,49.296,49.385,49.213,50.445,49.934,72.391,73.594,71.875,73.679,74.083,72.192,43.564,43.849,44.216,42.876,42.614,46.064,39.558,44.499,60.868,66.659,71.764,51.595,57.416,77.998,78.002,76.155,77.783,60.857,64.09,68.999,8.2042,61.491,122.33,132.04,83.726,102.55,152.66,142.5,157.92,162.56,187.67,198.74,310.98,248.34,168.83,211.35,2.6164,30.887,28.798,26.272,17.272,52.544,62.051,18.597,78.45,67.624,26.981,14.387,19.032,13.981,33.327,12.133,19.446,25.797,26.864,239.77,263.68,276.57,251.52,162.07,179.38,163.13,137.79,140.96,145.22,66.251,79.211,66.996,69.831,60.171,52.192,58.223,57.719,54.987,64.559,59.086,24.404,50.616,51.639,50.95,50.268,73.364,73.901,47.458,69.749,47.279,49.082,50.855,50.475,33.23,49.715,23.493,67.803,66.238,79.41,77.894,46.01,52.911,94.334,76.632,42.956,48.159,48.791,47.945,153.48,148.32,163.73,163.46,164.1,50.132,50.124,50.571,50.466,50.271,50.597,49.768,73.663,73.218,74.313,74.249,74.022,76.843,70.431,79.732,79.984,48.91,49.076,48.876,163.99,169.8,188.63,172.79,50.447,50.841,50.065,50.08,73.374,73.394,73.231,73.112,73.498,63.153,71.21,75.56,71.583
55.791,123.85,190.3,225.96,2.0963,31.693,0,17.015,24.799,4.0479,0.91218,20.913,94.698,116.73,97.951,46.057,51.935,40.46,50.707,60.936,64.419,67.769,68.563,54.221,58.265,57.922,62.55,49.635,69.486,42.752,109.82,86.469,121.65,127.29,181.22,185.4,176.65,167.9,259.54,215.59,119.12,202.71,190.61,214.01,275.83,0.068198,15.911,1.2388,2.4304,2.0765,3.9583,16.454,44.879,23.73,15.642,26.528,38.573,44.67,48.854,45.255,53.835,54.068,54.209,43.583,51.596,44.437,260.81,313.25,201.43,128.38,108.76,154.82,135.58,95.382,49.492,68.741,56.28,39.825,38.335,46.244,41.22,73.295,74.785,50.148,68.4,66.556,66.127,67.854,68.601,67.937,53.634,53.999,53.293,53.806,53.921,53.673,57.744,57.869,58.694,57.359,57.829,60.729,53.998,61.156,82.703,60.037,76.998,66.861,80.774,54.665,55.162,51.578,52.177,41.588,41.214,45.427,38.221,42.281,95.865,117.88,116.46,136.75,122.41,169.49,169.28,165.28,201.06,218.14,277.76,257.28,195.51,226.6,16.973,0.17783,13.877,8.9773,49.361,18.126,54.153,50.779,66.292,52.478,5.6249,23.751,25.127,11.54,12.226,37.159,36.837,43.934,44.823,253.48,243.53,250.21,270.29,168.62,150.56,137.51,165.57,154.65,162.94,56.025,61.784,50.622,51.12,40.534,36.736,40.649,39.084,38.268,55.617,53.054,29.404,68.194,70.571,70.862,68.162,53.405,54.171,55.668,82.163,57.551,63.306,60.478,63.877,47.423,52.813,41.142,61.638,59.939,49.681,43.489,37.311,49.379,66.929,58.807,35.375,40.743,41.825,39.556,164.95,175.57,186.45,191.71,185.34,68.244,67.989,68.357,68.428,68.514,68.262,67.607,54.399,54.022,54.722,53.762,54.415,54.604,61.476,55.544,50.742,41.575,41.311,41.267,187.47,188.03,201.68,191.04,68.393,68.761,68.218,67.459,54.294,54.104,54.265,53.92,54.31,54.245,61.151,63.792,62.711
30.697,145.15,214.98,248.67,7.1673,2.765,17.015,0,44.375,4.984,18.055,2.3173,84.321,122.57,108.18,69.85,43.331,57.894,53.676,52.856,53.989,56.885,57.219,70.638,49.587,47.735,53.541,58.89,92.223,48.508,128.67,113.41,136.51,131.37,213.04,215.42,202.6,198.95,291.57,235.93,141.25,189.87,192.08,233.07,265.81,15.361,0.53194,13.015,6.6463,13.705,19.1,35.2,23.606,23.371,19.607,47.665,52.995,61.263,69.477,57.559,71.404,72.103,71.023,28.888,31.854,31.607,283.74,303.12,192.62,145.99,128.19,169.53,122.07,97.907,68.873,60.783,66.139,54.485,50.555,66.679,59.603,63.001,55.722,42.518,57.793,56.432,56.376,56.748,57.945,57.345,70.014,71.032,69.515,71.028,71.367,69.88,49.262,49.526,50.065,48.6,48.534,52.139,44.948,51.026,70.29,67.85,77.084,58.34,67.001,74.512,74.686,72.082,73.486,57.277,59.54,64.655,13.965,57.992,120.91,135.17,97.834,118.24,151.75,158.39,170.12,172.45,201.84,215.11,316.02,263.73,185.91,227.07,1.2099,15.982,22.862,18.832,25.169,42.254,62.441,26.708,78.763,66.073,17.791,14.915,19.253,9.9988,25.634,17.212,23.379,30.795,31.938,256.2,270.99,282.47,269.85,173.06,180.32,164.28,153.66,152.99,158.63,66.228,77.835,64.974,67.254,56.396,49.097,54.986,54.059,51.731,64.818,59.831,25.062,57.961,59.469,59.006,57.676,70.657,71.318,51.696,77.088,52.135,55.297,55.834,56.566,37.888,52.561,28.054,69.234,67.499,73.789,70.435,44.618,53.919,90.713,74.919,41.619,47.423,48.27,46.858,165.49,164.57,179.46,180.73,179.43,57.592,57.51,57.973,57.911,57.781,57.965,57.116,71.219,70.76,71.811,71.434,71.491,73.64,71.167,76.091,74.586,48.276,48.314,48.146,179.95,184.54,202.74,187.67,57.886,58.306,57.531,57.32,70.969,70.919,70.853,70.647,71.067,63.304,71.647,75.778,72.437
29.552,37.824,77.709,101.07,27.692,51.751,24.799,44.375,0,35.019,35.194,33.38,30.631,35.817,25.221,3.3816,14.018,2.0009,7.8324,16.162,18.677,20.06,20.615,5.873,15.724,16.584,17.215,5.6133,11.281,4.8351,30.333,18.864,37.004,41.998,72.287,74.782,69.1,63.953,124.09,94.241,35.216,92.88,80.629,93.259,140.82,23.437,50.124,17.346,26.673,14.511,9.2506,0.85508,24.536,6.1725,5.3905,0.060149,1.9096,3.0659,4.0389,3.7793,5.6606,5.7082,5.836,17.415,23.154,15.825,124.79,167.23,90.563,40.51,29.751,56.138,52.926,25.773,4.2403,18.693,7.5451,2.135,2.2207,3.3141,2.1175,21.667,28.138,12.979,20.105,19.187,18.819,20.227,20.204,19.938,5.6865,5.7512,5.5913,5.6748,5.6966,5.7144,15.455,15.406,15.818,15.517,15.985,16.399,14.81,17.478,26.562,9.3094,18.264,18.35,26.618,5.8356,6.006,4.8491,5.0367,2.4026,2.1188,3.115,30.017,2.5614,23.215,34.734,45.635,56.152,37.308,71.505,67.445,63.58,87.492,99.63,137.28,123.94,87.067,104.34,33.409,28.997,3.5369,5.8088,28.147,0.94584,7.2189,28.006,10.685,5.6428,7.9489,13.392,10.149,12.43,2.812,23.651,16.057,16.037,15.916,122.03,112.93,117.7,134.34,66.176,53.399,45.603,69.48,59.3,65.087,7.3872,8.5305,4.9697,4.9217,2.1485,1.8982,2.3555,1.9408,1.9912,7.4727,7.2787,8.4478,19.808,21.161,21.73,19.95,5.5439,5.7984,12.325,22.542,13.638,16.87,14.142,16.665,13.701,9.7335,15.769,9.9337,9.3389,4.4053,3.0892,3.2597,6.9019,10.307,7.4538,3.3043,4.1043,4.4072,3.6725,64.875,75.165,80.446,85.181,79.388,20.079,19.886,19.954,20.06,20.22,19.87,19.764,5.8973,5.7815,5.9824,5.6306,5.883,5.8378,9.3885,6.1165,4.6983,4.2724,4.1225,4.1511,81.261,80.323,87.823,82.189,20.042,20.137,20.091,19.5,5.8749,5.8018,5.8727,5.7492,5.8737,7.0611,9.1059,9.8077,9.8322
45.387,141.02,211.71,247.69,0.51073,14.856,4.0479,4.984,35.019,0,4.0667,9.6429,94.936,126.2,108.64,60.033,50.371,51.057,55.022,60.304,62.792,66.129,66.733,65.338,57.131,55.965,61.543,56.988,84.531,47.865,125.19,104.41,135.69,136.38,205.59,209.1,198.15,191.4,286.67,235.86,136.46,206.4,200.97,233.63,283.36,3.4589,3.9522,3.7239,0.58326,4.8618,9.0945,25.364,35.659,23.954,17.143,37.641,47.589,55.191,61.571,53.769,65.47,65.938,65.513,38.007,43.902,39.974,283.76,321.83,207.1,144.03,124.36,170.2,136.23,102.18,61.676,68.696,64.386,49.054,46.272,58.684,52.322,72.322,69.235,48.962,66.947,65.235,64.973,66.103,67.136,66.461,64.694,65.392,64.254,65.275,65.504,64.653,56.676,56.883,57.617,56.117,56.338,59.816,52.354,59.461,81.198,67.392,81.565,66.399,78.438,67.425,67.805,64.432,65.447,51.446,52.289,57.245,26.395,52.203,113.43,132.9,113.54,134.87,143.22,172.79,178.53,177.46,211.46,227.26,308.29,272.3,200.56,237.72,6.6211,3.2586,17.721,12.505,38.872,29.697,61.348,40.502,76.303,62.131,9.6755,19.311,22.528,9.3618,18.033,27.87,31.295,39.255,40.364,266.57,268.04,277.15,282.37,179.6,172.78,157.81,168.31,162.08,169.39,64.282,73.223,60.508,61.89,50.392,44.61,49.789,48.405,46.799,63.359,59.43,28.118,66.924,69,68.913,66.757,64.861,65.629,56.803,84.419,58.072,62.874,61.601,63.848,45.005,55.651,36.233,68.991,67.164,64.065,58.703,42.756,54.384,82.302,70.084,40.127,46.157,47.208,45.183,173.88,179.17,192.48,195.93,191.86,66.757,66.577,67.018,67.024,67.002,66.963,66.163,65.719,65.277,66.19,65.441,65.856,66.98,69.841,68.69,65.08,47.065,46.93,46.821,193.27,195.85,212.24,199.03,66.992,67.412,66.711,66.189,65.538,65.401,65.466,65.163,65.594,61.824,69.886,73.415,71.172
67.276,145.98,217.47,255.54,3.0726,34.352,0.91218,18.055,35.194,4.0667,0,24.843,113.18,138.15,117.73,59.81,65.363,53.519,64.878,75.673,79.384,83.121,83.969,69.198,72.583,72.036,77.411,63.912,86.242,55.92,130.73,104.95,143.63,149.59,207.56,212.09,202.83,193.29,290.97,244.52,140.82,230.04,217.71,242.85,307.94,1.2865,15.604,3.9164,3.6824,5.4623,8.6525,25.097,55.161,33.097,23.526,37.215,51.342,58.348,63.076,58.987,68.758,69.018,69.184,54.866,63.407,56.155,292.51,347.48,228.87,150.93,129.57,179.5,157.69,114.7,63.82,84.488,71.451,52.787,51.038,60.107,54.385,89.389,90.081,63.415,83.859,81.828,81.381,83.194,84.081,83.339,68.535,68.946,68.149,68.727,68.856,68.579,72.01,72.166,73.076,71.544,72.025,75.389,67.679,75.719,99.702,75.628,94.268,82.324,97.417,69.673,70.238,66.17,66.833,54.818,54.379,59.193,46.225,55.614,115.35,139.53,136.39,158.57,144.21,194.5,194.82,190.68,228.85,246.95,310.04,288.76,222.5,256.07,20.088,0.33954,21.687,15.393,59.864,26.974,69.007,61.579,82.736,67.216,10.944,31.889,34.098,17.384,19.778,46.104,47.061,55.519,56.599,284.67,274.11,281.07,302.41,194.21,174.67,160.67,190.24,178.98,187.81,71.171,77.711,65.12,65.69,53.607,49.192,53.732,51.934,50.979,70.687,67.713,39.496,83.664,86.253,86.505,83.603,68.273,69.14,70.055,99.697,72.074,78.36,75.452,79.068,60.063,67.082,52.242,77.42,75.51,63.929,56.747,49.707,63.444,83.362,74.368,47.41,53.648,54.884,52.304,190.16,201.05,212.94,218.36,211.79,83.679,83.409,83.832,83.899,83.975,83.735,82.977,69.398,68.973,69.762,68.675,69.415,69.614,77.294,70.654,65.141,54.607,54.316,54.259,214,214.77,229.52,218,83.861,84.28,83.646,82.844,69.281,69.065,69.248,68.857,69.299,69.132,76.946,79.933,78.681
16.168,115.67,177.66,207.48,10.48,2.0382,20.913,2.3173,33.38,9.6429,24.843,0,59.319,93.577,81.974,53.716,26.398,42.6,36.038,33.875,34.551,36.818,37.048,52.269,31.244,29.652,34.325,41.339,71.297,32.569,101.01,89.915,107,100.92,177.33,179.08,166.9,164.7,247.82,195.65,112.47,150.79,153.95,192.88,219.27,18.705,5.045,13.909,9.488,13.473,16.941,26.943,11.134,13.195,11.95,36.271,38.038,44.955,52.473,40.994,53.168,53.843,52.674,15.102,17.028,17.208,239.18,253.23,153.51,115.7,100.72,135.75,91.209,72.115,51.65,40.208,47.198,39.232,35.613,50.234,44.18,41.783,35.411,25.879,37.567,36.521,36.51,36.691,37.685,37.21,51.765,52.736,51.329,52.781,53.107,51.615,31.009,31.229,31.623,30.463,30.359,33.258,27.597,32.236,47.555,48.162,54.428,38.193,44.775,56.234,56.288,54.488,55.823,41.642,44.115,48.315,4.9748,42.196,95.755,106.29,70.209,87.652,123.11,123.03,134.42,137.23,162.57,174.08,271.17,218.85,147.48,185.14,0.29491,21.017,15.527,13.736,12.23,33.889,43.938,13.304,57.914,47.968,14.524,6.3386,9.4787,5.3459,18.887,6.9089,11.316,16.592,17.446,211.63,228.4,239.63,223.69,137.43,148.05,133.39,118.82,119.09,123.78,47.341,57.95,47.281,49.519,41.016,34.552,39.528,38.995,36.826,46.011,41.575,13.577,37.733,38.87,38.439,37.484,52.494,52.992,33.435,53.804,33.601,35.816,36.616,36.897,22.165,34.637,14.621,49.234,47.832,56.886,55.211,29.961,36.511,70.34,55.615,27.491,31.937,32.531,31.645,130.3,128.49,141.95,142.78,142.01,37.402,37.352,37.73,37.669,37.547,37.731,37.036,52.832,52.446,53.37,53.218,53.112,55.325,51.196,57.68,57.432,32.59,32.683,32.529,142.34,146.76,163.41,149.55,37.65,37.991,37.351,37.228,52.597,52.592,52.483,52.353,52.694,44.779,51.744,55.39,52.228
16.829,18.622,39.362,50.526,86.993,74.322,94.698,84.321,30.631,94.936,113.18,59.319,0,6.3368,6.7508,22.967,7.0376,19.13,7.603,3.9122,3.3971,2.6993,2.6196,13.731,4.7878,5.2357,3.6177,10.351,16.818,11.402,14.319,20.463,12.889,7.1759,43.75,43.142,36.193,38.889,73.479,44.446,18.587,21.459,22.58,42.757,50.899,90.51,97.374,74.997,84.029,68.937,60.988,38.434,20.374,24.082,33.52,30.761,17.707,16.758,18.835,13.534,14.753,15.084,14.048,14.562,13.63,12.678,65.109,67.947,22.087,16.274,14.689,20.084,3.7277,2.6573,17.497,2.1271,8.8921,17.293,16.402,19.517,19.602,1.5675,3.9537,7.5459,2.5128,2.8293,2.8643,2.7247,2.4795,2.6083,13.847,14.274,13.81,14.476,14.63,13.703,4.916,4.8518,4.6462,5.0928,5.052,4.0436,6.3405,4.2158,0.67238,7.0511,1.988,2.5438,1.1129,16.525,16.118,17.923,18.527,17.276,19.555,18.699,33.244,17.005,18.789,14.173,1.5491,3.9484,26.475,11.686,15.648,17.869,25.791,30.181,88.32,50.968,19.882,35.04,65.355,101.13,36.328,45.447,20.498,42.274,8.5964,19.162,8.7182,12.111,54.384,29.355,25.024,44.728,40.554,26.484,18.9,13.201,12.47,47.133,62.087,69.777,52.665,17.278,32.826,26.622,10.488,10.608,11.783,9.1407,11.92,13.145,14.32,17.857,17.285,16.702,17.857,17.209,8.6943,8.2042,19.743,2.4924,2.166,2.256,2.5417,14.6,14.325,5.1538,0.65071,4.6261,3.2926,3.8213,3.0925,9.3686,6.2934,15.101,6.6504,6.9494,22.101,27.562,14.539,8.4909,18.161,12.498,15.246,12.618,12.044,13.409,14.282,13.405,17.755,18.292,17.765,2.5538,2.577,2.4834,2.4913,2.5114,2.4886,2.6613,14.008,14.034,14.147,14.856,14.209,15.815,7.7591,16.963,21.5,12.248,12.479,12.452,17.908,19.515,26.149,20.541,2.4968,2.4119,2.5655,2.6329,13.917,14.075,13.856,14.05,13.978,8.9569,8.2715,8.7491,7.5706
41.793,3.6672,14.48,22.645,114.68,115.66,116.73,122.57,35.817,126.2,138.15,93.577,6.3368,0,1.015,20.59,20.839,20.966,14.596,15.309,15.552,14.438,14.491,12.902,17.161,18.673,15.258,14.133,10.009,18.7,2.5429,8.7795,1.2883,0.25163,16.789,16.46,12.327,13.854,38.039,18.757,3.928,14.442,9.0331,17.839,34.644,112.87,137.05,96.65,111.68,89.496,77.697,46.905,45.471,40.587,50.377,34.712,21.475,17.982,17.218,16.74,13.457,13.518,13.031,34.837,35.473,31.336,33.608,48.26,12.915,2.4068,2.7993,4.1144,5.6041,1.398,16.304,11.801,10.911,20.629,21.341,18.581,20.805,11.8,19.733,21.143,13.941,14.331,14.216,14.59,13.897,14.123,13.161,13.198,13.273,13.35,13.374,13.092,17.28,17.098,16.892,17.724,17.925,15.811,19.943,16.888,10.437,9.3666,5.2716,12.959,12.122,13.99,13.625,15.755,15.863,19.673,20.787,18.505,63.53,19.224,6.3682,1.9441,9.4848,8.7418,8.1707,7.6276,4.9633,4.3598,11.422,15.975,48.467,27.777,11.835,18.066,99.586,124.98,50.883,61.875,46.642,47.807,11.896,44.758,7.3811,13.038,71.502,51.975,44.842,67.601,53.398,53.141,40.319,32.225,31.06,26.231,30.246,35.161,31.773,4.7672,10.518,7.3307,7.394,3.1048,4.6896,11.034,9.706,14.104,14.298,20.429,22.564,19.994,21.223,21.534,11.198,12.555,36.977,13.722,13.466,13.985,13.941,13.546,13.157,15.142,5.9919,15.088,14.132,13.168,13.37,24.918,14.68,34.901,8.7552,9.4195,18.76,24.477,22.357,14.897,11.379,10.857,24.171,19.901,19.188,20.649,4.2878,8.5336,9.2993,11.477,8.8361,14.043,14.007,13.776,13.855,13.997,13.745,14.179,12.947,13.093,12.889,13.527,13.023,13.667,8.7938,13.922,18.036,19.312,19.442,19.495,9.6278,8.9336,11.56,9.5419,13.862,13.667,14.083,13.955,12.949,13.08,12.935,13.136,12.967,11.828,8.955,8.1445,8.3392
37.778,3.3732,18.283,28.846,97.464,104.21,97.951,108.18,25.221,108.64,117.73,81.974,6.7508,1.015,0,12.476,16.498,13.028,9.4678,12.074,12.817,12.106,12.266,6.8108,13.626,15.145,12.252,8.312,4.7193,12.323,1.4692,4.5136,1.6689,2.2706,18.95,19.165,15.082,15.264,44.736,24.683,3.1497,23.088,15.677,23.843,47.227,94.581,121.25,80.115,94.814,73.614,62.547,34.843,39.899,31.57,39.489,24.183,13.654,10.704,9.9218,10.048,7.1718,7.1993,6.8879,29.336,31.078,25.991,41.693,62.755,21.165,2.9542,1.5605,6.9339,9.6617,0.93745,9.2596,9.457,5.8155,12.951,13.738,10.987,12.843,10.06,18.378,16.535,11.67,11.833,11.655,12.275,11.652,11.8,7.0058,7.002,7.098,7.1073,7.115,6.9629,13.674,13.503,13.408,14.08,14.358,12.573,15.883,13.755,9.7746,4.9045,3.2837,10.43,11.31,7.4953,7.2326,8.8055,8.8701,12.107,12.831,10.975,56.289,11.747,3.2394,1.722,12.231,13.157,6.5767,13.986,10.293,8.7692,18.779,24.723,55.147,37.735,19.78,26.965,86.898,105.69,39.298,48.933,41.633,35.255,6.7136,40.001,3.0994,7.086,57.286,42.92,36.162,55.575,41.027,46.203,33.714,26.801,25.773,36.393,36.754,41.319,43.16,9.6894,10.941,7.2737,13.541,7.6699,10.063,5.8734,4.5114,7.8407,7.8766,12.7,14.721,12.466,13.406,13.782,6.0941,7.3869,29.11,11.415,11.458,12.036,11.64,7.2526,6.9666,11.078,4.8884,11.328,11.173,9.7152,10.446,19.987,10.044,29.034,4.492,4.9713,11.049,15.524,15.094,9.4779,5.6684,5.3262,16.718,13.173,12.627,13.702,9.356,15.295,16.458,19.29,15.831,11.757,11.686,11.493,11.585,11.744,11.448,11.815,6.8248,6.9371,6.7695,7.2199,6.8697,7.2768,4.2997,7.4313,10.495,12.695,12.763,12.82,16.895,15.887,18.926,16.674,11.587,11.432,11.795,11.561,6.8327,6.9239,6.8266,6.9701,6.8424,6.5794,4.3396,3.6519,3.9765
36.763,19.277,49.393,68.57,50.394,75.788,46.057,69.85,3.3816,60.033,59.81,53.716,22.967,20.59,12.476,0,15.475,0.7356,6.4034,15.132,17.531,18.259,18.774,1.192,15.545,16.98,16.076,3.1658,2.4823,4.8973,14.35,6.3164,19.574,25.386,44.576,46.647,42.451,38.091,86.94,63.233,17.344,69.191,55.494,62.588,107.91,44.354,77.876,36.024,48.977,31.898,23.758,7.5871,33.472,14.065,15.459,2.6969,1.5752,0.76463,0.2049,1.9405,0.92946,0.86583,1.1076,23.64,29.062,21,88.313,130.41,66.115,21.666,13.88,33.735,38.961,14.886,0.37172,15.776,3.3641,1.4127,2.2955,0.16835,0.53145,18.416,27.51,14.608,18.069,17.433,17.051,18.476,18.136,18.006,1.1514,1.0459,1.159,0.99275,0.95959,1.1923,15.347,15.223,15.516,15.595,16.114,15.577,15.859,17.036,21.913,4.6189,11.479,16.034,22.806,0.65013,0.73593,0.34633,0.30963,1.0489,0.54081,0.30615,43.556,1.0156,9.059,17.601,36.372,43.402,18.31,51.857,45.268,40.835,61.152,71.903,97.736,90.016,63.557,74.945,54.88,51.802,13.087,17.823,37.056,6.5929,3.8305,36.349,3.8069,1.7738,21.69,24.667,19.494,26.994,12.261,34.886,24.077,21.497,20.992,89.148,77.942,81.571,100.16,43.433,30.073,24.435,50.584,39.672,44.825,3.2072,2.1416,1.4474,1.0321,1.0622,2.4129,1.4502,1.3823,1.8876,3.5652,4.4488,15.519,17.704,18.778,19.518,17.932,0.95492,1.0378,11.403,15.943,12.655,15.243,12.223,14.694,16.74,8.5448,22.121,4.9172,4.7183,0.068684,0.21,4.5452,5.4617,1.9689,1.7343,5.3971,4.5311,4.58,4.3074,43.353,54.646,57.547,62.485,56.403,18.094,17.906,17.859,17.989,18.197,17.769,17.877,1.1226,1.1074,1.097,0.90469,1.0726,0.75358,4.032,0.65042,0.11462,4.4612,4.3225,4.3891,58.343,56.48,61.353,57.929,17.977,17.969,18.123,17.539,1.1436,1.0984,1.1593,1.1012,1.1281,3.509,3.6863,3.5541,4.1911
5.0983,34.423,68.986,86.876,44.906,38.314,51.935,43.331,14.018,50.371,65.363,26.398,7.0376,20.839,16.498,15.475,0,9.981,2.1365,0.47444,0.69063,1.081,1.1709,9.9373,0.21699,0.16361,0.5639,4.9152,17.685,3.0413,26.865,25.944,28.548,24.171,70.771,71.221,63.016,63.324,114.58,79.127,33.179,53.071,52.955,77.239,95.646,48.666,52.588,37.341,42.741,33.248,28.775,17.003,5.1544,5.4535,10.606,14.892,7.8802,9.3601,12.774,6.4627,10.76,11.147,10.231,1.8353,2.5779,1.0798,107.36,118.56,53.875,33.397,26.927,43.224,20.94,11.454,11.783,1.4835,5.9079,7.9907,6.4861,12.47,10.708,1.9802,2.524,0.020756,1.1808,0.96005,0.92833,1.0837,1.2065,1.1175,9.8433,10.37,9.6899,10.492,10.675,9.7208,0.19281,0.20828,0.24907,0.15713,0.16726,0.41597,0.020152,0.38365,3.6807,5.3156,5.2237,1.1346,3.1907,12.671,12.467,12.891,13.639,8.6739,10.662,11.435,11.841,8.6862,27.128,28.811,12.94,20.533,41.04,36.833,41.746,43.312,58.132,65.503,131.53,93.307,50.453,72.035,30.062,56.342,12.999,18.222,6.0112,21.188,4.7992,5.493,9.15,7.7719,24.024,7.6773,5.5308,16.395,16.324,7.5058,3.1931,1.2504,1.0333,88.808,101.03,109.3,97.029,43.365,53.769,45.046,34.704,33.482,36.236,6.0731,10.77,8.1076,9.4081,8.8137,6.677,7.7507,8.2343,7.265,5.4569,3.9299,3.2893,1.1743,1.4724,1.4844,1.1544,10.47,10.476,0.57617,4.834,0.48459,0.7318,0.89776,0.88067,0.18496,1.2328,1.8035,5.4544,5.1694,15.964,18.569,3.9787,2.6676,18.09,10.331,3.73,3.4917,3.3542,3.823,39.469,39.833,46.794,47.975,46.675,1.1566,1.1309,1.1877,1.1898,1.1901,1.1798,1.0781,10.258,10.153,10.499,10.831,10.452,12.002,6.5741,13.363,15.796,3.4732,3.6153,3.5614,47.101,49.133,58.618,50.755,1.1855,1.2409,1.1512,1.0786,10.137,10.22,10.069,10.133,10.2,5.2213,6.9898,8.3618,6.8035
27.397,22.84,55.576,75.329,42.573,62.226,40.46,57.894,2.0009,51.057,53.519,42.6,19.13,20.966,13.028,0.7356,9.981,0,3.3809,10.251,12.297,13.092,13.542,1.0202,10.387,11.457,11.069,1.3691,4.2012,2.0048,16.974,9.5073,21.866,25.774,51.777,53.651,48.485,44.776,96.185,69.294,20.897,68.368,57.276,68.372,109.5,38.554,65.698,30.135,41.103,26.261,19.297,5.36,24.352,8.5246,10.15,1.7253,0.15816,0.11454,0.52795,0.50367,0.95336,0.98818,1.0096,16.153,20.833,14.036,95.954,132.82,66.102,24.7,16.574,37.061,35.963,13.805,0.50268,11.317,2.0333,0.11626,0.43792,0.31466,0.016556,13.652,20.781,9.2331,12.996,12.379,12.059,13.263,13.063,12.914,0.94269,0.97809,0.90308,0.9504,0.96485,0.95304,10.205,10.12,10.392,10.37,10.792,10.57,10.38,11.701,17.107,3.0681,9.134,11.356,17.604,1.1361,1.1883,0.79246,0.93293,0.05214,0.01497,0.18719,32.979,0.06316,12.289,20.22,31.551,39.341,23.26,50.454,46.319,43.023,63.08,73.516,108.49,94.469,63.218,77.474,43.977,45.682,8.6932,13.044,27.473,5.4606,2.0787,26.907,3.4691,0.97624,16.915,17.046,12.759,19.844,8.5988,25.49,16.407,14.423,14.041,92.781,85.994,90.636,103.56,45.184,36.012,29.434,48.89,39.78,44.643,1.9315,2.2744,0.69752,0.64641,0.036299,0.48428,0.14094,0.10174,0.2675,2.0705,2.3357,9.5143,12.706,13.7,14.282,12.875,0.89759,1.0001,7.1589,12.73,8.1919,10.501,8.0826,10.137,10.76,4.9542,14.865,3.4011,3.1121,1.0579,1.3448,1.6413,2.694,3.7578,1.7344,2.1508,1.7094,1.7746,1.5413,44.217,53.444,57.495,61.749,56.543,13.003,12.842,12.835,12.939,13.102,12.761,12.792,1.0355,0.98572,1.0766,0.944,1.0341,1.0879,2.9245,1.3085,1.1142,1.6935,1.6009,1.6396,58.211,57.192,63.355,58.749,12.927,12.95,13.023,12.526,1.0239,0.99533,1.0219,0.97219,1.0245,1.916,2.7214,3.0058,3.1497
13.706,22.597,53.836,71.365,47.732,52.032,50.707,53.676,7.8324,55.022,64.878,36.038,7.603,14.596,9.4678,6.4034,2.1365,3.3809,0,1.8691,2.7896,3.1687,3.3924,2.8587,1.9957,2.5457,2.2223,0.58524,7.6811,0.38441,16.398,13.76,18.986,18.152,53.54,54.449,47.859,46.762,95.087,64.7,21.252,50.674,45.768,63.289,90.224,47.895,62.953,37.143,45.741,32.796,26.559,11.856,12.974,6.522,10.836,8.0473,2.4339,2.7806,4.5833,1.3254,3.311,3.5271,3.0174,6.9772,9.2165,5.3969,90.849,112.27,50.044,22.651,16.305,32.552,21.011,7.2539,3.9708,2.4009,0.98633,2.3804,1.8204,4.4983,3.7375,3.547,7.4302,1.8941,3.1275,2.8222,2.671,3.2523,3.1613,3.0839,2.81,3.0945,2.7296,3.1622,3.2632,2.7443,1.927,1.8819,1.984,2.0208,2.2099,2.0174,2.2006,2.5533,5.5812,0.91226,2.7373,2.3673,5.7096,4.4076,4.284,4.5825,5.0268,2.5961,3.7118,3.917,21.66,2.5569,15.159,18.561,15.699,22.446,26.607,34.835,35.444,34.908,50.877,59.111,109.53,82.522,47.087,64.166,39.085,55.852,11.545,17.072,14.733,14.114,0.55119,14.045,2.7882,1.7603,22.557,12.171,8.6536,19.384,13.471,15.448,8.3677,5.7297,5.3444,79.427,83.459,89.966,88.332,35.807,38.197,30.908,33.132,28.549,31.982,1.0446,3.4077,1.9412,2.6017,2.7443,2.0699,2.1981,2.5638,2.1708,0.80395,0.28221,5.4064,2.989,3.4923,3.7789,3.0679,3.1525,3.1522,0.71761,3.9973,1.0611,1.9652,1.0162,1.817,2.9794,0.15444,6.4747,1.0426,0.86093,6.5721,8.6329,1.1239,0.039032,7.8678,3.1056,1.3936,0.63206,0.50858,0.81801,33.411,37.6,42.761,45.23,42.285,3.1293,3.0507,3.051,3.1006,3.179,3.0151,3.0235,3.0319,2.9756,3.1631,3.351,3.1379,4.0148,1.4312,4.8166,6.4286,0.5515,0.60231,0.59568,43.227,43.789,51.243,45.275,3.0945,3.1098,3.1386,2.8971,2.9665,3.0117,2.9297,2.965,3.0003,0.69508,1.5817,2.2959,1.5835
7.2666,28.109,58.989,75.191,54.077,46.891,60.936,52.856,16.162,60.304,75.673,33.875,3.9122,15.309,12.074,15.132,0.47444,10.251,1.8691,0,0.094365,0.2156,0.27479,8.8475,0.053699,0.17395,0.016704,4.4582,15.203,3.4441,21.466,22.144,22.457,18.045,61.243,61.471,53.709,54.489,101.4,67.944,27.155,43.643,43.434,66.144,82.729,57.479,63.05,45.169,51.73,40.57,35.094,20.421,8.1173,8.6964,14.836,16.798,8.4128,9.2001,12.151,6.3418,9.6886,10.048,9.1355,3.9614,4.4155,2.8594,94.135,104.13,44.284,26.847,21.591,35.197,15.265,7.4995,11.105,0.28068,4.7975,8.3804,7.1055,12.108,10.884,0.5709,1.846,0.59354,0.23311,0.13778,0.11257,0.23056,0.24491,0.21063,8.8089,9.2913,8.6904,9.4279,9.5973,8.6858,0.06338,0.054184,0.039324,0.09081,0.10325,0.0054818,0.32143,0.070723,1.6593,3.9404,2.7822,0.14669,1.45,11.498,11.25,12.005,12.691,8.8522,10.84,11.164,16.494,8.7906,22.642,22.914,8.9235,15.166,34.815,29.031,33.353,34.905,48.121,54.828,117.61,80.538,41.201,60.825,38.073,65.904,17.191,23.4,8.8684,24.361,3.9451,8.1345,7.078,6.905,29.948,11.956,9.1572,22.189,20.622,11.405,6.0567,3.1303,2.7725,76.32,88.536,96.513,83.934,34.87,45.877,37.893,27.167,25.997,28.418,4.9744,9.005,7.4,8.6164,9.1015,7.4718,8.0588,8.698,7.8558,4.4312,3.2432,6.083,0.21222,0.3734,0.42747,0.21758,9.443,9.3797,0.27868,2.2959,0.11571,0.02781,0.19064,0.066004,1.243,0.95312,4.0314,3.9455,3.8131,15.26,18.524,4.9073,2.4472,15.822,8.8279,4.9372,4.0664,3.8225,4.4988,31.32,31.696,37.864,38.993,37.747,0.22716,0.20908,0.22413,0.2316,0.24327,0.21716,0.19224,9.145,9.0761,9.3514,9.7649,9.3333,10.842,5.0018,12.104,14.987,3.9562,4.1125,4.0693,38.146,39.951,48.565,41.415,0.22958,0.24707,0.22721,0.17507,9.0364,9.1342,8.9725,9.0658,9.0959,4.3289,5.4194,6.5163,5.1218
6.586,29.328,59.831,75.609,56.733,47.011,64.419,53.989,18.677,62.792,79.384,34.551,3.3971,15.552,12.817,17.531,0.69063,12.297,2.7896,0.094365,0,0.043551,0.064634,10.593,0.15754,0.19884,0.032325,5.797,17.168,4.6767,22.663,24.188,23.251,18.062,62.675,62.737,54.758,55.982,102.23,68.276,28.481,41.893,42.694,66.399,80.595,60.806,64.457,48.079,54.293,43.385,37.992,23.09,7.8439,9.9678,16.583,19.384,10.288,11.114,14.276,7.9556,11.52,11.908,10.909,4.0185,4.0628,2.992,94.311,101.73,42.796,27.761,22.84,35.655,14.099,7.7693,13.133,0.26158,6.0699,10.249,8.8374,14.263,12.983,0.34974,1.1196,0.89599,0.067101,0.027403,0.03,0.044663,0.073021,0.052498,10.561,11.083,10.437,11.236,11.419,10.426,0.18694,0.18351,0.13881,0.20512,0.1795,0.074119,0.47657,0.045382,1.1837,5.0219,3.1313,0.12328,0.92414,13.475,13.197,14.077,14.811,10.759,12.935,13.249,16.29,10.686,24.435,23.916,7.6682,13.692,36.624,27.679,32.756,34.76,47.249,53.572,118.77,79.61,39.713,59.73,39.041,69.394,19.291,25.728,8.3681,27.374,5.148,7.6067,8.3761,8.4859,32.567,12.794,10.098,23.804,23.057,11.384,6.3263,3.2577,2.8943,75.171,89.158,97.431,82.457,34.515,47.436,39.363,25.801,25.374,27.55,6.2735,10.611,9.0619,10.392,11.039,9.2433,9.8901,10.601,9.672,5.6707,4.366,6.9938,0.07051,0.14651,0.15365,0.061999,11.259,11.176,0.69702,2.259,0.41863,0.088765,0.49203,0.15833,1.4904,1.6409,4.2208,4.9891,4.8796,17.621,21.199,6.3393,3.4882,17.897,10.482,6.3399,5.3941,5.1155,5.8881,30.744,30.294,36.617,37.451,36.578,0.060944,0.056604,0.071449,0.070235,0.068393,0.070808,0.04492,10.916,10.847,11.136,11.604,11.121,12.763,6.1847,14.117,17.312,5.2699,5.4502,5.4001,36.857,38.913,47.707,40.359,0.069286,0.084166,0.059445,0.049966,10.799,10.909,10.729,10.837,10.863,5.5807,6.6602,7.8177,6.2889
7.1792,28.259,57.742,72.989,59.92,49.417,67.769,56.885,20.06,66.129,83.121,36.818,2.6993,14.438,12.106,18.259,1.081,13.092,3.1687,0.2156,0.043551,0,0.0038678,10.971,0.35944,0.42477,0.11563,6.2327,17.25,5.3024,21.819,23.958,22.134,16.741,60.851,60.815,52.894,54.347,99.334,65.761,27.513,39.301,40.33,63.888,77.03,64.07,67.658,50.992,57.412,46.146,40.522,24.833,8.7386,11.318,18.299,20.726,11.106,11.768,14.866,8.5443,11.924,12.311,11.292,4.785,4.6545,3.6901,91.244,97.716,40.228,26.558,22.026,33.967,12.597,7.0583,13.684,0.17123,6.3246,11.029,9.642,14.926,13.768,0.15708,0.98507,1.3326,0.004359,0.010082,0.021247,0.0007683,0.0053188,0.0019753,10.955,11.475,10.838,11.635,11.818,10.816,0.40228,0.39408,0.32794,0.43404,0.39951,0.20504,0.80819,0.17744,0.7736,5.1623,2.8209,0.085939,0.57213,13.889,13.593,14.587,15.318,11.496,13.719,13.917,17.628,11.402,23.97,22.898,6.5618,12.191,35.725,25.596,30.712,32.825,44.729,50.79,115.77,76.382,37.231,56.853,41.516,72.888,21.087,27.828,9.1797,29.141,5.4499,8.3572,8.3952,8.8788,34.927,14.297,11.462,25.882,24.962,12.577,7.3313,3.9797,3.5795,71.959,86.386,94.659,79.01,32.506,46.056,38.146,23.781,23.552,25.583,6.5378,10.784,9.515,10.852,11.811,10.102,10.641,11.409,10.49,5.9385,4.6901,8.141,0.010199,0.030522,0.036538,0.0045829,11.67,11.565,0.94351,1.8282,0.61839,0.1439,0.60629,0.19343,2.0355,1.959,5.0459,5.0864,5.0211,18.249,22.071,7.1469,3.9093,18.061,10.733,7.2103,6.0866,5.7727,6.6214,28.767,28.115,34.275,35.023,34.256,0.0027309,0.0037485,0.0080249,0.0060064,0.0036567,0.009192,0.0023817,11.294,11.234,11.509,12.012,11.502,13.167,6.3009,14.518,17.905,5.936,6.1258,6.0766,34.499,36.56,45.18,37.963,0.0058918,0.010583,0.002212,0.0085265,11.178,11.295,11.108,11.228,11.243,5.8851,6.7913,7.8946,6.3735
7.1039,28.5,57.882,73.034,60.552,49.545,68.563,57.219,20.615,66.733,83.969,37.048,2.6196,14.491,12.266,18.774,1.1709,13.542,3.3924,0.27479,0.064634,0.0038678,0,11.352,0.42267,0.47363,0.15876,6.5377,17.664,5.5924,22.062,24.379,22.292,16.746,61.111,61.041,53.08,54.624,99.451,65.792,27.776,38.933,40.161,63.904,76.562,64.833,68.053,51.665,58.024,46.797,41.182,25.427,8.7492,11.635,18.718,21.293,11.524,12.189,15.325,8.9059,12.321,12.715,11.678,4.855,4.6416,3.7726,91.23,97.186,39.912,26.736,22.279,34.045,12.371,7.1278,14.124,0.20293,6.6119,11.445,10.032,15.393,14.227,0.14745,0.88082,1.4402,0.0088443,0.026424,0.043122,0.0019889,0.0085457,0.0082993,11.337,11.865,11.22,12.029,12.214,11.196,0.46965,0.46241,0.38999,0.50002,0.45799,0.25959,0.88479,0.21413,0.70947,5.4101,2.9167,0.11829,0.50004,14.315,14.013,15.034,15.774,11.917,14.177,14.37,17.664,11.821,24.337,23.099,6.3298,11.906,36.082,25.318,30.58,32.782,44.531,50.511,115.95,76.154,36.916,56.602,41.807,73.687,21.575,28.368,9.1448,29.802,5.7252,8.3153,8.6808,9.2286,35.53,14.536,11.717,26.285,25.517,12.644,7.4484,4.0618,3.6596,71.688,86.465,94.795,78.671,32.42,46.352,38.43,23.503,23.421,25.401,6.8304,11.133,9.882,11.241,12.239,10.501,11.049,11.832,10.897,6.2199,4.9508,8.3841,0.019381,0.021933,0.018979,0.011202,12.065,11.956,1.0679,1.8471,0.71948,0.19489,0.70471,0.24984,2.1356,2.1366,5.1427,5.3257,5.266,18.754,22.643,7.4799,4.1571,18.498,11.093,7.5395,6.3966,6.075,6.9442,28.64,27.825,34.011,34.7,34.007,0.0073026,0.011086,0.015029,0.011336,0.0063969,0.017453,0.010987,11.679,11.62,11.897,12.411,11.891,13.582,6.5673,14.951,18.402,6.2425,6.4372,6.3867,34.226,36.335,44.984,37.733,0.011448,0.015359,0.0065153,0.021395,11.562,11.682,11.491,11.614,11.628,6.1698,7.0691,8.1825,6.636
