0,0.10856,19.946,19.301,17.094,15.642,43.253,165.03,59.933,66.89,314.66,230.58,186.58,208.43,148.27,38.607,48.984,51.938,55.522,47.511,49.692,55.35,56.322,55.66,55.629,55.574,50.536,52.688,55.117,58.966,62.491,57.411,13.301,0.38691,4.4231,6.7055,11.576,15.968,16.051,7.902,12.754,20.784,24.558,15.965,19.435,21.621,21.24,18.673,19.143,37.889,25.319,24.487,36.253,37.188,38.618,44.307,243.43,243.1,226.61,158.2,161.23,154.59,116.43,91.147,84.557,82.938,102.97,91.627,85.007,82.982,67.031,65.845,79.118,66.376,66.61,282.97,250.81,223.23,223.39,179.98,218.44,212.64,198.62,163.79,112.41,174,121.86,120.81,108.92,110.85,109.65,54.468,53.684,54.832,55.238,55.813,57.09,57.302,56.803,56.122,58.727,40.401,49.841,55.04,48.669,55.021,49.894,50.347,49.625,55.928,56.175,54.133,55.423,53.375,50.94,50.24,57.076,55.291,56.583,55.786,58.814,56.483,58.406,10.631,8.5837,1.1092,5.4597,30.184,20.034,24.051,17.439,20.9,22.734,22.432,22.099,34.163,35.302,36.662,29.351,258.23,267.1,232.66,334.98,170.91,159.26,133.07,116.75,66.333,277.11,292.35,140.13,107.47,148.94,188.26,110.3,109.29,110.71,111.91,113.79,112.79,56.158,55.863,55.407,57.434,57.099,56.143,55.937,58.051,62.547,54.954,46.701,49.335,49.031,51.392,47.746,55.89,55.564,50.816,45.584,58.198,58.062,246.32,245.34,66.408,65.863,66.12,66.149,67.248,131.85,119.63,120.06,154.83,117.33,115.21,55.041,55.539,56.125,55.015,49.78,49.895,49.195,49.543,50.558,51.239,56.163,55.744,57.285,57.409,56.531,57.12,49.924,49.784,56.042,54.849,55.476,56.01,56.082
0.10856,0,17.595,16.587,14.618,13.151,39.186,157.88,54.959,62.321,303.34,221.5,178.3,199.67,141.65,34.661,44.489,47.326,50.755,43.079,45.163,51.076,52.013,51.376,51.357,51.287,46.656,48.638,50.827,54.816,58.215,53.27,11.607,0.46641,4.1146,6.2226,9.7433,13.688,14.687,6.3555,11.091,18.218,22.002,14.268,17.231,18.983,18.683,16.121,16.533,34.311,22.346,21.347,32.469,33.464,34.755,40.188,233.49,233.86,217.42,151.23,153.03,146.93,109.46,86.028,79.901,78.027,96.745,86.485,79.725,78.07,62.558,61.32,74.352,61.814,62.03,272.2,240.86,214.65,214.45,172.29,210.25,203.3,190.66,156.63,106.79,166.48,116,114.93,103.25,105.14,103.98,49.743,48.992,50.098,50.494,51.031,52.22,52.422,51.945,51.294,53.79,37.544,45.301,50.263,44.195,50.257,45.363,45.787,45.1,51.632,51.871,49.903,51.142,49.202,46.963,46.379,52.896,51.24,52.491,51.718,54.627,52.361,54.274,8.6854,6.8934,1.6506,5.1217,26.672,18.303,21.199,15.993,18.495,20.38,19.425,19.161,30.421,31.618,32.882,26.322,248.15,256.8,223.24,323.44,162.55,151.18,126.55,110.29,61.781,266.74,282.36,132.83,100.78,141.83,179.54,104.09,103.36,105.03,106.24,108.08,106.94,51.358,51.082,50.643,52.548,52.229,51.314,51.118,53.139,57.444,50.209,42.34,44.825,44.534,46.782,43.305,51.605,51.287,46.778,41.617,54.029,53.903,237.29,235.33,61.8,61.356,61.572,61.633,62.65,125.52,113.72,114.17,146.93,111.49,109.5,50.293,50.766,51.328,50.269,45.248,45.356,44.689,45.02,45.989,47.242,51.953,50.967,52.406,52.524,51.685,52.249,45.383,45.25,51.248,50.114,50.714,51.223,51.298
19.946,17.595,0,2.467,1.3447,7.5317,7.2516,70.316,19.043,13.919,186.68,116.97,87.146,102.23,59.451,8.3729,14.746,14.568,15.878,15.145,15.099,9.2907,9.6748,9.406,9.3581,9.3952,7.0103,7.9325,9.2936,10.326,11.831,9.7046,24.648,23.046,29.478,8.0421,1.1814,0.6017,3.0071,2.9059,1.1017,0.24622,0.26689,1.1964,0.097456,0.34023,0.15567,0.92489,1.1451,3.4757,1.2402,5.5708,6.3969,4.7286,6.1317,7.6505,133.41,125.43,115.46,65.863,79.443,67.088,51.503,25.82,22.663,21.538,35.224,26.074,23.022,21.56,13.869,13.434,19.616,13.704,13.829,163.67,135.97,110.3,111.85,80.601,106.44,112.56,92.941,69.546,37.691,76.513,43.24,42.591,35.65,36.754,36.061,15.663,15.409,15.427,15.294,16.156,20.256,20.413,20.272,19.983,19.914,4.7402,15.785,20.841,13.986,16.893,14.523,15.466,14.995,9.5226,9.6184,8.8172,9.3333,8.4318,7.261,6.8949,9.6185,8.8384,9.3545,9.036,10.282,9.3387,10.093,2.6147,2.9318,21.923,9.3829,9.4633,1.9839,20.101,2.8765,0.011295,0.25941,5.6992,3.3716,9.8406,5.0374,5.9084,1.0751,141.34,148.43,120.84,199.56,83.041,75.539,50.215,41.799,13.672,154.3,160.7,57.952,45.401,60.741,93.697,37.652,36.16,36.67,37.372,38.464,37.911,16.488,15.978,15.937,20.488,20.293,19.58,19.518,21.393,23.1,15.747,11.9,14.653,14.717,16.27,14.75,9.4736,9.3586,7.3543,6.0773,10.029,9.9681,126.68,135.41,13.812,13.415,13.579,13.543,14.113,49.271,41.878,42.139,70.899,40.524,39.309,15.78,16.172,16.363,15.682,15.1,15.196,14.859,15.162,15.456,7.3873,9.3539,16.01,20.275,20.453,20.028,20.358,15.28,15.152,16.333,15.448,15.721,16.028,15.808
19.301,16.587,2.467,0,0.23692,1.7138,4.8292,77.068,11.871,17.433,178.1,118.64,87.173,102.24,67.165,3.5117,7.6358,8.3457,9.716,7.4476,7.9181,11.152,11.592,11.306,11.367,11.22,10.691,10.905,10.873,14.791,16.439,13.682,13.899,20.526,22.234,13.559,2.3061,0.92851,9.6906,3.216,4.4203,1.253,3.6057,6.1007,3.45,1.1842,1.5677,0.37268,0.25116,4.2433,0.92687,0.73652,2.6753,3.0777,3.3291,5.1809,125.66,128.19,114.79,72.659,69.541,65.193,41.819,32.089,30.793,27.216,33.561,32.293,25.909,27.243,18.31,16.984,25.387,17.1,17.137,154.53,131.11,115.77,113.53,85.501,114.67,103.93,99.342,75.953,45.318,81.734,51.22,50.184,42.001,43.286,42.642,9.348,9.056,9.4015,9.4997,9.8706,11.53,11.642,11.469,11.198,11.813,12.362,8.1867,11.319,7.3228,9.8416,7.7879,8.1953,7.8683,11.405,11.521,10.61,11.158,10.476,10.205,10.632,13.117,12.822,13.459,13.054,14.365,13.135,14.516,1.3589,2.4183,24.422,14.574,2.5718,8.5681,8.7303,9.7792,2.5923,4.2206,0.68659,0.13473,3.1583,2.4152,2.7613,2.8035,136.51,142.9,118.59,193.59,75.426,67.8,55.188,42.521,17.135,150.53,165.54,55.878,36.412,63.84,87.007,39.074,40.203,43.48,44.433,45.748,43.732,10.056,9.8439,9.6952,11.702,11.547,11.046,10.974,12.208,13.973,9.5129,6.2686,7.6893,7.6372,8.7156,7.356,11.458,11.282,9.6619,6.6028,14.045,14.032,132.47,127.05,16.768,17.139,17.015,17.282,17.474,55.627,48.976,49.46,64.802,47.583,46.917,9.5472,9.7919,10.015,9.5159,7.9396,7.9985,7.7221,7.9038,8.2427,10.268,12.212,9.8146,11.584,11.683,11.31,11.577,8.0328,7.9574,9.9828,9.4114,9.6661,9.9008,9.875
17.094,14.618,1.3447,0.23692,0,2.5354,6.0338,78.455,14.788,17.68,185.91,122.56,90.871,106.29,67.954,5.1716,10.193,10.79,12.258,10.09,10.515,11.553,12.006,11.705,11.733,11.638,10.403,10.897,11.349,14.523,16.23,13.516,15.242,18.757,21.797,10.408,1.1079,0.23044,6.9172,1.9921,2.6113,0.61046,2.4376,3.9632,2.024,0.62976,0.82841,0.067091,0.063542,4.3847,0.8719,1.8087,3.9651,3.8635,4.4707,6.4335,132.29,131.98,119.3,73.91,75.392,68.872,46.739,32.12,30.075,27.228,36.158,32.351,26.81,27.255,18.28,17.191,25.273,17.367,17.437,162.06,137.1,118.49,117.34,87.697,116.48,110.33,101.4,77.422,45.412,83.734,51.405,50.467,42.414,43.685,43,11.894,11.587,11.889,11.944,12.451,14.717,14.846,14.664,14.368,14.909,10.458,10.885,14.616,9.7651,12.58,10.288,10.835,10.45,11.818,11.935,10.994,11.572,10.764,10.151,10.317,13.086,12.59,13.23,12.826,14.209,12.996,14.244,0.7716,1.4815,21.203,11.391,4.3695,6.0816,11.048,7.0161,1.4831,2.7679,1.7019,0.70558,5.076,3.3875,3.9202,2.335,142.6,149.29,123.62,200.98,80.884,73.084,56.515,44.752,17.381,156.6,169.4,59.339,40.972,66.018,92.523,40.972,41.318,43.791,44.692,45.978,44.39,12.683,12.39,12.253,14.914,14.739,14.16,14.084,15.527,17.418,12.055,8.3994,10.224,10.189,11.455,9.937,11.84,11.671,9.7926,7.0796,13.891,13.859,135.43,133.87,17.167,17.294,17.264,17.44,17.776,56.514,49.387,49.812,69.592,47.958,47.077,12.091,12.387,12.62,12.043,10.535,10.606,10.292,10.514,10.876,10.242,12.345,12.371,14.77,14.89,14.478,14.778,10.653,10.561,12.586,11.902,12.181,12.449,12.379
15.642,13.151,7.5317,1.7138,2.5354,0,9.9084,97.6,15.099,28.849,195.71,139.58,104.7,120.94,87.217,6.1976,9.7389,11.5,13.301,8.8904,10.044,20.423,20.997,20.632,20.758,20.49,20.556,20.58,19.942,25.994,28.075,24.444,5.9872,15.328,13.93,16.651,4.9423,3.9769,15.953,4.4478,8.5245,5.5897,9.9238,11.651,8.9127,5.5575,6.2303,3.3357,3.0633,10.862,5.1291,1.4657,5.9441,7.9789,7.5793,10.347,140.6,150.45,133.97,92.802,78.34,79.546,47.805,47.225,46.391,41.332,44.605,47.44,38.539,41.366,30.286,28.323,39.225,28.395,28.403,170.3,148.54,138.76,134.11,105.79,139.05,116.65,121.59,96.206,62.865,101.88,69.646,68.32,58.569,60.101,59.395,12.7,12.294,13.023,13.347,13.388,13.167,13.261,13.009,12.678,14.149,23.099,9.9807,12.043,9.7584,12.657,10.302,10.319,10.031,20.748,20.902,19.712,20.412,19.656,19.678,20.496,23.563,23.368,24.21,23.672,25.331,23.696,25.637,2.2257,3.2956,22.402,17.029,2.4443,15.646,3.1306,16.431,7.886,10.577,0.93378,1.7403,3.7775,6.3809,6.5136,8.8992,154.31,160.61,136.97,213.97,86.588,78.168,72.641,56.176,28.467,169.98,191.42,69.201,42.295,81.158,99.862,52.728,55.432,60.442,61.627,63.205,60.278,13.492,13.487,13.205,13.323,13.167,12.744,12.641,13.551,15.836,12.981,9.3118,9.9538,9.7711,10.72,9.0812,20.861,20.613,18.733,13.971,24.91,24.911,156.79,141.64,27.8,28.582,28.311,28.762,28.831,73.818,66.749,67.391,76.142,65.169,64.659,13.026,13.205,13.516,13.044,10.092,10.132,9.8275,9.9481,10.438,19.733,22.18,13.397,13.271,13.314,12.893,13.17,10.129,10.082,13.472,13.026,13.331,13.565,13.7
43.253,39.186,7.2516,4.8292,6.0338,9.9084,0,45.451,3.1056,5.8772,124.96,75.913,51.094,62.745,38.819,0.83852,2.2463,1.6504,1.8922,2.8213,2.3277,2.573,2.7333,2.6396,2.726,2.5691,3.9528,3.3266,2.3249,5.7149,6.3873,4.9257,30.387,45.267,46.724,30.026,11.495,7.3624,19.262,14.877,13.654,5.2876,6.4674,14.252,8.8159,4.7936,5.4516,5.3328,4.9794,1.2021,2.7661,3.7825,0.54487,0.27422,0.15607,0.0064138,81.824,83.753,72.584,42.254,39.294,34.54,20.146,15.149,16.162,12.075,12.947,15.224,9.6105,12.093,6.9438,5.7218,11.233,5.6578,5.6131,105.59,85.751,74.567,71.854,50.953,74.778,64.85,62.08,44.467,24.057,48.244,28.102,27.151,21.078,22.004,21.633,1.8999,1.8636,1.7405,1.6378,2.0018,4.331,4.4009,4.3988,4.3309,3.8078,10.811,2.7379,5.2025,1.8468,2.5071,1.9427,2.432,2.2759,2.6574,2.7032,2.3844,2.5514,2.5162,3.1618,4.0019,4.3383,4.6997,4.9836,4.7923,5.2245,4.6061,5.5915,11.012,13.494,49.784,32.246,4.071,15.583,17.307,18.652,6.9368,8.1915,4.7791,3.77,2.9047,0.41905,0.35568,3.1564,90.116,95.392,75.556,137.5,42.818,37.248,29.004,19.012,5.7194,101.48,114.68,27.855,16.399,34.377,51.307,16.939,18.637,22.314,23.089,24.078,21.836,2.1356,1.9068,1.9342,4.4281,4.3552,4.0428,4.0399,4.955,5.3319,1.8871,1.0526,2.1211,2.219,2.7426,2.5055,2.7367,2.648,2.5313,0.91638,5.0674,5.1073,87.974,83.087,5.2283,5.9108,5.6523,5.9796,5.7873,30.01,26.025,26.491,34.651,25.095,25.056,1.8942,2.0403,2.0741,1.8477,2.3113,2.3497,2.275,2.3966,2.3854,3.1172,3.5626,1.9349,4.3071,4.4082,4.2803,4.397,2.3963,2.3433,2.0679,1.7488,1.8192,1.9171,1.8037
165.03,157.88,70.316,77.068,78.455,97.6,45.451,0,46.386,21.836,48.103,9.056,5.6419,7.8739,0.65076,56.725,54.749,48.913,45.924,58.511,54.402,29.795,29.079,29.553,29.509,29.661,32.928,31.28,30.152,26.785,24.499,27.777,150.06,172.66,182.09,119.8,89.201,78.913,87.828,100.91,87.457,68.956,62.615,82.153,71.863,67.586,67.96,74.421,74.053,45.745,62.786,75.433,55.842,49.911,50.884,44.589,29.21,10.172,11.454,0.076373,28.187,7.6183,32.348,11.17,15.151,14.155,13.357,10.979,13.607,14.139,21.729,22.427,15.87,22.151,22.038,41.396,23.595,4.9389,7.8925,0.79738,3.7507,26.972,1.6643,0.012947,5.6384,0.4221,3.9025,3.8932,5.9331,5.5319,5.8265,47.25,47.992,45.972,44.888,46.135,54.792,54.831,55.358,55.822,50.897,46.901,55.971,60.12,53.289,49.522,52.496,54.195,54.246,29.375,29.191,30.711,29.767,31.116,32.644,33.175,28.007,29.295,28.378,28.939,26.821,28.419,27.16,94.368,99.422,169.69,125.95,75.219,77.261,116.24,84.884,68.575,66.264,79.651,74.12,68.822,54.07,53.838,55.322,25.053,28.542,15.064,47.718,20.982,21.326,1.8401,7.0437,22.162,27.111,19.558,8.535,31.912,1.5856,19.227,7.4876,5.9488,5.6554,5.4758,5.1561,4.9713,46.394,45.573,46.286,54.794,54.875,54.696,54.903,56.113,52.542,46.597,51.322,53.859,54.586,54.446,57.019,29.34,29.606,32.941,38.589,27.235,27.334,8.6907,31.203,22.259,22.394,22.29,22.228,21.667,1.8776,3.9032,3.9094,16.826,4.3275,5.0092,46.528,46.671,46.121,46.317,54.244,54.295,54.666,54.844,53.783,32.421,28.763,45.872,54.49,54.744,55.197,55.012,54.466,54.378,46.193,45.995,45.591,45.442,44.73
59.933,54.959,19.043,11.871,14.788,15.099,3.1056,46.386,0,11.948,102.22,67.363,43.692,53.916,42.031,2.4756,0.59058,0.31501,0.15007,0.91291,0.52183,8.2733,8.3724,8.3408,8.5429,8.2043,12.17,10.512,7.7652,13.727,14.135,12.598,34.228,60.461,57.25,49.578,23.804,17.765,37.1,27.418,28.101,15.359,18.309,29.785,21.702,14.532,15.852,14.279,13.5,8.1268,10.657,7.8019,3.5068,4.9599,3.5766,2.9241,63.711,75.55,61.989,43.731,24.7,27.516,9.2948,21.664,25.426,18.76,10.284,21.637,13.122,18.779,13.989,11.948,18.414,11.661,11.498,84.025,69.802,70.316,63.744,48.891,73.732,47.845,60.349,45.122,30.103,46.927,33.725,32.435,26.032,26.984,26.772,0.16536,0.19722,0.19744,0.2358,0.12194,0.36933,0.37743,0.41572,0.44778,0.11694,24.973,0.58658,0.9173,0.58795,0.10763,0.46195,0.4673,0.52157,8.3086,8.3449,8.1639,8.2046,8.6482,10.541,12.317,11.538,12.639,12.894,12.707,12.84,12.197,13.625,21.212,24.997,70.084,51.978,5.4653,32.271,17.288,36.415,18.657,21.091,9.0574,9.5759,3.779,4.4987,3.7594,12.408,73.773,77.911,63.085,116.05,29.461,24.618,30.457,17.459,11.798,85.075,105.85,21.741,6.9034,32.669,37.57,16.63,21.094,27.61,28.554,29.625,25.876,0.092995,0.14551,0.14067,0.37701,0.37699,0.3467,0.36233,0.52666,0.38799,0.1574,0.89775,0.53423,0.58114,0.41751,0.79766,8.4974,8.3855,9.2594,6.5174,12.686,12.793,82.669,64.334,10.766,12.319,11.727,12.372,11.657,33.033,30.864,31.539,23.773,30.088,30.837,0.15441,0.11749,0.10467,0.16582,0.50953,0.50284,0.57026,0.55005,0.43789,10.391,10.197,0.13811,0.34652,0.37192,0.39575,0.38998,0.50718,0.51406,0.10647,0.19478,0.17097,0.14299,0.1813
66.89,62.321,13.919,17.433,17.68,28.849,5.8772,21.836,11.948,0,104.82,50.699,32.446,41.757,16.314,11.125,13.348,10.787,10.177,15.153,13.374,0.73096,0.63093,0.69235,0.66575,0.72165,1.2052,0.84701,0.84251,0.41228,0.24002,0.42876,60.961,71.693,78.63,41.116,22.813,17.731,24.19,28.878,22.376,13.184,10.763,20.328,14.825,12.592,12.759,15.735,15.631,4.4964,10.726,17.988,9.8421,6.6277,7.6328,5.7016,67.132,56.057,50.529,19.426,36.563,21.942,23.079,2.2553,2.6352,1.1321,7.0077,2.3005,1.207,1.1377,0.089039,0.0046091,0.85983,0.002101,0.0043371,89.029,66.538,45.854,47.36,27.531,43.682,54.489,34.985,21.357,6.552,25.168,8.8919,8.4612,5.333,5.7933,5.5525,10.626,10.813,9.9744,9.4554,10.403,16.115,16.212,16.365,16.417,14.289,6.9309,14.383,18.689,12.353,12.194,12.28,13.468,13.257,0.67384,0.64731,0.86929,0.73522,0.88364,1.0847,1.2625,0.39938,0.63437,0.52831,0.58922,0.33612,0.4833,0.44453,25.5,28.076,70.632,44.557,19.67,18.863,43.159,22.835,13.164,12.508,19.921,16.471,17.043,8.4931,8.775,7.6459,70.153,75.502,54.835,112.21,35.716,31.715,11.273,8.2185,0.0012876,78.407,80.069,17.289,19.645,16.624,40.962,6.2577,5.2105,5.8521,6.2025,6.7001,6.0524,10.676,10.079,10.358,16.234,16.169,15.734,15.791,17.254,16.6,10.394,10.504,12.923,13.264,13.973,14.32,0.64901,0.69421,1.1566,2.6726,0.37089,0.39041,56.619,69.024,0.031672,0.010086,0.0025418,0.0085057,0.0032749,11.016,7.9849,8.1713,27.43,7.4227,7.1572,10.381,10.636,10.499,10.245,13.307,13.377,13.369,13.594,13.287,1.043,0.47925,10.22,15.997,16.195,16.173,16.261,13.491,13.39,10.515,9.9943,9.96,10.049,9.6429
314.66,303.34,186.68,178.1,185.91,195.71,124.96,48.103,102.22,104.82,0,16.361,22.71,17.214,59.099,133.45,118.34,112.36,107.02,121.98,117.33,114.29,113.12,113.97,114.32,113.88,127.24,121.49,113.83,118.3,114.28,118.49,251.35,318.2,312.29,271.9,211.25,192.28,228.11,225.96,216.46,179.07,177.39,213.69,192.3,176.24,179,181.74,179.78,139.24,163.85,165.07,137.34,136.38,132.92,123.18,4.5654,17.037,12.613,51.036,27.293,30.848,51.369,90.688,105.67,95.859,59.833,90.05,83.989,95.838,108.03,106.18,100.08,105.02,104.45,0.94553,4.5595,27.534,17.575,36.535,37.914,10.234,36.004,47.33,79.706,39.534,74.909,73.88,76.772,76.129,77.189,108.72,109.91,107.86,107.05,106.75,109.28,109.08,109.89,110.87,105.53,165.17,117.91,114.55,118.09,108.94,116.24,116.45,117.34,113.55,113.28,115.78,114.08,117.57,123.97,127.9,117.17,121.45,120.11,120.88,117,119.07,118.89,210.01,220.58,332.31,279.73,154.95,211.5,197.85,224.29,184.31,185.47,171.08,170.07,145.28,139.31,136.52,159.43,3.805,2.6001,9.3992,1.1275,21.943,26.511,56.567,54.479,105.3,3.2318,18.536,37.104,56.83,43.099,16.143,60.196,68.127,77.382,77.588,77.235,71.969,106.43,106.51,107.28,108.92,109.32,110.22,110.55,109.04,102.54,107.92,119.93,117.51,118.21,115.34,120.94,113.9,114.17,122.08,125.39,117.57,117.94,24.885,4.3662,103.53,106.77,105.46,106.48,103.88,62.2,72.527,73.191,28.044,73.868,77.672,107.79,107.25,106.38,107.75,117.15,117.04,118.05,117.71,116.01,123.3,116.21,106.74,108.91,108.92,110.09,109.37,117.08,117.21,106.5,107.85,106.97,106.29,105.99
230.58,221.5,116.97,118.64,122.56,139.58,75.913,9.056,67.363,50.699,16.361,0,2.5529,0.81619,14.485,87.142,79.69,73.268,69.038,83.723,79.039,60.378,59.398,60.075,60.174,60.123,67.529,64.174,60.478,59.502,56.237,60.355,196.49,237.18,241.4,183.11,139.54,125.24,144.39,153.26,140.13,113.22,107.95,135.23,120.1,111.19,112.47,118.13,117.14,81.588,103.14,112.48,88.07,83.515,82.863,74.603,9.0788,0.26956,0.56703,10.579,21.513,8.7986,35.804,36.679,45.261,41.127,26.375,36.286,36.34,41.105,51.775,51.667,44.078,51.022,50.724,13.919,4.7027,1.5887,0.057209,4.5428,4.7873,11.413,3.8338,8.8614,27.566,5.722,24.052,23.739,26.925,26.297,26.958,70.64,71.637,69.417,68.342,69.07,75.963,75.907,76.599,77.315,71.787,91.591,80.336,81.714,78.595,72.278,77.301,78.538,78.936,59.786,59.541,61.632,60.281,62.605,66.126,67.96,60.061,62.612,61.413,62.13,59.065,61.072,60.007,142.77,150.24,240.14,190.31,108.35,130.77,152.89,140.87,114.83,113.53,117.73,113.51,100.14,87.597,86.345,96.084,5.003,6.4759,1.5706,15.272,13.958,16.547,15.322,19.196,51.133,5.0981,4.4082,12.567,38.008,9.3323,9.5929,21.956,23.798,26.843,26.719,26.255,24.288,69.117,68.587,69.39,75.816,76.034,76.293,76.569,76.745,71.63,69.867,78,78.747,79.525,78.251,82.288,59.887,60.19,65.662,71.125,59.598,59.808,1.8674,10.288,50.56,51.854,51.294,51.617,50.22,17.452,23.329,23.547,14.218,24.248,26.224,69.766,69.643,68.908,69.607,78.858,78.846,79.513,79.495,78.077,65.714,60.301,68.888,75.608,75.782,76.572,76.148,78.98,78.972,69.007,69.427,68.79,68.408,67.798
186.58,178.3,87.146,87.173,90.871,104.7,51.094,5.6419,43.692,32.446,22.71,2.5529,0,0.60519,9.1393,60.043,53.72,48.486,45.051,57.037,53.184,39.539,38.769,39.308,39.425,39.321,46.021,43.011,39.524,39.857,37.309,40.331,154.3,192.02,194.87,146.27,106.26,93.589,112.66,118.02,107.53,83.439,79.736,103.89,90.176,81.646,82.926,87.205,86.262,56.586,74.436,81.467,60.972,57.557,56.783,50.006,9.3011,4.3537,1.9969,6.3459,11.7,1.8891,20.174,23.025,30.632,26.044,12.647,22.705,21.138,26.03,33.695,33.224,28.348,32.652,32.382,17.195,6.9245,4.3434,1.8902,2.5345,7.5371,8.0871,4.1817,5.2439,17.325,3.0927,15.203,14.704,16.035,15.713,16.202,46.345,47.154,45.362,44.501,45.073,50.707,50.664,51.229,51.811,47.288,67.812,54.247,55.453,52.831,47.664,51.767,52.772,53.101,39.069,38.879,40.527,39.448,41.4,44.587,46.396,39.895,42.154,41.237,41.779,39.338,40.831,40.245,108.39,115.12,196.2,152.54,77.716,100.76,115.93,109.69,85.355,84.756,85.931,82.613,70.784,60.767,59.625,69.066,7.9429,9.9497,3.0457,24.498,6.5175,7.654,7.5933,8.237,32.767,10.214,13.578,3.7921,21.466,3.2414,4.5785,10.282,12.593,16.27,16.35,16.183,13.892,45.108,44.686,45.334,50.591,50.766,50.965,51.19,51.374,47.233,45.72,52.396,52.948,53.585,52.537,55.854,39.185,39.409,43.973,47.861,39.738,39.927,6.9806,10.406,32.112,33.444,32.882,33.263,32.006,9.7869,14.076,14.379,5.5867,14.664,16.39,45.639,45.535,44.94,45.512,53.036,53.026,53.574,53.558,52.394,44.227,39.836,44.929,50.416,50.563,51.202,50.861,53.135,53.129,45.021,45.37,44.854,44.542,44.055
208.43,199.67,102.23,102.24,106.29,120.94,62.745,7.8739,53.916,41.757,17.214,0.81619,0.60519,0,12.536,72.44,65.139,59.45,55.615,68.722,64.532,49.892,49.023,49.631,49.758,49.648,57.039,53.726,49.887,50.052,47.16,50.636,173.44,214.14,216.86,165.52,122.9,109.25,129.48,135.52,124.2,98.251,94.15,120.19,105.48,96.307,97.688,102.33,101.31,68.892,88.462,95.888,73.569,69.931,69.017,61.534,7.1074,2.019,0.42767,9.0075,14.3,4.4016,25.811,30.45,38.886,34.101,18.714,30.084,28.766,34.084,43.08,42.639,36.755,42.002,41.702,13.183,4.209,3.1712,0.52569,3.7161,6.8517,7.5679,4.4128,7.52,23.23,4.6508,20.452,19.981,22.05,21.602,22.188,57.041,57.94,55.985,55.055,55.621,61.475,61.417,62.041,62.695,57.775,80.694,65.642,66.598,64.223,58.395,63.028,64.058,64.448,49.363,49.148,51.005,49.791,51.974,55.492,57.452,50.189,52.684,51.643,52.26,49.508,51.216,50.493,125.17,132.42,218.57,172.21,91.575,116.67,132.26,126.26,100.29,99.567,100.72,97.255,84.024,73.419,72.128,82.581,4.8629,6.4709,1.1734,17.977,8.2976,10.161,11.736,13.297,42.127,6.1998,8.9876,7.2344,27.696,6.2104,5.2708,15.834,18.364,22.202,22.221,21.94,19.559,55.636,55.211,55.919,61.332,61.536,61.803,62.053,62.12,57.487,56.354,63.887,64.305,64.994,63.746,67.462,49.489,49.743,54.843,59.229,49.965,50.173,4.6474,8.1596,41.425,42.872,42.261,42.666,41.27,14.14,19.378,19.677,8.2474,20.13,22.082,56.263,56.123,55.462,56.131,64.37,64.352,64.973,64.935,63.647,55.093,50.172,55.473,61.156,61.303,62.029,61.635,64.466,64.468,55.551,55.993,55.411,55.05,54.534
148.27,141.65,59.451,67.165,67.954,87.217,38.819,0.65076,42.031,16.314,59.099,14.485,9.1393,12.536,0,49.844,49.236,43.667,41.05,52.855,48.971,23.589,22.957,23.369,23.295,23.487,25.737,24.514,23.991,20.233,18.25,21.212,137.83,156.01,166.45,104.36,77.106,67.912,74.503,88.14,74.912,58.635,52.231,69.663,60.625,57.441,57.611,64.094,63.873,37.875,53.472,66.605,48.551,42.439,43.765,38.084,36.88,15.967,17.17,0.3066,31.669,9.6533,32.875,6.9316,9.7603,9.4225,11.936,6.7943,9.8198,9.4079,15.959,16.799,10.784,16.614,16.546,51.077,31.213,9.1,12.964,2.8101,6.9184,33.204,4.302,0.68752,2.5987,2.0123,1.4235,1.462,3.0309,2.7162,2.9084,42.278,42.941,41.015,39.954,41.301,50.213,50.276,50.751,51.142,46.468,37.168,50.575,55.33,47.717,44.658,47.064,48.841,48.805,23.222,23.058,24.399,23.578,24.664,25.702,25.936,21.545,22.514,21.693,22.198,20.366,21.813,20.564,82.586,87.01,151.83,110.17,67.323,64.823,106.83,71.753,57.837,55.38,70.502,64.775,61.48,46.516,46.526,46.108,33.014,37.021,21.375,59.201,24.814,24.483,0.99774,6.1344,16.603,35.765,27.12,9.7122,31.737,2.2278,23.926,5.9728,3.7221,2.7452,2.5764,2.3231,2.5047,41.606,40.732,41.406,50.252,50.297,50.012,50.198,51.643,48.532,41.67,45.457,48.378,49.076,49.219,51.379,23.158,23.406,26.155,31.665,20.738,20.81,13.906,39.039,16.842,16.719,16.718,16.575,16.22,0.56895,1.542,1.5102,19.522,1.8167,2.177,41.609,41.815,41.323,41.391,48.822,48.888,49.178,49.4,48.449,25.528,22.383,41.023,49.931,50.2,50.559,50.437,49.064,48.958,41.387,41.042,40.703,40.615,39.895
38.607,34.661,8.3729,3.5117,5.1716,6.1976,0.83852,56.725,2.4756,11.125,133.45,87.142,60.043,72.44,49.844,0,0.90051,1.0304,1.5512,1.0179,0.99199,6.3492,6.5989,6.4536,6.588,6.343,8.2178,7.4283,5.9551,10.883,11.841,9.7827,22.416,39.524,38.711,30.068,10.983,7.0657,21.402,13.418,14.211,5.8558,8.4428,15.829,10.245,5.3757,6.2527,4.929,4.4586,3.2159,3.1695,1.6936,0.14744,1.045,0.44145,0.89797,88.657,95.896,82.547,53.282,42.066,41.344,21.131,22.942,24.361,19.18,17.647,23.021,15.597,19.202,12.606,10.922,18.165,10.821,10.752,112.86,94.346,87.331,82.854,61.963,88.606,70.202,74.428,55.542,33.473,59.178,38.103,36.942,29.792,30.886,30.479,1.4009,1.2892,1.4308,1.4865,1.61,2.5902,2.6465,2.5914,2.4868,2.552,15.87,1.1652,2.8302,0.74046,1.6204,0.8824,1.0899,0.9673,6.4812,6.5523,6.0485,6.3153,6.2455,7.1317,8.2704,8.9644,9.4192,9.8411,9.5596,10.218,9.3235,10.705,9.225,11.758,46.375,31.86,1.3111,18.238,10.778,21.054,8.2115,10.228,2.3712,2.3373,0.63504,0.53318,0.3019,4.8933,98.954,104.13,84.919,147.91,47.238,41.153,38.201,25.525,10.91,111.43,129.27,33.989,17.36,43.377,56.866,23.494,26.356,31.308,32.245,33.416,30.504,1.6833,1.6049,1.54,2.6739,2.6026,2.3527,2.3294,2.9994,3.712,1.4671,0.3967,0.88739,0.89471,1.3072,0.90094,6.605,6.4667,6.2069,3.3956,9.9924,10.044,101.62,89.652,10.197,11.189,10.819,11.282,10.988,39.763,35.554,36.135,39.276,34.503,34.596,1.4808,1.5762,1.6679,1.4704,0.994,1.0183,0.92907,1.0043,1.0925,7.0792,7.8448,1.5902,2.6003,2.6617,2.5056,2.6248,1.038,1.0059,1.6544,1.4342,1.536,1.6287,1.6303
48.984,44.489,14.746,7.6358,10.193,9.7389,2.2463,54.749,0.59058,13.348,118.34,79.69,53.72,65.139,49.236,0.90051,0,0.16717,0.39581,0.064634,0.0025961,8.6585,8.8546,8.7557,8.9473,8.6151,11.883,10.53,8.1439,14.245,14.993,13.012,26.046,49.266,46.216,41.15,17.989,12.925,31.065,20.751,22.236,11.347,14.671,24.274,17.189,10.672,11.887,9.968,9.2753,6.5929,7.4337,4.227,1.7242,3.3804,2.1442,2.1863,76.57,88.457,74.17,51.67,32.843,35.676,14.437,24.904,27.83,21.38,14.931,24.923,16.19,21.402,15.308,13.245,20.687,13.023,12.891,98.691,83.151,82.052,75.703,58.307,84.964,59.058,70.691,53.445,34.832,55.969,39.097,37.784,30.663,31.737,31.43,0.28212,0.22516,0.38412,0.48914,0.38531,0.43654,0.4599,0.43899,0.39968,0.45606,22.812,0.024302,0.61822,0.020654,0.19611,0.02488,0.0098987,0.0021589,8.7524,8.8129,8.4265,8.5999,8.8141,10.373,11.992,11.968,12.831,13.208,12.948,13.387,12.534,14.091,15.271,18.548,58.594,43.134,2.463,27.131,11.881,30.62,14.513,17.056,5.1193,5.7701,1.3862,2.6521,2.0641,9.6725,87.482,92.02,75.579,133.17,38.394,32.834,36.949,23.081,13.15,99.697,120.96,28.985,11.454,40.336,47.569,21.761,25.985,32.319,33.321,34.502,30.855,0.37676,0.4304,0.3657,0.47129,0.44184,0.34231,0.3339,0.61964,0.96563,0.33502,0.22353,0.00383,0.00013766,0.037838,0.023056,8.9304,8.7889,9.1312,5.912,13.177,13.265,95.549,77.25,12.169,13.601,13.061,13.68,13.105,39.305,36.192,36.87,31.824,35.254,35.776,0.34151,0.34137,0.39432,0.3572,0.0032107,0.0042738,0.00024274,0.0029325,0.012439,10.26,10.591,0.40389,0.44037,0.46608,0.40351,0.45135,0.005072,0.0033423,0.38695,0.38218,0.42309,0.44411,0.50998
51.938,47.326,14.568,8.3457,10.79,11.5,1.6504,48.913,0.31501,10.787,112.36,73.268,48.486,59.45,43.667,1.0304,0.16717,0,0.066233,0.4393,0.15521,6.7925,6.941,6.8713,7.0468,6.7461,9.9389,8.6004,6.3326,11.847,12.438,10.744,29.804,52.661,50.422,41.996,18.642,13.351,30.776,21.882,22.503,11.329,14.079,24.112,16.93,10.626,11.777,10.353,9.6903,5.6668,7.3567,5.1206,1.7233,2.9187,1.8388,1.5524,71.686,81.612,68.236,45.989,30.169,31.516,12.876,21.126,24.03,17.949,12.078,21.137,13.103,17.97,12.606,10.717,17.373,10.498,10.37,93.369,77.544,75.155,69.422,52.408,77.752,54.968,64.159,47.688,30.231,50.154,34.184,32.95,26.335,27.329,27.049,0.030262,0.01458,0.052016,0.088589,0.071756,0.64926,0.6753,0.68286,0.66789,0.44901,20.86,0.27069,1.1189,0.096158,0.09124,0.063661,0.15552,0.14485,6.86,6.9075,6.6204,6.7369,6.9986,8.5194,10.053,9.7822,10.647,10.955,10.739,11.048,10.329,11.721,16.413,19.748,61.175,44.201,3.5167,26.517,14.687,30.198,14.255,16.501,6.1855,6.4572,2.1669,2.4726,1.9235,9.0307,81.73,86.245,69.819,126.32,34.994,29.732,32.161,19.413,10.617,93.397,112.89,25.21,9.9923,35.442,43.588,18.152,21.984,27.877,28.81,29.908,26.491,0.082414,0.080515,0.058856,0.68482,0.65923,0.54723,0.54997,0.90751,1.0564,0.044843,0.1495,0.12063,0.15795,0.20596,0.3134,7.0233,6.9045,7.3801,4.6737,10.872,10.959,88.155,72.456,9.7097,11.047,10.539,11.113,10.553,34.346,31.459,32.094,28.482,30.59,31.098,0.047494,0.060432,0.082082,0.049264,0.1471,0.1522,0.16434,0.18061,0.13508,8.4043,8.5375,0.072664,0.63651,0.67679,0.63769,0.67649,0.16342,0.15529,0.078798,0.05177,0.071296,0.08675,0.10613
55.522,50.755,15.878,9.716,12.258,13.301,1.8922,45.924,0.15007,10.177,107.02,69.038,45.051,55.615,41.05,1.5512,0.39581,0.066233,0,0.76362,0.36116,6.5487,6.6638,6.6169,6.7941,6.4943,9.8898,8.4611,6.0955,11.516,11.991,10.456,32.628,56.357,54.141,44.637,20.482,14.878,32.598,24.02,24.323,12.568,15.154,25.788,18.299,11.817,12.993,11.717,11.031,6.0819,8.3539,6.3091,2.2948,3.3886,2.2783,1.7544,67.432,77.17,64.093,43.141,27.525,28.736,11.232,19.857,23.009,16.897,10.468,19.853,11.946,16.916,12.008,10.141,16.435,9.9027,9.7663,88.534,73.079,71.06,65.315,49.098,73.78,51.279,60.515,44.718,28.442,46.964,32.174,30.955,24.599,25.55,25.301,0.0096052,0.024228,0.0032827,0.013804,0.0016525,0.68453,0.70622,0.73407,0.74267,0.38326,21.373,0.49784,1.2896,0.30971,0.092061,0.23489,0.34229,0.34997,6.5962,6.6353,6.4186,6.4903,6.8251,8.4428,10.016,9.4968,10.433,10.698,10.508,10.714,10.069,11.408,18.333,21.826,64.888,46.986,4.5474,28.041,16.594,31.936,15.512,17.7,7.4982,7.6967,2.9906,3.0475,2.4564,9.8315,77.145,81.537,65.597,120.61,32.049,27.029,29.826,17.438,10.024,88.489,107.67,22.739,8.534,32.746,40.272,16.33,20.199,26.108,27.017,28.075,24.648,0.0078827,0.00074254,0.00084732,0.71204,0.69563,0.6033,0.61423,0.94169,0.92767,0.002536,0.38193,0.32676,0.38289,0.3714,0.60815,6.7614,6.6536,7.3005,4.7826,10.557,10.65,83.673,68.193,9.1079,10.473,9.9528,10.53,9.9296,32.062,29.478,30.109,25.807,28.664,29.239,0.0020041,0.0050601,0.0042081,0.0012556,0.3484,0.35153,0.38654,0.39714,0.31023,8.3159,8.2744,0.00027216,0.66232,0.70379,0.6927,0.7146,0.36473,0.35862,0.004034,0.0029708,0.0011842,0.0014444,0.0084478
47.511,43.079,15.145,7.4476,10.09,8.8904,2.8213,58.511,0.91291,15.153,121.98,83.723,57.037,68.722,52.855,1.0179,0.064634,0.4393,0.76362,0,0.074766,10.034,10.259,10.143,10.345,9.9921,13.329,11.959,9.4838,15.968,16.809,14.652,23.964,47.509,43.92,40.992,17.883,12.942,31.587,20.355,22.386,11.632,15.324,24.697,17.647,10.971,12.232,9.9959,9.281,7.4047,7.7348,3.8988,1.9338,3.8876,2.5442,2.7827,79.575,92.753,77.886,55.342,34.528,38.34,15.475,27.456,30.422,23.721,16.834,27.48,18.292,23.745,17.207,15.031,22.963,14.805,14.669,101.93,86.618,86.416,79.655,62.08,89.549,61.587,74.855,57.156,37.885,59.697,42.337,40.971,33.538,34.662,34.339,0.60243,0.52083,0.75528,0.90347,0.74205,0.45228,0.47345,0.43548,0.38218,0.60874,24.317,0.035944,0.45479,0.14499,0.42042,0.16967,0.084901,0.080872,10.144,10.212,9.7664,9.9734,10.163,11.756,13.436,13.553,14.422,14.841,14.553,15.069,14.135,15.797,14.848,18.1,57.381,42.844,2.013,27.842,10.347,31.222,14.959,17.696,4.688,5.5845,1.0985,2.9811,2.3632,10.332,91.034,95.576,79.171,137.35,40.535,34.799,40.074,25.494,14.938,103.58,126.01,31.421,12.445,43.497,50.062,24.148,28.638,35.268,36.313,37.547,33.744,0.72027,0.81044,0.71912,0.48572,0.45457,0.36524,0.35019,0.58515,1.0471,0.67882,0.44943,0.099912,0.070661,0.095787,0.011847,10.332,10.176,10.446,6.9028,14.838,14.928,100.21,80.195,13.906,15.405,14.841,15.492,14.902,42.549,39.315,40.021,33.951,38.336,38.874,0.68756,0.67776,0.74943,0.71231,0.080759,0.078942,0.066311,0.059396,0.10166,11.644,12.09,0.7722,0.46626,0.48237,0.40682,0.45909,0.072979,0.075713,0.73965,0.75221,0.80534,0.82862,0.92431
49.692,45.163,15.099,7.9181,10.515,10.044,2.3277,54.402,0.52183,13.374,117.33,79.039,53.184,64.532,48.971,0.99199,0.0025961,0.15521,0.36116,0.074766,0,8.7229,8.9139,8.8188,9.0125,8.6775,12.012,10.632,8.2049,14.337,15.066,13.103,26.453,49.963,46.84,41.789,18.413,13.281,31.577,21.215,22.693,11.663,14.996,24.731,17.566,10.976,12.205,10.28,9.578,6.7572,7.6845,4.4382,1.8434,3.5151,2.2547,2.2597,75.761,87.786,73.496,51.349,32.286,35.226,14.063,24.857,27.858,21.362,14.694,24.872,16.108,21.384,15.351,13.278,20.691,13.049,12.914,97.756,82.351,81.487,75.074,57.873,84.465,58.335,70.222,53.096,34.714,55.561,38.946,37.628,30.533,31.603,31.302,0.25313,0.20095,0.35482,0.45896,0.34795,0.37825,0.40009,0.3823,0.34747,0.38988,23.105,0.018684,0.57115,0.027848,0.15895,0.023333,0.002396,0.00029643,8.8135,8.8729,8.4973,8.6632,8.894,10.485,12.124,12.051,12.935,13.307,13.049,13.471,12.627,14.185,15.672,18.989,59.376,43.794,2.6125,27.589,12.115,31.121,14.857,17.413,5.3499,6.0165,1.5022,2.7897,2.1857,9.9215,86.661,91.166,74.865,132.13,37.821,32.303,36.69,22.818,13.178,98.836,120.19,28.587,11.125,39.982,46.945,21.536,25.81,32.191,33.193,34.371,30.698,0.33623,0.39379,0.33121,0.41057,0.38342,0.29086,0.28375,0.55366,0.87149,0.30347,0.25091,0.0048046,0.0025728,0.021902,0.032845,8.9936,8.853,9.2322,6.0177,13.264,13.354,94.92,76.429,12.187,13.637,13.09,13.715,13.126,39.078,36.031,36.712,31.324,35.103,35.646,0.30941,0.30511,0.35457,0.32574,0.00011551,0.00020843,0.0012613,0.00096299,0.0038032,10.369,10.668,0.3676,0.38095,0.40558,0.34887,0.39268,0.00056212,4.9513e-05,0.34771,0.3527,0.38949,0.40662,0.47344
55.35,51.076,9.2907,11.152,11.553,20.423,2.573,29.795,8.2733,0.73096,114.29,60.378,39.539,49.892,23.589,6.3492,8.6585,6.7925,6.5487,10.034,8.7229,0,0.0043542,0.00053052,0.0023718,0.00040536,0.514,0.17792,0.0081231,0.69883,0.87305,0.45495,48.353,59.288,64.733,33.918,16.388,11.886,19.495,21.425,16.666,8.3012,7.0136,15.477,10.313,7.7848,8.057,10.05,9.9034,1.7035,6.0777,11.468,5.2786,2.9585,3.6944,2.4876,74.018,66.621,59.272,27.027,38.568,26.733,22.527,5.5522,5.8425,3.6808,8.7968,5.6204,3.184,3.691,1.0694,0.6574,3.137,0.65845,0.65712,97.02,74.855,56.33,56.719,35.773,54.668,59.628,44.559,29.161,11.625,33.192,14.652,14.067,9.879,10.51,10.201,6.8324,6.9279,6.3415,5.9612,6.7477,11.444,11.538,11.628,11.624,10.072,5.9579,9.549,13.421,7.8387,8.1203,7.8551,8.8394,8.6237,0.0015106,0.0031051,0.0069389,0.0001788,0.023356,0.24247,0.55653,0.27325,0.46785,0.51064,0.47695,0.51505,0.37949,0.67041,18.142,20.529,59.704,36.882,12.941,14.919,32.77,18.427,8.7083,8.6257,13.021,10.3,10.92,4.2537,4.4868,4.1313,78.796,84.253,63.303,123.44,39.206,34.533,16.975,11.687,0.67194,88.219,93.291,21.214,18.816,22.709,45.707,9.5375,9.1867,10.625,11.114,11.785,10.721,6.9882,6.4952,6.6839,11.565,11.489,11.066,11.099,12.446,12.238,6.6815,6.2523,8.3373,8.5936,9.3144,9.3703,0.0025673,0.00053867,0.12942,0.61058,0.47791,0.49696,68.206,75.751,0.57185,0.70984,0.64819,0.73636,0.72336,17.003,13.401,13.667,30.671,12.683,12.409,6.6773,6.9128,6.8456,6.5675,8.6744,8.7377,8.6877,8.891,8.7065,0.21223,0.10082,6.5983,11.361,11.532,11.452,11.565,8.8315,8.7416,6.8522,6.3585,6.3744,6.4817,6.1667
56.322,52.013,9.6748,11.592,12.006,20.997,2.7333,29.079,8.3724,0.63093,113.12,59.398,38.769,49.023,22.957,6.5989,8.8546,6.941,6.6638,10.259,8.9139,0.0043542,0,0.0019613,0.0033256,0.0030978,0.55141,0.19891,0.016515,0.65994,0.80439,0.43073,49.222,60.305,65.794,34.606,16.914,12.342,19.971,22.031,17.169,8.6797,7.3324,15.931,10.704,8.1528,8.4267,10.473,10.323,1.8801,6.4074,11.882,5.5314,3.1688,3.9067,2.6384,73.11,65.579,58.332,26.346,38.077,26.141,22.281,5.266,5.6024,3.4532,8.4923,5.331,2.9538,3.4631,0.96463,0.56546,2.9368,0.56304,0.5603,95.979,73.87,55.351,55.768,34.993,53.696,58.866,43.683,28.452,11.199,32.439,14.168,13.59,9.4767,10.095,9.794,6.9601,7.0635,6.4599,6.0711,6.863,11.606,11.699,11.795,11.796,10.204,6.1016,9.7487,13.623,8.0273,8.2595,8.0338,9.0264,8.814,0.00076152,0.00011035,0.022286,0.004165,0.043598,0.27922,0.59646,0.2537,0.46192,0.49313,0.46659,0.47856,0.36385,0.63639,18.708,21.127,60.682,37.608,13.334,15.321,33.417,18.88,9.0783,8.9697,13.468,10.714,11.26,4.4981,4.7252,4.3954,77.782,83.214,62.357,122.16,38.62,34.009,16.436,11.273,0.57654,87.116,92.04,20.699,18.61,22.096,45.023,9.1549,8.7914,10.211,10.691,11.351,10.296,7.1035,6.6067,6.8018,11.725,11.651,11.231,11.266,12.611,12.363,6.8032,6.437,8.5265,8.7885,9.4985,9.5851,0.0014438,0.0026278,0.17072,0.71339,0.44685,0.46692,67.128,74.845,0.4785,0.61698,0.55461,0.64117,0.62126,16.465,12.931,13.195,30.14,12.228,11.965,6.7982,7.0325,6.9594,6.6872,8.8641,8.9273,8.8824,9.0852,8.8902,0.2466,0.092103,6.7122,11.52,11.692,11.619,11.728,9.0219,8.932,6.9668,6.4769,6.4877,6.5918,6.2722
55.66,51.376,9.406,11.306,11.705,20.632,2.6396,29.553,8.3408,0.69235,113.97,60.075,39.308,49.631,23.369,6.4536,8.7557,6.8713,6.6169,10.143,8.8188,0.00053052,0.0019613,0,0.0012392,0.00057632,0.51715,0.17896,0.011079,0.67514,0.83957,0.43782,48.673,59.62,65.098,34.114,16.553,12.032,19.621,21.618,16.815,8.4209,7.1051,15.604,10.426,7.9019,8.1722,10.19,10.044,1.7618,6.1878,11.623,5.3792,3.0373,3.7786,2.5514,73.777,66.295,58.991,26.795,38.465,26.565,22.499,5.4446,5.7413,3.5938,8.7166,5.512,3.1078,3.6039,1.0255,0.62114,3.058,0.62177,0.62036,96.743,74.578,56.011,56.425,35.519,54.34,59.436,44.269,28.922,11.469,32.945,14.476,13.895,9.7352,10.361,10.055,6.9052,7.0032,6.4102,6.0263,6.8165,11.537,11.631,11.723,11.721,10.153,5.9775,9.6494,13.53,7.9317,8.1997,7.9453,8.9344,8.7192,0.00037734,0.0011946,0.011152,0.00075084,0.028032,0.24849,0.56022,0.25957,0.45635,0.49506,0.46394,0.4937,0.36577,0.6484,18.329,20.723,60.003,37.091,13.098,15.022,33.025,18.545,8.8188,8.7224,13.187,10.449,11.06,4.3471,4.5806,4.2126,78.51,83.962,63.027,123.08,39.064,34.41,16.794,11.563,0.63498,87.901,92.891,21.07,18.797,22.513,45.531,9.4204,9.0547,10.475,10.961,11.627,10.572,7.0576,6.5622,6.7533,11.658,11.582,11.16,11.193,12.542,12.322,6.7521,6.3398,8.4317,8.6903,9.4098,9.4744,0.00089218,0.00011162,0.1395,0.6471,0.45851,0.47768,67.856,75.513,0.53764,0.67257,0.6119,0.69831,0.68475,16.817,13.233,13.497,30.539,12.52,12.247,6.7476,6.9833,6.9142,6.6372,8.7698,8.8333,8.7845,8.9882,8.8003,0.21778,0.093157,6.6663,11.453,11.625,11.547,11.659,8.9275,8.8374,6.9211,6.4272,6.4416,6.5482,6.231
55.629,51.357,9.3581,11.367,11.733,20.758,2.726,29.509,8.5429,0.66575,114.32,60.174,39.425,49.758,23.295,6.588,8.9473,7.0468,6.7941,10.345,9.0125,0.0023718,0.0033256,0.0012392,0,0.0034268,0.47376,0.15352,0.019079,0.62075,0.78468,0.39336,48.886,59.628,65.211,33.967,16.523,12.027,19.467,21.599,16.736,8.4073,7.0431,15.493,10.357,7.8931,8.1501,10.209,10.07,1.7728,6.2094,11.741,5.4869,3.1011,3.8689,2.6398,74.087,66.374,59.14,26.747,38.786,26.71,22.791,5.3717,5.621,3.5291,8.8291,5.4406,3.108,3.5391,0.97788,0.59295,2.9886,0.59749,0.59822,97.098,74.829,56.022,56.521,35.524,54.287,59.752,44.248,28.886,11.378,32.94,14.382,13.809,9.6713,10.294,9.9863,7.0847,7.183,6.5839,6.1954,6.9966,11.77,11.865,11.957,11.953,10.374,5.8328,9.8519,13.777,8.1136,8.3952,8.1298,9.1306,8.9116,0.0022131,0.0027776,0.013554,0.0034878,0.024149,0.22221,0.5153,0.22576,0.41004,0.44702,0.41724,0.44796,0.3247,0.59454,18.35,20.723,59.898,36.948,13.266,14.877,33.272,18.388,8.7695,8.6437,13.306,10.53,11.228,4.4302,4.6763,4.1931,78.763,84.233,63.214,123.38,39.34,34.684,16.775,11.631,0.60914,88.138,92.942,21.212,19.069,22.545,45.796,9.4688,9.0437,10.402,10.882,11.545,10.523,7.2411,6.7391,6.9321,11.892,11.815,11.387,11.42,12.785,12.567,6.9303,6.4982,8.6205,8.8813,9.6127,9.6708,0.00039823,0.00073464,0.12754,0.67061,0.41379,0.43177,67.868,75.837,0.52335,0.64045,0.58651,0.66604,0.66189,16.766,13.158,13.418,30.776,12.445,12.158,6.9259,7.1652,7.0958,6.814,8.9631,9.0275,8.9768,9.1833,8.9954,0.19321,0.073155,6.8444,11.685,11.858,11.778,11.892,9.1228,9.0314,7.1027,6.6012,6.6165,6.7251,6.4038
55.574,51.287,9.3952,11.22,11.638,20.49,2.5691,29.661,8.2043,0.72165,113.88,60.123,39.321,49.648,23.487,6.343,8.6151,6.7461,6.4943,9.9921,8.6775,0.00040536,0.0030978,0.00057632,0.0034268,0,0.54182,0.19415,0.0066352,0.71515,0.88318,0.46997,48.445,59.504,64.911,34.132,16.515,11.987,19.667,21.564,16.81,8.3891,7.1103,15.625,10.428,7.8683,8.1468,10.133,9.9821,1.7369,6.1394,11.504,5.285,2.9755,3.6999,2.4807,73.684,66.362,59.002,26.902,38.319,26.541,22.343,5.5235,5.845,3.6611,8.681,5.5904,3.1346,3.6713,1.0685,0.65054,3.1253,0.64909,0.64649,96.636,74.531,56.114,56.471,35.603,54.483,59.322,44.38,29.025,11.575,33.033,14.59,14.003,9.8213,10.451,10.145,6.7797,6.8768,6.2894,5.9092,6.6921,11.375,11.468,11.56,11.557,10.002,6.0541,9.5015,13.354,7.798,8.0629,7.8111,8.792,8.5786,0.00081926,0.0020435,0.0094606,0.00010303,0.029752,0.26247,0.58558,0.2845,0.48765,0.52872,0.49596,0.52801,0.39484,0.68754,18.254,20.657,59.962,37.103,12.95,15.071,32.799,18.595,8.8104,8.7354,13.064,10.353,10.918,4.2694,4.4955,4.1972,78.465,83.908,63.016,123.03,38.956,34.298,16.867,11.568,0.66328,87.876,92.999,21.039,18.649,22.563,45.441,9.4337,9.1068,10.569,11.058,11.729,10.652,6.931,6.4401,6.6294,11.495,11.42,11,11.033,12.373,12.155,6.628,6.2214,8.2936,8.5502,9.2633,9.3287,0.0028405,0.0010027,0.14398,0.62247,0.49158,0.51139,67.968,75.411,0.55845,0.70454,0.63972,0.73062,0.71192,16.91,13.333,13.601,30.451,12.619,12.353,6.6237,6.8573,6.7889,6.5142,8.6288,8.6917,8.6436,8.8456,8.6589,0.23095,0.10821,6.5432,11.291,11.462,11.384,11.496,8.7852,8.6958,6.7957,6.3062,6.3206,6.4263,6.1122
