0,19.928,137.7,138.44,85.526,105.17,8.9812,35.191,37.612,13.489,2.4356,20.442,9.6965,18.684,41.979,66.149,55.567,57.211,39.444,46.009,23.692,30.037,44.077,50.707,39.895,42.588,2.8911,4.9014,3.2215,55.811,43.876,49.333,51.296,18.855,27.566,7.0557,4.3218,17.091,19.112,24.756,16.958,87.505,105.14,94.799,63.47,54.414,62.994,50.12,13.161,34.371,0.57494,34.949,25.41,24.167,26.407,25.215,22.394,32.228,13.993,9.4421,25.702,0.2803,22.848,25.445,2.7196,22.217,10.795,15.018,29.357,0.95097,13.491,15.401,14.796,18.077,17.775,14.948,15.669,19.502,8.5762,6.9881,31.821,103.05,54.417,45.24,70.294,30.707,34.222,74.67,66.533,50.141,33.973,24.881,23.103,22.788,24.976,28.421,16.326,12.755,12.138,17,9.9761,4.3792,43.206,54.308,44.918,42.931,50.938,44.2,47.858,43.468,44.45,45.705,44.275,38.335,42.574,42.1,5.4787,12.025,8.8797,10.24,9.1477,10.169,7.6071,9.8356,9.7611,2.7109,2.7828,2.7068,4.3274,83.813,63.38,34.976,51.396,0.8721,1.3337,15.095,18.625,91.168,78.501,101.29,134.19,75.075,62.984,63.424,63.115,10.109,4.0757,22.255,27.813,13.694,27.813,30.933,26.212,31.492,1.6263,6.6899,7.7495,25.491,19.007,10.189,13.226,18.424,19.064,21.166,18.575,23.03,19.177,15.726,14.738,34.475,34.481,121.57,147.31,103.61,141.14,69.907,71.421,44.926,68.323,67.112,62.195,98.473,64.589,47.513,49.897,40.45,54.812,40.246,33.024,28.405,32.303,29.815,31.322,11.914,13.164,13.77,12.834,14.444,13.564,13.564,13.139,10.019,12.624,5.2878,50.688,40.996,46.993,44.878,49.74,43.691,20.679,48.19,44.339,42.509,40.607,41.984,40.981,46.071,8.8432,45.67,11.287,10.615,9.8231,9.6995,9.5409,9.0545,9.8886,2.357,1.4626,9.4831,6.6217,35.955,68.577,3.8713,8.7068,15.608,18.097,19.833,18.855,10.296,28.209,44.394,43.285,9.9844,9.6475,2.5461,2.588,18.149,18.832,36.607,32.431,40.115,6.5483,3.5431,2.6712,2.4452,2.4834,25.538,22.325,18.453,22.367,21.304
19.928,0,191.21,165.36,127.56,138.67,26.007,13.663,12.208,2.5246,13.277,11.939,30.215,40.393,30.185,116,81.699,91.984,70.891,62.433,23.151,34.333,41.432,41.189,31.708,32.919,19.834,18.568,18.745,11.596,14.995,14.912,8.7814,5.2733,1.0565,6.1062,9.5941,10.953,9.4423,51.108,30.757,117.21,159.81,117.53,97.76,97.096,70.383,64.873,32.611,12.147,23.643,13.045,0.40878,0.21547,3.6238,7.6078,0.40124,1.5138,2.5993,2.1097,4.3602,17.225,7.9968,9.9187,24.474,11.934,12.766,9.1983,9.5192,16.3,10.533,4.1785,4.4754,6.0269,5.2217,6.5452,5.1958,6.2964,29.086,24.024,22.697,162.53,89.227,73.045,92.95,58.534,68.729,86.235,78.965,61.747,40.024,32.679,45.74,36.993,31.117,27.767,20.574,19.605,18.619,24.184,19.385,26.793,28.837,50.068,45.137,32.67,38.851,39.962,34.297,34.131,40.791,38.042,35.134,32.859,34.253,33.322,18.444,13.98,17.331,17.783,19.863,21.347,18.502,20.484,18.627,19.266,19.35,19.153,21.293,30.652,42.397,5.1874,9.5194,13.03,13.415,25.788,24.921,136.74,117.36,159.76,183.13,128.06,98.947,70.901,64.495,12.924,24.143,1.0102,1.2485,1.7687,1.4365,9.9824,10.903,5.6281,10.169,11.974,8.3488,15.087,12.359,8.8003,8.44,6.5597,4.1163,9.7243,4.3242,7.319,6.2317,6.7176,4.5581,26.904,24.383,167.33,166.66,146.97,175.88,106.71,102.18,76.864,100.58,99.858,92.319,102.16,116.37,46.762,99.751,86.118,60.422,84.369,74.632,35.426,34.211,30.769,34.724,19.858,20.009,20.378,19.632,22.073,19.691,23.268,20.698,13.803,28.297,18.927,37.064,33.181,36.555,35.423,34.907,33.35,41.962,35.648,35.642,36.899,32.554,33.846,35.453,43.63,21.29,30.256,18.177,19.673,17.841,17.418,18.349,17.853,18.717,19.804,20.464,16.754,19.694,77.742,91.715,16.073,27.963,5.6782,5.2228,5.2189,5.7609,18.859,18.655,34.464,32.289,20.345,21.736,19.318,20.071,5.8743,6.0194,23.471,19.956,25.492,33.091,19.104,19.517,19.361,18.889,6.3611,6.0041,5.3441,5.9,5.0345
137.7,191.21,0,9.2543,6.5138,5.968,82.897,125.74,137.04,204.59,174.09,110.74,77.689,58.892,85.955,13.896,23.044,18.366,30.796,36.121,83.183,65.452,64.322,72.912,79.561,80.257,106.04,101.19,106.27,293.09,305.85,310.72,275.91,233.33,220.31,190.36,182.73,111.68,118.39,47.595,69.555,10.437,2.671,13.796,15.608,19.053,37.596,35.323,70.623,130.31,120.7,127.75,194.45,196.36,158.37,133.49,182.3,207.41,149.22,177.79,151.88,131.36,128.27,123.86,102.5,112.42,105.87,116.86,131.97,160.95,111.99,139.4,137.49,131.79,135.48,127.41,134.11,131.9,80.699,88.8,91.558,4.3784,19.827,28.068,19.431,40.142,34.758,28.444,30.177,38.803,58.479,66.103,51.879,60.146,68.626,76.597,86.339,89.063,91.327,79.444,91.39,93.878,91.225,59.991,58.542,81.298,78.425,67.263,84.548,78.652,65.937,72.976,77.458,75.189,77.214,78.694,99.983,102.1,96.483,94.267,91.405,87.78,95.876,89.574,93.02,107.63,107.19,107.81,98.87,374.2,380.28,258.84,282.61,137.59,162.3,77.32,78.073,4.8284,9.0059,4.4075,0.26055,10.774,15.321,37.303,45.972,105.83,96.78,172.54,186.13,200.07,225.79,132.88,121.1,157.14,149.11,112.27,122.83,105.71,108.28,118.75,119.31,129.63,142.78,119.27,141.06,131.54,131.87,127,137.02,84.212,90.464,0.97982,15.674,2.9315,4.8347,12.328,14.064,26.532,14.459,14.71,17.83,32.982,15.359,58.306,24.156,30.435,43.894,30.044,36.67,62.938,67.068,71.683,65.529,89.016,88.099,87.157,88.974,83.762,88.577,82.06,86.795,103.57,75.635,99.623,82.224,77.615,77.958,77.615,85.993,80.747,56.2,81.792,76.412,71.473,78.533,77.369,72.707,62.377,89.415,91.381,92.708,90.291,94.508,95.481,93.771,95.247,92.727,108.58,113.16,97.073,95.498,33.554,19.648,108.8,81.397,131.7,135.76,137.6,133.8,92.092,98.267,79.136,82.687,89.663,87.719,108.31,107.11,132.58,132.53,95.795,99.868,95.459,84.224,104.52,107.45,108.74,109.23,140.15,136.84,135.48,137.42,140.46
138.44,165.36,9.2543,0,10.871,3.0962,77.978,94.219,103.24,186.26,170.25,88.508,74.933,55.426,58.771,25.341,18.653,19.792,31.542,26.066,64.907,49.279,42.339,46.131,54.71,54.235,102.71,95.133,101.91,253.6,278.7,279.58,236.93,214.44,190.97,178.74,175.28,91.379,95.829,46.47,61.135,6.099,14.736,4.254,16.182,26.323,20.218,23.799,66.513,98.597,122.69,96.086,164.85,167.69,128.28,105.77,154.34,174.08,127.44,160.78,122.49,129.6,102.35,97.07,102.41,88.913,91.383,97.193,102.33,159.67,94.18,117.12,115.78,108.34,111.89,106.5,112.05,107.55,78.168,84.333,67.166,20.095,21.518,25.734,11.527,39.318,38.206,12.879,15.785,25.226,42.947,52.757,48.434,51.16,54.234,57.606,72.075,77.011,79.173,66.852,81.452,93.683,62.428,36.052,38.233,54.893,50.105,44.301,55.692,52.728,43.3,47.804,51.563,52.117,51.986,53.249,93.321,87.319,86.209,83.143,82.448,78.893,87.385,80.427,82.798,104.11,103.65,104.23,95.067,331.31,361.86,228.91,244.46,132.72,158.74,67.222,64.678,11.3,11.63,19.501,6.4718,23.776,17.101,19.946,24.764,91.989,95.089,144.58,154.82,180.79,196.84,102.41,94.264,124.5,142.26,100.74,108.49,81.559,87.317,102.62,100.62,106.17,117.82,95.375,116.53,105.18,107.72,105.59,115.38,60.368,65.166,5.66,0.87613,7.0188,0.7683,14.148,11.584,27.08,13.248,13.927,15.625,10.71,28.352,37.146,37.09,41.261,26.058,39.757,45.364,48.661,49.153,53.485,48.649,77.79,75.966,74.768,76.875,71.874,75.935,71.608,75.1,90.291,69.138,93.432,53.034,52.858,51.011,51.47,56.204,54.212,52.166,53.49,50.772,47.862,53.681,52.314,49.31,40.319,81.6,61.707,80.972,80.005,83.76,84.581,83.562,85.142,82.455,105.78,111.77,85.955,88.596,42.037,12.197,102.18,78.003,109.9,111.94,112.55,109.68,81.571,74.147,52.764,55.815,80.307,79.507,105,104.23,109.01,108.53,68.506,73.515,66.892,86.315,100.07,104.14,105.56,105.72,111.65,110.38,111.46,110.89,114.3
85.526,127.56,6.5138,10.871,0,2.4303,43.026,77.918,86.984,138.09,114.08,64.539,39.414,26.274,48.546,3.0172,5.3883,3.0072,9.0453,12.803,44.054,31.683,32.725,40.097,43.442,44.355,60.363,56.478,60.437,213.42,223.13,227.44,198.96,161.88,151.61,126.62,120.71,64.913,70.267,18.983,33.524,2.05,2.335,5.3483,1.9794,3.9573,16.265,12.777,34.309,81.336,72.388,79.435,130.64,132.05,102.18,82.625,120.66,141.69,93.755,116.25,97.013,80.142,78.299,75.203,58.07,66.024,59.982,68.693,81.957,103.8,64.831,86.188,84.641,80.514,83.348,76.825,82.086,80.749,41.604,47.364,51.345,3.8695,3.6283,7.5686,4.994,14.367,11.554,11.749,11.629,15.191,27.086,31.604,21.641,27.188,33.446,39.699,45.7,47.489,49.137,40.661,49.112,51.565,52.703,31.091,28.604,45.187,44.252,34.915,48.371,43.284,33.972,39.38,42.511,39.956,42.077,43.114,55.537,57.201,52.862,51.245,49.117,46.47,52.418,47.778,50.311,61.549,61.211,61.68,54.899,282.92,287.61,183.57,204.43,84.674,104.56,39.004,39.778,0.19521,0.2211,3.4216,5.4753,2.6623,1.8549,16.126,22.278,59.92,53.548,112.9,124.26,134.4,156.07,82.865,73.167,101.83,93.616,64.699,72.809,61.282,62.507,69.783,70.425,78.874,89.172,71.164,87.776,80.852,80.69,76.579,84.268,46.17,50.878,3.1644,16.863,0.87667,8.8074,0.93021,1.8935,6.7735,1.7772,1.7964,3.0055,19.159,4.1131,28.813,8.0171,10.671,19.476,10.131,13.706,29.673,33.14,36.23,31.892,47.417,46.797,46.134,47.427,43.669,47.173,42.381,45.833,58.202,37.764,55.292,47.062,42.146,43.294,42.718,49.75,44.887,24.46,46.351,41.739,37.788,42.776,42.106,38.484,31.587,47.671,53.191,50.125,48.315,51.413,52.133,50.862,51.947,50.096,62.351,66.029,53.312,52.182,11.812,4.8855,62.192,42.038,80.211,83.602,85.213,82.157,49.636,55.954,43.784,46.282,47.844,46.427,62.093,61.219,81.136,81.166,55.206,57.723,55.453,44.755,59.099,61.437,62.431,62.774,87.833,84.887,83.419,85.348,87.594
105.17,138.67,5.968,3.0962,2.4303,0,54.711,79.593,88.451,154.16,134.7,70.191,51.517,35.664,48.054,10.816,8.0802,7.6552,16.017,15.018,48.74,35.189,32.416,37.892,43.581,43.818,75.262,69.61,74.888,224.38,241.54,244.08,209.03,179.73,163.08,144.89,140.36,71.768,76.555,27.876,41.855,0.90621,6.0514,1.6235,5.4798,11.423,13.984,13.934,44.916,83.395,91.05,81.244,139.94,142.03,108.06,87.47,129.88,149.92,103.5,130.91,102.69,98.136,83.675,79.595,74.076,71.118,69.383,76.449,85.489,124.5,73.097,94.738,93.323,87.669,90.791,84.964,90.25,87.404,54.162,59.927,53.42,9.4868,8.7592,12.476,4.5852,22.229,20.484,8.4444,9.6841,15.765,29.923,36.83,30.05,33.955,38.432,43.097,53.025,56.311,58.165,48.05,59.287,66.633,51.867,28.678,28.442,44.545,41.843,34.429,46.528,42.572,33.489,38.307,41.639,40.617,41.618,42.731,68.256,66.042,63.428,61.136,59.787,56.767,63.809,58.148,60.523,76.525,76.133,76.642,68.852,297.01,314.54,197.48,215.43,101.82,124.37,47.447,46.561,2.901,2.73,8.9253,3.9468,10.088,5.8917,13.792,19.064,69.653,68.25,121.28,131.89,149.64,168.15,85.98,77.235,106.06,110.84,76.283,84.005,65.234,68.616,79.646,78.969,85.809,96.545,76.777,95.227,86.305,87.457,84.4,92.948,47.615,52.238,2.1317,6.4902,1.3138,2.6492,4.125,3.2569,12.816,3.989,4.3192,5.6126,11.298,12.84,28.039,18.754,21.863,18.252,20.827,25.163,33.919,35.84,39.424,34.989,56.663,55.465,54.558,56.215,51.956,55.629,51.215,54.579,67.991,47.825,68.199,44.629,42.061,41.777,41.699,47.468,44.074,33.2,44.479,40.88,37.534,42.763,41.786,38.561,30.904,58.686,51.778,59.526,58.189,61.522,62.271,61.163,62.464,60.25,77.746,82.508,63.514,64.309,22.654,4.8392,75.83,54.273,88.283,90.941,92.029,89.129,59.593,59.04,42.842,45.528,58.119,57.055,77.23,76.436,88.302,88.086,55.987,59.621,55.351,59.783,73.332,76.488,77.67,77.907,92.897,90.818,90.617,91.295,94.055
8.9812,26.007,82.897,77.978,43.026,54.711,0,19.155,22.797,27.558,17.804,8.2285,0.17106,2.0674,16.367,33.156,20.778,23.308,12.641,14.387,5.599,6.9356,14.837,19.94,14.205,15.92,1.7216,0.9147,1.5995,72.326,71.589,75.233,64.925,38.406,37.434,22.024,19.836,6.7337,8.9571,4.8706,1.2996,41.845,60.124,46.001,27.006,23.807,24.517,16.684,0.49394,19.573,5.7821,19.404,29.374,29.29,21.097,15.101,24.808,36.133,12.958,18.497,19.271,6.5973,12.791,13.31,2.0836,9.4467,2.9886,6.7,17.059,14.541,5.1314,11.409,10.722,11.079,11.696,8.7052,10.409,11.808,0.15492,0.12645,11.231,60.488,21.665,15.065,29.551,7.6692,10.794,31.858,26.625,16.692,8.4722,4.3819,3.6993,3.1668,4.6327,7.2615,2.4832,1.3763,1.4211,2.0052,0.73017,1.1834,17.909,20.689,14.759,16.274,20.819,15.24,19.765,16.234,15.24,16.85,16.563,12.701,15.497,15.41,0.80321,2.8735,1.0068,1.1371,0.51799,0.43202,0.64228,0.51063,0.84753,1.8979,1.836,1.9109,0.85671,111.89,108.17,52.205,66.985,7.2701,14.208,1.0895,2.5623,47.76,37.604,58.906,79.032,39.787,27.073,24.78,25.057,2.729,1.0384,22.314,28.437,26.209,39.121,18.124,13.196,23.569,9.8283,2.6887,4.8957,10.009,7.0728,4.9944,6.3533,10.81,13.883,10.166,13.271,13.544,11.639,8.9844,10.595,11.668,12.594,69.039,83.931,55.701,81.105,31.588,31.358,15.657,29.645,28.97,25.424,48.146,32.982,16.306,24.009,17.527,19.685,16.812,12.55,5.8812,8.3143,7.4454,7.6299,1.0748,1.416,1.5366,1.3948,1.4245,1.6225,0.94415,1.2614,2.3452,0.31652,0.76822,21.196,14.601,18.299,16.952,21.151,16.659,2.6788,19.574,16.462,14.72,14.491,15.162,13.957,15.836,0.27881,19.442,1.2908,0.79813,1.0383,1.1194,0.87031,0.90695,0.85109,2.1611,3.197,1.254,0.46974,13.914,28.497,1.7611,0.063308,9.882,11.912,13.157,11.877,0.89958,10.257,16.864,16.685,0.55735,0.30577,2.0262,1.9457,11.277,11.603,14.671,12.904,16.706,1.4171,1.3761,1.9094,2.1093,2.1175,16.652,14.266,12.027,14.411,14.505
35.191,13.663,125.74,94.219,77.918,79.593,19.155,0,0.2521,25.64,36.91,2.3612,22.514,23.844,4.1681,77.752,42.409,53.359,41.232,27.554,5.8881,10.621,10.461,8.6696,5.413,5.4866,22.667,18.074,21.088,39.409,55.916,53.864,32.932,35.314,19.744,29.834,33.687,3.5567,2.473,30.276,15.793,64.273,106.42,61.051,55.985,62.159,27.463,27.828,21.071,0.052797,34.071,0.0093437,11.704,12.895,3.3154,1.0878,9.6264,13.023,7.0178,18.83,2.592,29.336,1.4091,0.78995,27.728,1.7551,8.124,4.3127,0.40385,37.503,5.4526,4.9247,5.0747,3.0897,3.4482,4.3609,4.3335,2.5547,22.753,19.799,2.7693,111.94,52.027,39.389,46.456,33.722,43.099,37.733,34.018,24.845,13.25,12.016,25.692,17.097,10.731,6.7099,8.3384,10.292,10.145,10.373,12.587,26.841,3.3387,13.75,12.883,5.2802,7.2632,9.4172,5.2942,5.9794,9.908,7.7988,6.3815,6.4979,6.2462,5.8181,17.131,7.6722,12.283,11.256,13.764,13.852,14.457,13.526,12.268,22.56,22.478,22.474,21.273,73.243,104.09,33.162,36.067,25.481,33.895,13.027,9.831,85.795,69.865,109.44,117.46,86.803,57.774,27.768,22.393,8.769,24.505,7.2787,8.4842,23.007,21.903,0.2899,0.6707,2.237,25.036,11.882,9.9136,1.5544,3.0347,7.564,5.2937,2.8493,3.5751,1.7975,3.5955,1.4816,2.6698,3.9456,5.0651,4.152,2.8974,105.07,92.285,90.558,104.88,62.506,56.124,44.124,56.167,56.082,50.373,44.743,79.74,13.257,70.304,60.554,21.741,58.25,52.306,12.292,9.5188,8.1309,10.324,11.16,10.238,10.018,10.247,10.688,9.7162,12.274,10.731,9.2342,17.39,17.774,6.3299,5.993,6.6505,6.4212,5.3527,5.4996,23.72,5.9464,6.6628,7.875,5.7245,6.1461,7.372,11.416,15.185,3.6562,10.576,12.185,11.684,11.53,12.294,12.447,12.207,23.819,26.793,11.323,16.547,53.466,46.018,17.978,21.418,4.2114,3.3342,2.809,2.9006,11.917,2.0179,5.9759,5.0077,13.275,14.685,22.965,23.53,3.1044,2.8341,2.0776,1.5134,2.3459,30.534,20.77,22.861,23.229,22.745,1.4411,1.9662,3.1696,1.9959,2.5548
37.612,12.208,137.04,103.24,86.984,88.451,22.797,0.2521,0,24.436,37.851,3.6367,26.563,28.617,6.2378,86.822,49.177,60.947,47.874,33.051,8.4848,14.142,13.784,11.411,7.8623,7.8653,25.639,20.945,23.952,34.559,51.703,49.232,28.502,33.374,17.288,29.589,34.04,4.9196,3.4535,35.806,19.666,72.332,117,68.655,63.739,70.285,32.605,33.306,25.276,0.12818,37.137,0.18097,9.9035,11.105,2.5295,1.244,8.2683,10.636,7.0479,18.425,2.0501,31.674,1.8455,1.3325,31.152,2.8937,10.109,5.5358,0.51429,39.06,6.9752,5.2228,5.4729,3.5567,3.7854,5.1412,4.8164,2.9612,26.708,23.262,4.6898,122.82,59.521,45.94,53.369,39.671,49.772,43.675,39.803,29.998,17.156,15.678,30.796,21.348,14.209,9.5546,11.071,13.084,12.843,13.507,15.463,30.55,5.1154,17.279,16.58,7.5968,9.6841,12.552,7.3911,8.4404,13.124,10.57,8.9034,9.2228,8.799,8.2909,19.989,9.7699,14.944,13.927,16.723,16.953,17.294,16.537,15.061,25.462,25.392,25.363,24.442,66.488,99.246,29.743,31.537,27.317,35.175,16.44,12.963,95.304,78.467,120.2,128.32,96.391,65.654,32.934,26.879,10.806,27.958,6.1974,6.8048,21.835,19.338,0.32854,1.3102,1.3538,26.346,13.887,11.338,2.9101,4.4784,8.9809,6.5013,3.3877,3.5887,2.6663,3.6915,1.7807,3.09,4.7055,5.4838,6.4208,4.8271,115.37,100.77,100.22,114.68,70.676,63.819,51.026,63.899,63.818,57.722,50.507,88.893,16.943,78.773,68.339,26.416,65.918,59.463,16.046,12.868,11.244,13.802,14.02,13.061,12.858,13.039,13.7,12.482,15.467,13.64,11.396,21.174,20.688,8.5389,8.5404,9.1213,8.9286,7.3601,7.8398,28.566,8.193,9.2445,10.769,8.2237,8.6963,10.209,14.844,18.318,5.4035,13.255,15.074,14.378,14.175,15.06,15.167,15.006,26.76,29.732,13.892,19.54,60.774,52.925,20.539,25.262,4.79,3.6472,2.9836,3.258,14.719,3.6707,8.4007,7.2435,16.265,17.847,25.864,26.513,3.5375,3.2419,3.6972,2.9974,3.9365,34.834,23.683,25.788,26.127,25.593,1.331,2.0814,3.4787,2.0873,2.5686
13.489,2.5246,204.59,186.26,138.09,154.16,27.558,25.64,24.436,0,5.9671,19.8,31.311,44.188,44.225,121.09,92.144,100.38,77,73.46,31.891,44.2,55.19,56.916,45.077,46.981,18.172,18.709,17.546,14.537,10.321,12.066,12.585,0.9924,3.2972,1.2589,3.3091,17.585,16.679,55.35,35.697,131.46,168.92,134.43,107.31,102.59,86.004,76.975,35.213,23.749,18.152,24.893,4.7962,3.919,11.412,16.374,4.8427,7.0383,6.4023,0.95033,12.331,12.468,16.202,19.115,21.654,20.371,16.764,14.926,19.623,8.8474,15.72,9.1702,9.3253,12.422,11.335,11.918,10.566,13.204,29.727,24.697,34.141,169.69,97.139,81.257,106.53,63.791,72.846,102.83,94.194,74.468,50.542,40.789,50.506,43.492,39.485,37.796,26.624,24.129,22.941,30.138,22.529,24.902,43.248,65.946,58.716,46.843,54.81,53.914,49.706,48.363,54.734,52.618,49.525,45.677,48.222,47.22,19.006,18.538,20.094,21.232,22.498,24.349,20.414,23.419,21.74,17.532,17.669,17.433,20.578,30.557,29.124,5.0237,12.389,9.1717,6.8953,30.649,31.49,146.96,127.85,167.04,197.55,133.48,107.94,86.573,81.114,16.581,22.644,6.2797,7.3206,0.073601,3.0555,20.514,20.421,15.097,6.2694,13.753,10.567,24.668,19.743,12.373,13.369,13.174,10.325,17.655,10.448,15.456,13.025,12.415,9.409,38.961,36.553,181.29,190.24,159.49,195.08,116.53,113.91,83.896,111.44,110.4,102.81,123.4,120.5,60.964,101.9,87.852,75.005,86.616,76.145,44.524,44.911,40.986,45.01,23.946,24.687,25.303,24.191,27.124,24.589,27.75,25.291,17.393,31.486,19.294,53.064,46.77,51.605,49.963,50.77,47.694,46.411,51.075,50.015,50.634,46.073,47.674,48.856,57.759,23.561,45.255,22.122,23.121,21.066,20.617,21.373,20.662,21.888,17.642,17.201,19.894,20.846,79.868,104.93,15.724,28.94,11.135,11.443,11.981,12.351,22.23,29.092,48.933,46.581,23.378,24.398,17.421,18.086,12.261,12.659,36.252,31.613,39.173,31.197,18.123,17.706,17.36,16.999,14.925,13.67,11.709,13.552,12.17
2.4356,13.277,174.09,170.25,114.08,134.7,17.804,36.91,37.851,5.9671,0,23.99,19.633,31.743,50.002,92.942,76.978,80.491,59.049,63.668,31.62,41.197,55.892,61.362,48.876,51.576,8.5908,10.878,8.7362,38.775,26.334,31.086,35.843,8.4837,17.719,1.7499,0.3976,20.509,21.543,40.306,27.604,114.15,137.94,120.9,87.642,78.417,81.054,68.071,24.07,35.421,5.3158,36.377,18.296,16.862,23.545,25.59,16.667,23.669,12.36,4.8448,23.655,3.0075,23.909,27.157,9.4436,25.529,15.284,17.709,30.027,0.37999,16.933,14.986,14.645,18.643,17.847,16.151,15.95,20.047,18.072,14.972,38.536,136.11,77.249,65.249,93.176,47.887,53.273,95.525,86.457,67.288,46.537,35.908,37.506,35.112,35.514,37.538,23.797,19.916,18.941,25.682,16.947,12.289,50.443,67.451,57.833,51.763,60.675,55.494,56.412,52.767,55.992,56.078,53.814,47.99,52.071,51.326,11.549,17.044,15.06,16.675,16.21,17.79,14.054,17.157,16.461,8.1692,8.2976,8.1305,10.947,59.887,41.083,21.363,35.33,2.3371,0.20753,24.286,27.504,121,105.61,134.02,169.55,103.58,87.367,81.573,79.466,14.645,11.32,17.656,21.623,6.5423,17.428,31.519,28.33,28.875,1.4462,10.519,9.9191,29.848,22.92,12.777,15.608,19.282,18.164,23.477,17.903,23.643,19.727,16.971,14.65,42.469,41.46,155.07,178.33,134.66,174.79,95.461,96.116,65.637,92.854,91.554,85.419,120.29,91.326,60.596,73.867,62.168,71.085,61.77,52.727,40.036,43.202,39.826,42.487,19.141,20.471,21.208,20.005,22.456,20.763,21.951,20.68,14.921,22.421,11.469,59.782,50.353,56.589,54.421,58.165,52.652,34.177,57.214,54.057,52.985,49.791,51.427,51.175,58.333,16.324,53.008,17.909,17.722,16.254,15.972,16.13,15.433,16.628,7.7995,6.538,15.501,13.306,56.326,91.32,8.7265,17.969,16.213,18.128,19.612,19.144,17.109,33.766,53.658,51.905,17.272,17.345,7.9438,8.2171,18.607,19.293,42.825,37.863,46.537,16.288,9.2838,8.184,7.807,7.7258,25.023,22.214,18.519,22.179,20.707
20.442,11.939,110.74,88.508,64.539,70.191,8.2285,2.3612,3.6367,19.8,23.99,0,10.575,12.678,5.0129,60.37,32.791,40.876,28.647,20.482,1.9705,5.9902,9.0106,9.6318,5.1344,5.833,10.502,7.3969,9.4435,43.648,53.511,53.498,37.102,29.41,19.481,20.693,22.498,0.15004,0.14647,18.177,6.9633,55.289,89.465,54.773,44.069,46.651,24.347,21.577,9.977,2.4329,18.944,2.4096,11.922,12.594,4.3356,1.2549,9.1469,15.05,3.758,12.656,3.3391,15.958,0.69883,0.62868,13.96,0.044898,1.75,0.47582,1.6274,23.45,0.72088,2.0895,1.9687,1.0019,1.3702,1.0018,1.4675,0.94331,10.639,8.5257,1.96,93.075,39.346,28.498,38.897,21.668,29.004,34.003,29.545,19.587,8.4555,5.8609,14.685,8.7818,5.0723,3.3242,2.224,2.959,2.8212,3.5205,4.1025,13.28,4.9439,13.511,10.679,5.8115,8.93,8.4236,7.0972,6.3131,8.7724,7.8672,6.7306,5.356,6.2342,5.8872,6.7869,1.5209,3.8777,3.3362,4.7678,4.8897,5.1349,4.6637,3.9011,10.459,10.395,10.405,9.4732,78.427,96.429,32.74,39.719,13.598,20.988,4.9091,3.4311,71.449,57.226,90.863,103.96,68.808,45.241,24.651,21.103,2.0598,11.658,6.945,9.7347,17.721,21.364,1.9466,0.584,4.6504,14,3.8478,3.1697,0.32119,0.043766,1.8253,0.8972,0.80272,2.1061,0.16581,1.9269,0.9498,0.95152,0.85793,1.9258,3.2121,2.6047,92.139,89.43,77.637,96.635,50.1,45.903,31.784,45.249,44.923,39.819,44.711,61.527,11.529,51.772,42.861,18.644,41.126,35.496,6.7101,5.7843,4.4349,6.0709,3.3944,2.9667,2.8998,2.9403,3.3751,2.7024,4.2429,3.2559,2.2677,7.4285,7.1922,8.3793,5.7114,7.5672,6.9037,7.637,6.1167,12.912,7.513,6.8986,7.1239,5.4724,6.035,6.4715,10.062,5.6329,5.7414,3.0063,3.9039,3.5634,3.4703,3.9061,3.9768,3.8714,11.337,13.509,3.3477,6.4073,36.853,38.2,7.4588,9.7343,1.2494,1.3744,1.4767,1.1383,3.7233,0.9169,6.5443,5.761,4.5199,5.372,10.748,11.11,1.067,1.0238,2.7498,1.5878,3.7254,15.986,9.2017,10.66,10.937,10.619,1.9041,1.3954,1.3224,1.4548,1.764
9.6965,30.215,77.689,74.933,39.414,51.517,0.17106,22.514,26.563,31.311,19.633,10.575,0,1.4691,18.411,29.262,18.96,20.744,10.699,13.594,6.9573,7.6287,15.885,21.544,15.917,17.723,2.2516,1.6159,2.2382,79.213,77.585,81.651,71.527,42.644,42.411,24.907,22.178,8.949,11.503,3.7031,1.4636,39.212,55.251,43.862,24.37,20.672,24.238,15.961,0.27866,23.051,6.0422,22.82,33.949,33.821,25.053,18.37,29.04,41.224,16.07,21.694,23.046,7.464,15.812,16.299,2.2002,11.93,4.5814,8.9781,20.433,15.88,7.1475,14.373,13.6,13.984,14.687,11.312,13.248,14.785,0.034387,0.39192,13.257,55.288,19.15,13.302,27.781,6.2257,8.7258,31.004,25.822,16.255,8.8978,4.8738,2.8912,3.1155,5.2822,8.4921,3.5973,2.3647,2.4729,2.8006,1.5819,1.1249,20.201,21.685,15.505,18.131,22.686,16.445,21.858,17.981,16.382,18.372,18.271,14.169,17.159,17.131,1.5372,4.4071,2.0073,2.1649,1.2786,1.1008,1.4615,1.2461,1.7635,2.4793,2.4102,2.5029,1.2812,120.11,114.22,57.812,73.617,8.5758,15.812,1.6103,3.3904,43.787,34.354,53.806,74.223,35.505,24.31,24.484,25.342,4.2642,1.2004,26.372,33.004,29.98,44.151,21.576,16.126,27.687,11.544,4.1514,6.836,12.382,9.2635,7.0102,8.6025,13.669,17.132,12.835,16.451,16.669,14.6,11.623,13.457,13.454,14.65,64.638,81.442,51.725,77.368,28.641,28.882,13.56,27.094,26.4,23.154,47.67,28.975,17.093,20.435,14.467,19.718,13.869,9.9692,6.3526,9.1847,8.4754,8.3779,1.988,2.3883,2.5085,2.3852,2.2682,2.6514,1.6172,2.1629,3.7791,0.46095,1.4479,23.231,16.247,20.081,18.679,23.337,18.506,2.057,21.551,18.122,16.103,16.171,16.818,15.367,16.821,0.88492,21.787,2.3377,1.656,2.0373,2.1547,1.8025,1.8636,1.7649,2.6891,3.6705,2.3458,1.1275,11.246,26.713,2.6799,0.046711,12.65,14.928,16.309,14.877,1.8215,12.441,18.652,18.612,1.3144,0.90951,2.6011,2.4503,14.207,14.566,17.002,15.283,19.105,0.89599,1.9869,2.4666,2.6793,2.7326,20.119,17.511,15.053,17.673,17.802
18.684,40.393,58.892,55.426,26.274,35.664,2.0674,23.844,28.617,44.188,31.743,12.678,1.4691,0,15.291,19.502,9.8799,11.51,4.5334,6.371,6.2108,4.5701,10.756,16.205,12.552,14.05,7.3116,5.7311,7.1994,95.051,97.041,100.7,86.097,57.893,54.511,37.554,34.677,11.663,14.507,0.6369,0.85113,25.525,40.345,29.319,14.13,12.302,14.778,8.103,0.54082,24.922,13.318,24.371,43.571,43.851,30.794,21.862,37.858,51.162,22.865,32.328,28.249,15.551,19.164,18.851,7.1906,13.914,7.8453,12.497,23.174,27.002,10.48,19.962,19.103,18.406,19.511,15.823,18.28,18.995,1.9505,3.1447,12.01,41.089,10.379,5.9889,16.5,1.7975,3.7437,19.544,15.485,8.5785,4.7647,2.6596,0.24027,0.87647,3.2295,6.5124,4.2855,3.895,4.2927,2.8489,3.8228,5.0412,17.361,14.879,9.8342,14.498,17.762,11.524,17.84,14.059,11.325,13.695,14.145,10.666,13.241,13.397,5.4154,7.1281,4.8602,4.5743,3.6912,3.0383,4.5367,3.3816,4.1711,7.7066,7.5825,7.7435,5.4093,141.16,140.11,73.083,88.942,16.98,26.839,1.8505,3.0593,30.069,22.049,39.739,55.556,24.631,14.194,14.952,16.408,7.6509,5.3199,34.193,41.369,42.285,56.826,24.176,18.308,32.555,20.892,8.7578,12.184,13.276,11.37,11.53,12.645,17.832,22.461,15.603,21.689,20.302,18.858,15.969,18.924,11.218,12.937,47.22,61.205,36.318,57.57,17.501,17.395,6.368,16.078,15.572,13.036,33.638,19.661,11.056,13.548,9.027,11.718,8.3139,5.7604,3.3658,5.9089,5.9107,5.1334,3.6716,3.7694,3.7074,3.8941,3.0888,3.9968,2.4763,3.4493,6.9892,1.0923,5.3492,18.65,12.575,15.634,14.485,19.194,14.726,0.053788,17.261,13.903,11.737,12.626,12.992,11.305,11.278,3.2213,18.633,4.4247,3.687,4.5471,4.7651,4.3117,4.5849,4.1245,8.1129,9.7827,5.1247,4.4023,6.3932,15.671,7.6407,1.9473,17.462,19.728,21.013,19.369,4.0518,12.286,14.646,15.045,3.4256,2.9528,7.934,7.6915,18.694,18.94,15.449,14.664,17.044,3.7847,6.7256,7.6973,8.0779,8.1494,24.201,21.757,19.77,21.97,22.555
41.979,30.185,85.955,58.771,48.546,48.054,16.367,4.1681,6.2378,44.225,50.002,5.0129,18.411,15.291,0,51.648,22.06,31.049,23.987,11.821,2.8527,3.2982,1.5696,0.86254,0.16644,0.097927,24.429,19.142,22.994,68.935,87.537,86.022,60.298,57.824,40.347,46.071,48.458,6.6066,6.6515,18.499,10.06,36.601,71.972,33.56,32.329,39.492,10.346,11.523,15.453,5.1371,37.773,4.5697,28.454,30.016,14.057,7.5639,24.617,31.375,16.974,33.468,12.272,35.435,7.1287,5.4991,28.42,4.5941,10.329,8.4527,6.2533,48.272,8.749,13.119,12.963,9.7794,10.814,10.443,11.579,9.172,19.292,18.236,0.74574,77.54,30.373,21.234,23.653,19.696,26.934,16.909,14.628,9.4335,4.0347,5.1977,15.258,8.9527,4.4776,1.9304,6.3938,9.0297,9.3722,6.9205,11.827,25.862,0.090299,2.7787,2.6386,0.067188,0.56784,1.1445,0.19499,0.16717,1.3249,0.56799,0.23649,0.50726,0.23442,0.16153,18.001,9.1022,12.593,11.114,12.987,12.301,14.593,12.365,11.857,24.64,24.477,24.595,21.695,112.03,143.34,58.969,64.386,32.998,45.186,9.1426,6.0136,54.885,42.331,75.429,78.782,58.474,33.959,10.529,7.24,10.979,24.289,20.691,23.747,40.966,43.302,6.1621,4.8072,12.347,34.634,15.342,15.381,2.8573,5.3169,12.245,9.975,9.1286,12.147,5.9943,11.897,7.7781,9.303,9.9124,12.873,0.39948,0.40142,68.816,57.314,57.671,67.439,37.056,31.394,25.31,31.809,31.896,27.732,21.82,53.888,2.6837,48.318,41.485,7.0748,39.326,35.819,4.5237,2.3662,2.1894,2.9152,9.8966,8.7631,8.3299,8.9648,8.2519,8.3349,9.4751,8.9769,10.997,13.063,18.541,0.43754,0.23103,0.30811,0.24246,0.32989,0.092129,14.487,0.25204,0.29509,0.67423,0.19257,0.22916,0.59089,1.8899,13.95,0.16799,10.103,11.196,11.59,11.64,12.04,12.498,11.734,26,29.648,11.765,16.53,36.019,23.461,20.553,18.187,11.031,10.731,10.419,9.9007,11.313,1.6458,0.16243,0.038793,12.138,13.102,25.152,25.443,9.9314,9.6083,0.42379,1.0657,0.2637,27.251,22.35,24.886,25.481,25.126,9.0782,9.2644,10.494,9.3953,10.568
66.149,116,13.896,25.341,3.0172,10.816,33.156,77.752,86.822,121.09,92.942,60.37,29.262,19.502,51.648,0,7.0604,2.8546,5.8483,14.429,41.575,30.954,36.194,45.432,46.008,47.65,46.574,44.631,47.102,200.48,202.11,208.22,187.2,142.53,139.2,107.56,100.38,59.432,65.248,13.116,27.531,8.6247,4.6014,14.616,3.1933,0.88363,22.784,15.584,25.908,80.658,54.411,79.082,120.95,121.62,96.816,78.852,111.28,132.95,84.42,101.18,91.981,62.583,74.057,72.115,43.245,62.419,51.923,62.135,79.64,82.831,57.838,78.314,76.664,74.285,76.737,69.634,74.731,75.055,30.897,36.426,51.492,4.1315,2.8899,6.6506,10.218,9.8514,6.1697,19.784,18.064,18.506,27.286,29.007,16.124,23.126,31.034,38.782,40.317,40.451,41.824,35.39,40.592,37.923,56.058,37.019,32.079,48.571,49.67,38.497,53.004,46.811,37.587,43.456,46.247,42.061,45.363,46.277,44.148,49.822,43.803,42.95,40.078,37.915,42.511,39.1,41.709,47.642,47.37,47.782,42.265,265.58,256.73,167.98,191.58,67.838,84.479,32.675,35.186,3.1051,2.9376,3.7565,13.76,0.30198,2.5235,22.715,29.545,51.512,40.201,104.59,116.51,118.32,142.91,80.982,70.489,98.274,76.449,54.196,62.476,59.062,57.901,60.946,62.975,72.926,82.491,66.853,81.046,76.46,74.876,69.736,76.304,47.186,51.834,10.639,34.009,6.407,21.814,2.6782,5.4825,4.7398,4.4296,4.1012,5.0384,32.234,0.090357,32.971,1.4223,3.2519,24.592,3.2156,5.7018,28.219,33.239,35.667,31.603,39.932,39.946,39.565,40.427,37.332,40.533,35.512,38.932,49.788,29.786,43.717,52.41,45.008,47.732,46.612,54.836,48.472,18.453,51.085,45.487,41,45.535,45.234,41.298,35.524,38.322,57.181,42.384,40.138,42.882,43.546,42.147,42.971,41.563,47.992,50.45,44.621,41.519,4.5674,9.6993,49.633,31.643,73.003,77.095,79.231,76.085,41.326,54.842,47.555,49.754,39.263,37.527,48.005,47.079,74.88,75.176,56.671,57.87,57.898,31.429,46.033,47.459,48.226,48.666,83.692,79.874,77.071,80.307,81.939
55.567,81.699,23.044,18.653,5.3883,8.0802,20.778,42.409,49.177,92.144,76.978,32.791,18.96,9.8799,22.06,7.0604,0,0.93861,1.981,1.6051,18.71,10.948,12.035,17.177,18.565,19.322,34.176,30.273,33.858,151.77,162.56,165.37,139.49,112.05,100.99,84.575,81.105,33.268,36.983,6.2436,13.207,3.6506,14.48,5.4791,0.97997,3.6856,4.5588,1.7586,14.958,44.906,45.681,43.517,83.621,84.913,60.767,45.864,75.732,92.219,55.164,74.381,56.786,50.215,42.71,40.358,33.712,33.779,30.592,36.167,45.316,69.542,33.572,49.148,48.035,44.616,46.772,42.138,46.006,44.696,20.593,24.061,23.512,16.884,1.0004,0.60352,1.0668,3.8448,4.1361,4.027,2.8328,2.8091,8.314,11.094,7.0435,9.0281,12.136,15.838,20.318,22.009,23.165,17.133,23.681,28.773,24.938,11.894,9.6201,19.89,19.89,13.392,22.354,18.678,12.825,16.313,18.229,16.231,17.834,18.479,29.37,28.477,26.327,24.93,23.947,22.054,26.493,22.925,24.477,35.015,34.749,35.09,29.872,211.59,221.95,127.85,144.26,52.623,69.243,16.509,16.396,7.5772,3.4268,15.906,20.196,9.2138,1.3077,4.5413,7.7465,30.685,29.655,69.473,78.232,88.802,104.78,45.995,38.857,60.383,59.09,34.851,40.348,30.34,31.427,37.626,37.627,43.364,51.105,37.53,50.074,44.603,44.672,41.877,47.758,20.121,23.269,15.186,22.807,9.5463,19.782,1.9497,1.1556,1.1547,1.0008,0.96297,0.34537,11.763,8.3032,9.9306,8.5099,7.8598,5.3212,6.9027,7.9035,9.8354,11.808,13.675,11.062,22.143,21.499,20.976,21.955,19.348,21.659,18.764,20.911,29.536,16.589,29.341,21.718,17.783,18.938,18.406,23.428,19.743,8.572,21.04,17.732,15.082,18.17,17.816,15.431,11.482,23.221,25.436,23.972,23.016,25.145,25.632,24.881,25.701,24.308,35.898,39.288,26.441,26.799,6.87,0.83741,34.411,20.593,44.601,46.938,48.037,45.795,23.911,26.616,19.067,20.636,22.917,22.21,35.507,35.004,45.077,45.052,26.299,27.9,26.635,24.728,32.809,35.005,35.816,35.952,49.775,47.66,46.774,48.006,49.76
57.211,91.984,18.366,19.792,3.0072,7.6552,23.308,53.359,60.947,100.38,80.491,40.876,20.744,11.51,31.049,2.8546,0.93861,0,1.6574,4.5926,25.162,16.429,19.102,25.749,26.777,27.867,36.612,33.456,36.606,167.14,174.46,178.5,154.54,120.77,112.65,90.638,85.817,40.816,45.29,6.9194,16.53,3.9745,9.4094,7.3537,0.18263,0.99301,9.5946,5.1329,17.019,55.989,46.703,54.541,95.032,96.081,71.834,55.883,86.516,104.86,63.711,81.907,67.557,52.542,52.133,49.957,35.101,42.256,36.354,43.617,55.848,72.108,40.405,57.701,56.395,53.391,55.642,50.115,54.416,53.73,22.364,26.559,31.852,10.739,0.037197,1.1144,2.8414,4.2478,3.1034,8.2244,6.8013,6.8624,13.451,15.782,8.5136,12.321,17.179,22.359,25.676,26.77,27.996,21.874,27.858,30.057,34.478,19.369,16.083,28.564,29.007,20.798,31.76,27.16,20.11,24.457,26.676,23.857,26.095,26.832,32.715,34.261,30.692,29.508,27.833,25.857,30.317,26.837,28.766,37.529,37.262,37.627,32.336,228.73,231.9,140.1,159.14,55.981,72.524,20.479,21.344,4.446,1.7072,9.9774,16.506,4.3666,0.14136,9.5606,14.073,36.258,31.443,80.13,90.029,97.268,116.39,56.774,48.422,72.151,63.202,39.843,46.334,38.882,39.108,44.075,44.833,52.108,60.479,46.232,59.299,54.204,53.648,49.992,56.088,28.158,31.838,12.147,25.621,6.9572,19.226,0.63813,1.1717,0.76095,0.67319,0.52294,0.45133,17.768,3.6614,16.618,4.2014,4.412,10.693,3.7954,5.2963,14.72,17.817,19.866,16.745,26.66,26.266,25.801,26.727,23.964,26.584,22.926,25.525,34.904,19.46,32.537,31.158,25.925,27.679,26.923,33.115,28.438,10.314,30.233,26.086,22.768,26.359,26.034,23.089,18.52,26.734,35.215,28.703,27.277,29.616,30.165,29.18,29.995,28.608,38.21,41.237,31.066,30.142,4.2467,2.4984,37.883,22.637,52.9,55.88,57.361,54.794,28.273,35.011,27.682,29.467,26.892,25.811,37.97,37.316,53.899,53.995,35.524,36.948,36.202,25.149,35.557,37.455,38.245,38.491,60.115,57.372,55.769,57.748,59.442
39.444,70.891,30.796,31.542,9.0453,16.017,12.641,41.232,47.874,77,59.049,28.647,10.699,4.5334,23.987,5.8483,1.981,1.6574,0,3.2223,16.269,10.157,14.581,21.079,20.158,21.484,22.704,20.341,22.724,138.98,143.41,147.56,127.76,94.826,89.237,68.023,63.683,28.087,32.077,1.822,8.259,9.9197,17.922,13.805,2.8444,2.1854,10.034,4.3235,8.1514,43.27,30.853,42.168,74.238,74.926,55.127,41.751,66.704,83.444,46.53,61.013,51.478,35.538,38.291,36.898,21.52,30.055,23.491,30.081,42.367,51.914,27.212,41.763,40.592,38.601,40.416,35.427,39.086,39.097,11.861,15.016,23.017,18.782,1.2224,0.43831,5.9517,0.6217,0.39741,10.931,8.4049,5.7008,8.3709,8.831,2.795,5.7346,9.9755,14.722,15.568,15.939,16.849,12.576,16.436,17.609,26.995,16.478,12.267,22.109,23.777,15.981,25.525,21.049,15.462,19.207,20.785,17.523,20.034,20.56,19.806,21.953,18.592,17.814,16.304,14.838,18.12,15.588,17.145,23.43,23.22,23.509,19.383,194.76,194.68,113.28,131.62,38.4,52.256,11.171,12.388,11.261,6.7219,17.833,28.563,8.6649,2.7645,10.079,13.657,23.315,18.663,61.377,70.438,74.421,92.398,43.377,35.752,56.175,44.464,25.782,31.267,27.789,26.974,29.75,30.817,37.595,44.609,33.167,43.559,40.028,38.98,35.442,40.33,20.416,23.429,22.758,37.718,15.384,31.688,4.3523,4.9214,0.17929,4.0205,3.7033,2.7668,22.689,6.3006,13.126,4.2559,2.7647,9.544,2.1842,2.1749,8.5189,11.641,12.912,10.616,15.73,15.587,15.296,15.915,13.9,15.904,12.933,14.981,22.193,10.015,19.64,25.494,19.64,22.047,21.085,26.941,22.13,3.8613,24.33,20.313,17.31,19.931,19.889,17.323,14.433,15.374,27.998,17.305,16.051,17.845,18.275,17.451,18.048,17.033,23.957,26.362,18.98,17.855,1.7939,5.3895,23.826,12.083,37.825,40.66,42.147,39.878,16.817,25.036,21.626,22.905,15.652,14.732,23.774,23.251,39.032,39.214,26.789,27.292,27.909,13.97,21.905,23.368,23.99,24.19,45.297,42.536,40.623,42.853,44.091
46.009,62.433,36.121,26.066,12.803,15.018,14.387,27.554,33.051,73.46,63.668,20.482,13.594,6.371,11.821,14.429,1.6051,4.5926,3.2223,0,9.7504,4.336,4.9621,8.6545,9.2793,9.8648,26.059,21.92,25.471,123.92,136.25,138.02,112.71,91.49,79.194,68.293,66.318,21.167,23.921,4.653,7.4372,8.5566,25.722,9.2597,5.0675,8.6724,2.1056,0.11581,10.001,29.601,37.762,28.458,63.501,64.811,43.246,30.735,56.73,70.629,39.665,57.734,39.883,40.465,28.283,26.209,26.727,21.13,20.039,23.704,30.085,57.79,21.861,34.339,33.478,30.248,32.073,28.552,31.668,30.18,14.984,17.211,12.87,28.839,4.4126,1.6358,3.0695,3.3248,5.4347,3.6036,2.0003,0.35261,2.6816,4.8228,4.3838,4.2281,5.4011,7.5186,11.674,13.501,14.418,9.5015,15.371,22.517,13.963,5.3632,3.491,10.278,10.559,5.8444,12.199,9.4305,5.4824,7.8539,9.1373,7.6364,8.8165,9.2579,20.987,18.213,17.47,16.105,15.842,14.311,18.072,14.955,15.954,26.72,26.486,26.763,22.263,178.9,193.96,103.59,117.22,41.613,56.8,9.5724,8.7674,16.108,9.668,27.56,32.166,17.895,5.7087,2.1474,3.6429,20.258,22.756,51.179,58.435,70.208,82.704,30.586,24.957,42.632,46.748,24.327,28.358,18.251,19.539,25.631,25.117,29.179,35.588,24.194,34.765,29.829,30.19,28.243,33.253,10.365,12.658,25.756,28.893,18.486,29.131,7.093,5.1129,3.0614,5.0453,5.0161,3.4189,10.936,15.87,3.7786,14.328,11.944,1.6751,10.698,10.4,3.8047,4.7706,6.0362,4.3475,13.802,13.071,12.592,13.447,11.4,13.087,11.267,12.696,19.424,10.574,21.098,11.852,8.7477,9.7242,9.2791,13.05,10.191,5.2545,11.263,8.7918,6.9232,9.0122,8.7906,7.1269,4.6793,15.552,14.392,15.173,14.74,16.375,16.739,16.291,16.994,15.803,27.699,31.072,17.356,18.765,9.7548,2.8206,25.269,14.707,30.505,32.179,32.934,31.152,15.415,15.287,9.731,10.82,14.894,14.617,27.204,26.913,30.624,30.537,14.909,16.156,15.182,19.967,24.551,26.774,27.51,27.52,33.97,32.416,32.007,32.702,34.254
23.692,23.151,83.183,64.907,44.054,48.74,5.599,5.8881,8.4848,31.891,31.62,1.9705,6.9573,6.2108,2.8527,41.575,18.71,25.162,16.269,9.7504,0,1.1029,3.46,5.0807,2.1296,2.8078,10.734,7.3449,9.8318,64.153,74.621,75.202,56.172,44.089,33.561,30.846,31.441,2.261,3.1301,9.469,2.6341,36.443,65.207,36.364,27.532,30.347,13.165,10.563,5.4577,6.5674,20.11,6.2002,23.512,24.369,12.049,6.0495,19.493,27.911,10.45,22.101,10.319,18.913,4.8906,4.217,13.297,2.2156,2.9543,3.2567,6.1319,29.414,2.8392,7.667,7.3123,5.673,6.4894,5.1223,6.4143,5.6225,7.4246,6.6651,1.0229,68.621,24.043,15.717,23.436,11.48,17.162,20.299,16.701,9.2803,2.2978,1.128,6.9928,2.9186,0.77109,0.26354,0.7165,1.7596,1.9461,0.92973,3.1001,11.537,3.4808,6.7279,4.146,2.924,5.1962,3.3352,4.4342,3.0065,3.4622,3.592,3.2058,1.7583,2.7551,2.6524,6.6429,2.2392,3.5915,2.808,3.6939,3.3084,4.6262,3.3521,3.1425,10.909,10.793,10.885,8.8626,105.16,121.97,50.241,59.357,17.666,27.43,1.8842,0.65244,49.833,38.042,66.703,77.302,48.47,28.527,13.389,11.433,3.2284,10.503,16.264,20.463,29.464,35.938,6.5169,3.8027,12.11,19.543,5.6873,6.4866,1.5327,1.6962,4.7403,3.9702,5.2075,8.0938,3.243,7.7121,5.5437,5.6286,4.934,7.2126,1.1172,1.416,67.161,66.48,54.883,71.42,32.321,28.855,18.398,28.366,28.126,24.113,30.053,42.8,4.8339,35.563,28.678,9.0831,27.106,23.123,1.4163,1.1144,0.56986,1.1709,2.1437,1.6339,1.4439,1.7305,1.4023,1.4617,1.946,1.7144,3.1101,3.8947,6.9524,5.2211,2.3658,3.9786,3.3723,5.081,3.1108,6.0378,4.4289,3.2134,2.7723,2.2822,2.6069,2.3796,4.1036,4.191,4.1762,2.3008,2.7732,3.0435,3.0926,3.2489,3.5122,3.0761,11.809,14.332,3.199,5.7019,23.868,22.871,8.421,6.723,5.9036,6.5278,6.845,6.0527,2.8576,1.037,3.2643,3.0609,3.2362,3.7285,11.255,11.411,5.8347,5.7833,2.2309,1.7958,3.0065,12.604,9.3833,11.062,11.478,11.264,7.5007,6.6467,6.4413,6.7765,7.4621
30.037,34.333,65.452,49.279,31.683,35.189,6.9356,10.621,14.142,44.2,41.197,5.9902,7.6287,4.5701,3.2982,30.954,10.948,16.429,10.157,4.336,1.1029,0,1.4982,3.643,2.0345,2.6298,14.441,10.671,13.606,81.968,93.619,94.447,72.871,58.429,46.83,41.991,41.86,6.5024,7.9387,6.1757,2.4166,24.884,50.266,24.858,18.095,21.474,6.9752,4.8401,5.3336,11.773,24.866,11.135,34.782,35.838,20.201,12.008,29.864,39.982,18.26,32.376,17.926,24.881,10.472,9.2673,16.476,6.3224,6.8035,8.0682,11.751,37.807,7.2281,14.559,14.051,11.776,12.942,10.931,12.816,11.681,8.4308,8.6402,2.6021,53.732,15.651,9.1078,14.374,7.023,11.63,12.202,9.357,4.0047,0.21859,0.30896,4.3775,1.4462,0.23664,0.45668,2.4165,3.8308,4.27,1.861,5.4486,13.848,4.3903,3.6723,1.4961,2.834,4.3227,1.6862,4.3839,2.6096,1.6549,2.4657,2.6367,1.2914,2.2603,2.34,9.8618,5.6845,6.4917,5.467,6.0411,5.2549,7.4504,5.499,5.669,14.78,14.621,14.776,11.872,127.75,144.99,66.203,76.557,24.345,36.075,2.6112,1.3884,36.681,26.611,52.012,60.119,36.708,19.017,7.1359,6.2308,7.0856,13.198,25.817,30.949,41.442,49.623,12.141,8.5558,19.915,27.285,10.211,12.028,4.8381,5.5344,9.86,9.07,11.098,15.161,8.0507,14.642,11.42,11.697,10.679,13.91,1.8044,2.7431,51.227,51.056,40.688,54.799,21.963,18.836,11.47,18.55,18.403,15.18,20.815,32.321,2.0065,27.088,21.699,4.1602,20.194,17.465,0.09715,0.085874,0.16688,0.01783,4.2209,3.5942,3.2915,3.7908,2.8663,3.4665,3.2331,3.5331,6.7395,4.4205,10.122,4.7569,2.0042,3.2989,2.7838,5.0629,2.9189,4.0404,4.0744,2.5308,1.6738,2.0391,2.1627,1.5004,1.8123,6.3097,4.9545,4.7837,4.9996,5.7305,5.8843,5.8571,6.2798,5.5705,15.738,18.621,6.161,8.4595,17.712,13.94,12.524,7.8417,12.087,12.995,13.413,12.312,5.2819,3.4744,2.8633,3.0938,5.3936,5.6638,15.183,15.2,12.008,11.926,3.9789,4.1764,4.5224,13.739,12.988,14.906,15.441,15.292,14.055,13.042,12.869,13.223,14.23
