0,0.25469,34.734,32.042,39.866,24.255,97.562,136.17,160.67,4.1774,39.532,31.311,68.715,79.707,90.792,95.381,100.78,124.2,114.33,104.25,252.88,245.86,189.2,150.75,142.77,128.82,124.26,87.371,120.96,36.434,25.843,35.188,40.398,54.494,62.566,70.894,69.201,82.18,106.5,78.828,119.57,114.56,135.68,135.8,123.56,111.91,117.15,119.74,127.48,164.69,142.4,26.752,0.52734,2.2413,1.2324,5.4596,2.6437,10.276,12.292,29.108,21.012,44.262,13.257,31.843,48.445,50.612,59.919,59.903,67.878,76.454,83.966,74.986,94.099,95.565,88.803,86.386,61.566,88.907,90.29,83.461,85.427,85.3,85.175,67.774,67.788,67.234,65.46,67.938,68.681,64.303,66.082,52.941,77.707,72.507,70.512,77.061,76.082,74.872,81.692,76.167,90.215,89.477,95.165,89.508,89.848,102.04,96.114,86.857,100.64,109.14,107.95,100.12,106.74,90.474,86.572,99.084,86.019,90.662,90.249,90.838,106.21,278.42,246.45,262.51,200.58,206.96,239.56,158.96,180.63,169.05,165.12,134.12,149.7,143.98,108.07,141.41,121.6,102.91,125.06,104.59,140.11,100.24,119.77,107.09,118.44,115.57,118.89,43.208,27.573,11.464,4.5781,0.41981,2.113,5.6952,30.519,26.503,24.52,26.729,34.138,24.158,33.406,34.753,28.32,52.383,74.429,94.678,83.163,76.902,73.457,79.488,97.561,66.176,83.119,80.735,86.879,70.343,67.863,67.691,68.476,69.581,68.814,65.949,70.959,75.311,97.309,98.625,90.256,89.543,117.42,124.96,88.708,86.893,72.499,70.407,119.87,86.042,277.14,234.05,270.09,219.4,234.3,229.83,231.26,196.41,218.38,184.21,200.41,143.33,137.32,139.58,137.14,107.27,106.07,112.24,110.93,92.439,55.255,121.55,141.32,119.41,141.73,145.31,21.535,34.458,32.665,53.219,40.251,46.344,72.787,69.015,66.742,64.689,86.94,88.048,77.992,106.87,96.584,78.191,62.651,70.398,124.52,112.82,117.45,115.9,121.11,38.051,18.712,11.517,5.8786,140.52,146.2,141.19,142.63,14.613,6.4225,0.062767,6.0553,128.16,119.83,122.41,119.17,145.71,143.89,120.36,126.51,144.94,118.61,147.86,146.07,148.9,141.87,141.74
0.25469,0,35.468,33.601,37.722,21.168,92.17,129.47,157.58,2.6412,38.105,28.598,67.992,74.878,87.727,92.119,97.108,120.72,110.38,101.44,247.06,240.54,183.59,147.1,135.43,121.83,117.07,81.598,118.85,36.734,26.28,32.789,37.783,54.539,63.149,70.442,66.377,77.892,104.34,73.615,115.39,110.02,129.27,133.67,120.81,109.04,111.42,112.95,125.1,161.33,139.46,31.224,0.20488,3.9972,2.4948,4.6625,1.7683,9.3302,10.428,28.656,19.36,44.475,12.499,31.329,47.462,47.855,59.141,58.32,67.957,75.779,80.529,73.676,89.665,94.901,87.372,85.143,59.136,88.239,89.1,82.681,84.887,84.49,84.317,63.775,63.732,63.339,61.623,64.122,64.489,60.079,62.115,48.14,77.075,67.52,65.648,71.566,70.346,69.282,75.909,70.56,87.192,86.392,91.718,86.437,86.784,97.82,91.847,83.781,98.199,105.54,104.62,96.458,103.5,85.475,81.813,93.459,81.066,88.086,85.942,87.118,100.89,272.48,239.73,255.41,193.42,199.1,233.47,151.07,172.48,164.56,160.96,131.99,145.98,136.3,101.48,139.09,119.83,100.16,123.2,102.59,137.03,98.077,117.27,100.66,116.36,113.23,116.47,39.305,25.023,15.074,6.935,0.80102,3.7866,4.7923,27.414,25.57,22.609,24.727,31.54,23.857,34.448,30.916,24.651,47.487,73.54,91.389,78.814,71.422,69.908,75.439,95.149,62.643,82.153,78.909,86.215,65.2,63.892,63.778,64.574,65.689,64.773,62.015,65.439,70.057,96.058,98.04,87.116,86.401,114.16,122.5,83.774,82.06,68.049,66.776,113.05,82.699,266.76,228.23,264.69,210.2,224.61,224.74,226.39,192.71,214.31,179.58,194.41,140.01,134.43,133.06,129.91,106.2,100.03,110.14,108.61,90.517,51.251,119.03,139.22,116.8,138.92,142.53,21.426,34.095,31.489,53.668,38.112,46.746,68.824,65.095,62.819,60.851,82.026,83.097,74.699,102.5,92.272,74.815,58.03,67.094,122.15,110.73,114.86,113.55,118.97,34.938,16.43,10.098,6.2431,137.65,143.33,138.13,139.7,17.277,9.2347,0.069329,8.7935,125.95,117.46,119.88,117.01,142.87,140.94,117.88,124.13,142.57,111.55,144.56,143.24,145.94,139.05,138.98
34.734,35.468,0,0.80045,8.1309,19.3,41.962,66.81,54.796,28.677,4.6171,12.899,7.6438,32.61,23.573,26.224,30.492,38.957,37.321,27.329,120.41,113.45,82.953,52.263,75.6,67.039,67.864,43.288,31.672,0.21015,0.71681,9.9453,11.042,2.7296,4.138,7.7122,15.9,28.727,25.555,36.048,40.815,41.131,63.889,38.71,35.298,30.71,51.122,62.039,35.629,58.057,44.961,21.694,41.063,33.553,29.319,16.611,24.589,11.164,16.027,1.6554,8.4643,0.87196,7.8213,1.6076,3.8446,12.294,5.4775,7.9827,6.0014,9.904,23.458,11.095,33.194,16.808,16.157,14.73,12.096,14.249,16.016,12.51,12.711,13.234,13.3,23.416,23.875,22.523,21.776,22.044,25.125,24.771,22.887,30.432,10.222,32.891,31.422,38.723,41.359,39.561,42.484,39.87,23.161,23.237,27.168,23.169,23.249,34.315,32.643,22.322,24.297,33.281,31.351,30.2,30.43,36.603,33.582,44.509,35.101,21.148,31.101,27.336,43.917,136.67,122.11,134.14,100.01,109.14,114.06,87.622,99.401,65.826,62.047,37.887,52.057,79.639,56.617,42.11,30.826,26.517,32.738,24.199,44.442,23.038,32.563,54.708,30.413,30.094,31.86,21.667,12.6,35.494,31.58,27.567,31.171,16.929,16.603,3.4697,8.8547,8.8221,11.473,2.0303,0.11514,23.051,24.038,31.648,9.7538,26.122,29.443,38.545,21.322,26.28,22.982,19.676,12.833,14.674,13.489,34.234,23.213,22.736,22.794,22.919,23.934,22.61,38.484,35.95,18.894,17.88,23.793,23.559,34.891,34.738,35.601,34.281,27.933,21.199,62.411,23.546,170.42,109.22,128.61,128.2,140.74,102.71,102.36,76.783,91.019,74.524,91.496,47.044,42.26,66.465,72.426,22.561,50.428,27.776,28.04,19.137,22.086,33.459,41.315,32.856,44.101,45.754,2.253,1.1829,3.6957,2.0903,8.0982,0.97618,24.092,23.031,22.646,21.66,34.984,35.58,20.877,37.09,33.112,21.43,28.306,19.023,34.22,27.984,31.902,30.293,31.835,14.989,14.472,13.036,12.052,43.792,46.571,44.882,45.008,12.001,38.227,35.598,38.834,35.315,32.117,33.871,31.039,46.169,45.732,32.796,35.16,44.046,64.789,49.181,46.329,48.289,44.213,43.893
32.042,33.601,0.80045,0,13.576,24.672,54.332,82.23,66.409,29.623,9.0544,18.474,12.518,43.509,32.756,35.858,40.89,49.959,48.596,36.684,138.26,130.46,98.818,64.367,91.957,82.469,83.312,55.586,40.621,1.8295,1.4204,15.417,17.129,5.7393,6.6565,12.262,23.819,39.111,34.067,47.324,52.581,53.179,78.96,48.175,45.257,40.423,64.704,76.879,45.187,70.181,55.806,14.386,38.981,28.553,25.346,17.142,24.584,12.579,18.807,3.9952,11.895,3.0814,9.3126,4.2233,8.1348,19.173,10.034,13.733,9.5782,15.036,32.851,17.128,44.287,22.678,22.935,21.132,19.117,19.869,22.49,18.09,17.996,18.933,19.068,32.754,33.282,31.709,30.8,31.17,34.737,34.187,32.099,39.765,15.34,43.594,41.885,50.198,53.017,51.009,54.495,51.408,32.264,32.394,37.04,32.307,32.393,45.463,43.612,31.359,32.998,43.906,41.564,40.559,40.481,48.205,44.729,57.206,46.445,29.652,41.871,37.389,56.573,155.28,140.95,153.87,118.13,128.26,131.92,105.17,118,79.63,75.286,47.294,64.218,96.386,70.734,52.03,39.285,35.736,41.462,32.415,55.413,31.328,42.03,68.625,39.224,39.187,41.181,29.432,17.69,27.833,25.838,25.131,26.448,17.632,22.556,6.3429,12.913,13.174,17.118,3.7865,0.30873,30.098,30.343,41.028,15.127,35.764,39.947,49.997,30.384,36.25,31.525,28.365,18.685,21.708,19.025,44.98,32.521,31.966,32.052,32.219,33.376,31.776,49.64,47.084,25.726,23.739,33.056,32.795,45.347,44.317,47.049,45.528,38.04,30.22,77.289,32.905,194.32,126.58,146.3,149.16,162.66,119,118.38,90.278,105.61,88.951,108.19,58.448,52.861,81.814,88.446,29.489,63.889,36.41,36.95,26.779,30.739,43.022,50.908,42.473,54.739,56.463,3.5107,3.7343,7.3452,4.3817,13.559,2.9914,33.637,32.337,31.839,30.645,46.327,47.018,29.82,48.627,44.157,30.489,38.069,27.628,43.662,36.621,41.419,39.418,40.829,21.522,18.449,15.207,10.942,54.49,57.442,55.86,55.837,7.5757,31.424,33.272,32.095,44.64,41.409,43.473,40,56.969,56.637,42.271,44.679,54.152,79.861,60.7,57.134,59.373,54.871,54.454
39.866,37.722,8.1309,13.576,0,5.7306,15.599,33.109,41.654,23.741,0.55077,1.5023,7.6627,9.3894,10.401,11.946,13.886,23.491,19.187,15.638,91.936,87.788,55.584,35.9,38.281,31.693,31.317,14.723,23.973,5.9022,7.1336,0.34707,0.24444,7.044,11.519,9.2675,4.0248,8.5883,17.554,10.643,21.402,19.638,31.876,30.933,23.979,18.722,22.895,27.811,26.424,43.356,32.612,50.802,42.912,47.175,40.169,15.906,23.394,9.6628,9.3272,3.0612,3.0366,6.1002,7.4069,2.6763,2.3296,0.73824,5.1564,3.1089,10.555,10.217,8.1535,7.8131,12.256,17.234,12.23,11.857,2.428,14.638,13.456,12.252,13.816,12.81,12.604,4.87,5.0023,4.5594,4.14,4.5354,5.484,4.933,4.5165,7.2588,10.781,8.7413,7.9697,11.705,12.96,11.991,13.847,12.21,10.221,9.9415,11.842,9.9577,10.077,14.639,12.664,9.0683,14.682,17.092,16.702,13.643,16.266,12.455,10.782,16.827,11.194,10.745,10.874,10.445,18.015,107.59,88.553,98.439,63.866,69.031,84.072,47.174,57.529,44.751,42.842,30.122,35.325,40.406,23.495,33.266,25.087,15.172,26.442,17.075,31.292,14.989,22.678,22.457,22.907,21.097,22.428,3.564,2.1058,59.615,48.615,33.445,44.338,15.626,2.9776,2.1426,1.9762,1.4317,0.74335,4.2691,9.9812,5.2771,7.1853,7.9398,8.856,11.688,8.9612,11.61,5.3518,7.4837,13.524,3.7651,11.519,8.4868,13.896,9.1962,4.8252,4.6751,4.7966,4.9859,5.1476,4.4232,11.297,10.296,16.006,18.762,10.188,9.9446,20.687,25.117,11.81,11.061,6.8438,4.749,28.006,8.7772,116.12,80.755,102.57,80.496,90.276,78.335,79.292,60.23,72.42,52.724,61.914,32.573,30.226,33.799,35.721,20.687,20.403,20.112,19.115,12.44,3.4655,23.44,33.723,22.329,32.49,34.31,5.5646,3.1131,1.0173,8.6859,0.0012577,7.2778,5.769,4.9323,4.5294,4.0171,11.303,11.69,6.3676,16.543,12.877,6.4542,6.2,4.4316,25.077,20.388,21.494,21.221,23.978,1.3563,5.4439,8.8605,17.926,31.789,34.6,31.847,32.75,30.895,57.811,39.326,57.997,27.104,22.928,23.814,23.053,34.418,33.332,22.961,25.981,34.917,28.958,34.826,34.607,35.809,32.541,32.586
24.255,21.168,19.3,24.672,5.7306,0,25.416,46.123,73.787,9.2853,8.5495,1.3818,26.53,16.86,28.065,30.042,31.788,47.289,39.197,37.325,129.95,126.52,84.076,64.413,49.515,41.438,38.728,19.647,51.347,16.981,14.254,3.2596,4.3771,23.57,31.352,29.332,16.828,19.255,41.726,15.919,41.724,37.417,46.248,61.204,50.007,41.929,36.119,36.325,54.354,75.358,61.799,56.441,24.259,35.098,28.563,7.5656,10.887,4.9508,2.1705,9.7217,2.3075,19.737,5.3487,10.288,14.629,8.0213,21.453,17.254,30.927,31.212,22.742,26.859,25.498,42.824,34.378,33.916,14.384,38.686,36.577,34.742,37.327,35.673,35.323,12.557,12.436,12.533,11.817,13.073,12.58,10.472,11.815,5.5452,32.191,13.167,12.384,14.891,14.427,13.898,16.929,14.462,27.886,27.207,29.226,27.283,27.509,30.765,27.12,25.708,36.705,37.189,37.483,31.42,37.069,22.213,20.568,25.91,19.911,30.003,23.647,25.732,30.458,148.91,122.17,133,87.904,90.992,119.07,59.141,72.817,73.786,72.317,60.075,63.425,50.074,29.966,64.081,53.536,36.753,55.323,41.272,59.603,37.749,48.691,29.508,49.859,46.698,48.496,2.834,0.9388,53.05,39.055,20.87,32.984,7.0963,0.584,6.4244,2.0282,2.1865,2.3907,9.1589,21.071,0.95409,0.33143,5.4202,28.828,29.518,19.636,14.826,16.631,18.415,34.928,12.953,33.479,27.573,37.474,12.074,12.663,12.715,13.125,13.697,12.966,11.825,12.245,14.227,40.589,45.218,27.455,27.03,43.804,52.328,21.377,20.595,13.933,14.806,36.383,24.252,137.64,115.91,144.6,97.96,107.9,115.43,117.4,96.602,111.14,83.981,90.819,60.765,58.606,48.495,46.203,47.895,29.264,45.69,43.77,34.099,6.9472,49.751,65.132,47.927,61.943,64.529,9.6747,12.091,7.1609,25.58,5.8967,21.939,15.137,13.347,12.232,11.447,20.468,20.992,19.898,33.208,27.265,19.728,9.1967,15.793,52.446,46.122,46.748,46.854,51.302,2.3819,0.65159,3.202,13.195,60.803,64.708,60.43,62.029,32.906,47.133,23.042,46.842,55.67,49.317,50.279,49.917,64.549,62.773,49.123,53.73,66.252,35.598,63.943,64.821,66.15,61.989,62.203
97.562,92.17,41.962,54.332,15.599,25.416,0,3.3124,21.979,65.372,19.747,18.465,21.403,0.90212,5.962,5.4216,4.1326,9.1918,4.9539,9.1332,43.446,42.682,18.776,15.297,5.0302,2.9266,3.2413,1.0447,17.349,36.233,42.714,16.759,13.6,29.59,35.095,24.009,6.6327,1.2702,13.866,1.2538,4.9553,2.8093,3.1354,21.134,13.44,10.174,0.94933,1.993,16.993,21.519,17.218,121.41,98.979,113.66,102.07,57.314,68.483,46.066,40.648,31.739,29.444,33.046,42.61,29.852,20.746,9.6471,21.11,14.623,29.391,22.144,3.8201,16.498,1.0395,24.472,16.686,17.963,9.185,23.454,18.901,21.759,24.253,21.679,21.223,3.0459,2.964,3.2917,3.6689,3.3434,2.6695,3.4734,3.3617,8.5421,22.633,2.1,2.3688,2.1449,3.177,2.966,2.0099,2.6885,6.1256,5.7422,4.5245,5.8201,5.8819,2.2349,1.5784,5.5927,10.887,5.6356,6.7939,4.0932,7.0491,0.18403,0.46771,0.057907,0.37671,8.7052,1.2002,3.0336,0.3233,54.707,37.209,42.943,18.817,20.341,36.534,8.5393,13.286,16.65,17.032,20.677,14.617,5.9883,1.4656,21.321,20.219,9.2915,20.294,14.655,15.641,12.723,14.269,1.0987,17.014,14.434,14.628,11.284,21.505,135.76,117.47,89.035,109.39,56.353,19.056,29.304,25.419,23.378,16.823,36.046,46.455,17.276,23.216,9.2854,20.078,5.2153,1.1272,2.1407,3.5312,1.8645,10.613,4.2412,20.027,12.846,23.233,2.8799,3.075,3.195,3.1047,2.9839,2.8302,3.4309,3.8499,1.9597,19.425,25.762,5.5301,5.4659,8.967,15.832,0.26732,0.39618,1.9011,3.5116,2.0696,4.2979,46.969,35.298,53.437,25.347,30.904,36.857,38.669,31.049,37.74,21.206,21.406,15.099,16.147,3.7533,4.1707,22.83,0.4159,15.437,13.555,13.329,5.9733,14.519,22.995,13.412,17.901,19.162,39.746,30.117,24.219,34.207,15.476,34.724,2.4979,3.0005,3.3217,3.7967,0.3454,0.28145,4.3235,2.2867,1.4845,3.9935,4.0814,4.5575,16.329,15.649,13.118,14.412,17.173,13.813,30.834,42.32,65.224,17.086,18.791,16.078,17.392,90.267,131.61,95.661,131.67,18.467,15.149,14.674,16.546,18.907,17.592,14.467,16.778,22.003,2.756,16.548,19.051,19.004,17.869,18.274
136.17,129.47,66.81,82.23,33.109,46.123,3.3124,0,20.768,96.783,38.558,37.291,36.487,7.6242,13.213,11.704,9.021,11.362,7.6173,14.984,28.865,29.497,10.489,14.122,0.4193,0.46679,1.371,5.7998,22.451,59.556,68.826,34.971,30.32,48.827,54.379,39.386,17.573,8.114,20.649,7.8486,6.6085,4.6064,0.12021,24.487,16.988,14.942,1.0579,0.9785,20.794,19.375,18.248,163.07,137.24,155.69,142.03,87.878,101.17,73.989,66.639,54.877,52.49,54.569,69.681,52.214,38.688,24.03,37.481,29.308,46.529,36.172,11.494,29.341,5.8562,35.879,27.292,29.305,22.05,35.742,29.823,34.541,37.318,34.136,33.587,12.667,12.522,13.122,13.885,13.138,11.928,13.518,13.324,20.679,36.577,10.005,10.733,8.9206,10.066,10.134,7.7989,9.5957,13.527,13.147,10.546,13.245,13.268,6.1771,6.304,13.392,17.886,9.5074,11.262,9.0862,11.818,4.9648,6.1042,2.9466,5.9232,16.814,6.7517,9.2706,2.3951,37.793,21.913,25.709,7.4572,7.6377,22.738,1.4748,3.3519,12.12,13.454,24.224,13.446,1.057,2.3646,23.665,25.96,15.429,25.421,21.992,16.665,20.304,18.754,2.2214,22.488,19.735,19.374,26.126,41.528,181.35,160.23,126.34,150.7,86.642,37.772,52.067,47.069,44.284,35.043,60.761,72.472,34.437,42.457,21.548,33.922,11.552,7.7435,8.9528,12.714,9.4219,18.076,14.688,32.436,23.784,35.807,11.118,12.71,12.924,12.705,12.401,12.218,13.452,11.828,9.1816,29.277,36.957,12.733,12.77,12.353,19.786,5.3911,5.9094,10.226,13.1,1.02,11.799,25.336,22.398,38.08,10.359,14.043,25.465,27.529,25.145,29.135,14.903,11.445,15.337,17.853,0.1254,0.39854,31.8,1.9188,21.615,19.457,22.429,18.011,18.743,25.801,17.724,19.251,20.172,65.613,52.236,45.017,54.706,32.911,56.341,11.278,12.485,13.211,14.153,5.7754,5.4966,13.132,5.3495,6.0838,12.65,14.148,14.584,20.5,21.779,17.71,19.646,22.202,30.519,53.931,69.066,97.933,18.44,19.526,17.017,18.425,127.45,176.67,133.75,176.75,22.538,19.864,18.783,21.761,19.769,18.439,18.896,20.702,23.858,1.8024,16.319,19.883,19.272,19.183,19.726
160.67,157.58,54.796,66.409,41.654,73.787,21.979,20.768,0,128.27,40.811,56.007,21.511,26.63,10.84,9.7113,9.2301,3.1278,6.4316,6.2599,13.509,10.856,6.2889,0.65404,26.485,26.767,31.643,32.527,3.1555,49.703,63.392,48.326,43.133,33.216,31.995,21.599,20.283,20.475,5.6712,31.475,6.1022,9.0749,17.747,1.5779,2.4402,4.5363,16.963,27.903,2.0563,0.082701,0.55407,140.47,168.37,168.57,156.64,108.05,127.05,90.226,90.344,54.234,66.967,41.859,81.635,50.646,33.338,33.48,26.053,24.434,25.834,18.247,14.816,16.91,15.619,12.026,11.463,12.705,23.983,13.876,11.611,15.199,15.533,14.458,14.321,27.474,27.925,27.075,27.941,25.994,28.404,32.136,28.477,51.305,17.919,33.657,33.814,36.554,41.043,39.855,36.925,38.955,10.957,11.383,10.337,11.334,11.19,11.219,13.72,12.388,6.9925,6.5788,6.1718,9.411,6.2925,21.846,21.818,23.652,23.923,10.092,16.512,13.038,17.34,18.742,16.397,20.799,16.284,22.427,12.471,29.238,28.094,1.9452,1.1512,1.7095,0.81218,30.719,30.954,0.96189,3.653,6.5493,3.0329,6.2457,0.7563,7.1596,3.0212,29.343,3.5656,3.7799,3.1906,51.246,60.815,178.43,167.06,146.37,163.05,107.56,61.245,56.739,61.772,58.525,50.955,61.666,59.101,63.844,74.303,53.647,18.313,10.028,20.383,36.48,20.796,20.32,7.836,25.377,14.653,13.742,14.524,37.481,27.191,26.875,26.237,25.392,27.06,28.319,42.446,34.725,9.4841,11.621,11.228,11.503,3.9238,2.3105,22.214,22.295,27.927,23.137,28.266,13.546,52.597,10.659,15.577,37.238,43.034,7.8225,7.5108,1.8586,4.586,2.5171,8.5785,0.68793,0.91919,17.889,26.905,7.8242,24.873,4.5705,4.6434,9.5475,38.22,2.745,1.2921,3.0569,0.60006,0.40821,66.608,48.211,48.459,36.712,41.218,41.429,23.763,25.992,27.638,28.528,23.017,22.74,17.13,10.438,13.801,17.366,37.898,21.405,2.422,4.4783,3.3801,3.714,3.1009,49.658,76.59,88.75,108,0.6747,0.34507,0.66703,0.53824,118.03,182.78,160.29,183.81,2.1583,3.0699,2.6201,3.3537,0.37489,0.46485,2.933,2.1728,0.7328,32.452,0.39848,0.35888,0.22379,0.58955,0.61148
4.1774,2.6412,28.677,29.623,23.741,9.2853,65.372,96.783,128.27,0,25.496,15.395,52.752,51.056,65.156,68.685,72.371,93.909,83.747,77.879,205.83,200.65,147.46,117.55,101.41,89.694,85.297,55.767,95.021,28.526,20.355,19.246,22.953,42.963,51.863,55.562,46.853,54.422,81.826,49.511,87.842,82.416,96.966,108.44,95.44,84.591,81.92,82.055,100.1,131.14,112,39.568,3.5836,11.349,7.9688,1.6962,0.45568,4.1936,3.3229,19.947,10.014,34.795,6.7731,21.975,34.373,31.1,44.898,42.358,54.728,59.722,58.119,56.378,64.513,76.764,68.238,66.682,41.328,70.802,70.33,65.585,68.128,67.12,66.851,42.649,42.528,42.427,41.046,43.22,42.983,39.183,41.275,28.635,60.971,44.563,43.115,47.473,46.228,45.455,50.896,46.519,64.76,63.934,67.99,64.002,64.321,72.076,66.702,61.64,75.722,80.027,79.706,71.809,78.866,60.03,57.16,66.214,56.251,66.428,61.434,63.432,73.146,229.34,197.51,211.47,154.13,158.41,192.74,114.84,133.84,131.95,129.27,106.92,116.41,101.87,72.202,112.97,96.674,76.855,99.503,80.583,109.5,76.192,92.767,71.63,92.844,89.448,92.216,22.375,12.849,26.134,15.153,3.7524,10.529,1.5569,13.94,16.337,12.03,13.513,17.91,16.474,28.733,15.861,11.329,28.039,57.236,67.987,55.134,47.365,48.645,52.647,73.054,42.392,64.671,59.853,69.008,42.435,42.79,42.778,43.476,44.451,43.441,41.237,42.289,46.432,76.409,79.773,64.471,63.837,88.426,97.6,58.631,57.275,45.68,45.796,82.115,60.196,217.78,188.34,223.04,167.06,179.75,186.39,188.35,159.38,178.66,145.5,156.77,111.75,107.54,100.21,96.617,85.928,71.487,87.168,85.314,69.955,32.044,94.31,113.57,92.104,111.78,115.13,15.049,24.618,20.578,43.285,24.074,37.23,47.046,43.896,41.942,40.385,57.136,58.019,53.259,75.981,67.005,53.216,36.964,46.618,97.463,87.725,90.396,89.713,95.065,19.863,6.8265,3.8025,5.5284,110.47,115.66,110.54,112.25,21.203,19.501,3.4658,19.03,101.26,93.195,95.061,93.244,115.33,113.33,93.332,99.238,116.03,80.567,115.93,115.67,117.86,111.87,111.95
39.532,38.105,4.6171,9.0544,0.55077,8.5495,19.747,38.558,40.811,25.496,0,3.3179,5.1953,13.072,10.928,12.674,15.141,23.941,20.576,15.463,93.888,89.057,58.191,36.101,44.688,37.81,37.916,19.813,22.39,2.9297,4.3758,1.4839,1.5282,3.859,7.3528,6.3517,4.727,11.297,16.338,15.01,23.042,21.972,36.829,29.094,23.313,18.468,27.129,33.8,25.117,42.866,31.874,43.228,43.581,44.652,38.208,16.161,24.149,9.7495,10.78,1.4413,3.6057,2.9879,7.0063,1.0404,0.81627,1.8909,3.0055,2.1552,6.9551,7.4849,9.4363,6.05,14.897,14.044,10.315,9.7209,2.7279,11.602,11.151,9.5041,10.673,10.063,9.9299,7.5114,7.739,7.0464,6.5835,6.8699,8.4202,8.059,7.1561,11.797,7.9564,12.914,11.991,16.621,18.34,17.148,19.127,17.354,10.698,10.533,12.866,10.525,10.626,16.732,14.98,9.7099,14.022,18.049,17.258,14.898,16.714,16.125,14.154,21.332,14.909,10.517,13.403,12.008,21.815,109.36,92.028,102.29,68.811,75.037,86.638,54.196,64.549,45.932,43.574,28.31,35.647,47.379,29.435,31.609,22.974,14.932,24.41,15.666,30.811,13.917,21.701,28.152,21.321,19.965,21.346,6.9017,3.8229,54.28,45.11,32.661,41.847,16.029,5.4941,1.3439,2.7886,2.2897,2.2467,2.6341,6.0959,8.8817,10.827,12.67,6.4847,12.476,11.744,16.505,7.0919,9.8739,12.888,5.6894,9.0515,7.3545,10.9,13.709,7.4177,7.1772,7.2577,7.3968,7.8291,7.0129,16.461,14.844,13.635,15.391,10.847,10.623,20.926,23.969,15.42,14.549,10.097,6.7092,34.046,9.8594,125.27,82.974,103.61,88.585,98.951,79.477,80.054,59.733,72.148,53.854,64.966,32.392,29.495,38.864,42.065,17.847,25.441,18.691,18.056,11.176,6.5195,22.464,31.736,21.531,31.565,33.277,3.7688,1.1603,0.33819,4.968,0.52909,3.8345,8.2032,7.4074,7.0755,6.4854,14.926,15.347,7.5765,18.775,15.255,7.7891,10.061,5.8628,23.809,18.937,20.703,20.102,22.434,3.5522,7.1825,9.6207,16.404,30.991,33.692,31.315,31.983,25.893,53.855,39.361,54.177,25.521,21.763,22.832,21.581,33.46,32.58,21.958,24.686,33.273,35.474,34.532,33.635,34.991,31.63,31.579
31.311,28.598,12.899,18.474,1.5023,1.3818,18.465,37.291,56.007,15.395,3.3179,0,15.94,11.21,17.612,19.331,21.092,33.647,27.378,24.888,108.64,104.95,67.631,48.351,41.455,34.203,32.631,15.096,36.172,10.539,9.8425,0.40605,0.86269,14.32,20.537,18.191,8.8834,12.097,28.162,11.303,29.702,26.608,36.788,44.559,35.385,28.711,27.376,29.753,38.844,57.589,45.54,53.592,32.738,40.667,33.795,10.729,16.144,6.2486,4.5204,5.3638,1.4476,11.982,5.3414,5.4363,7.3104,2.8841,12.153,8.8808,19.737,19.555,13.771,16.06,17.007,28.844,21.985,21.606,6.9476,25.486,23.74,22.307,24.424,23.044,22.757,6.965,6.9606,6.8169,6.2625,7.0872,7.2484,5.9216,6.4261,4.5488,20.333,9.0263,8.2738,11.276,11.632,10.91,13.308,11.297,17.442,16.952,18.838,17.001,17.174,20.858,18.048,15.771,24.172,25.396,25.398,20.789,24.991,15.372,13.76,19.284,13.606,18.842,15.419,16.35,22.194,125.9,102.91,113.18,73.401,77.399,99.238,50.598,62.541,57.291,55.666,43.592,47.56,42.738,24.468,47.123,37.887,24.382,39.436,27.727,43.759,24.899,34.128,23.748,34.905,32.375,33.921,1.5209,0.11931,56.203,43.472,26.415,38.171,10.335,0.2737,3.1734,0.72073,0.50482,0.13743,5.7276,14.773,1.4725,2.1646,4.8129,17.646,18.937,12.461,11.198,9.3121,11.171,22.714,6.6952,21.275,16.65,24.512,8.6853,7.0006,6.9616,7.2277,7.6085,7.2989,6.3902,9.757,10.283,27,30.816,17.188,16.855,30.552,37.167,14.645,13.9,8.5529,8.089,29.874,14.851,123.76,96.051,121.35,86.373,96.131,94.737,96.238,76.554,89.829,66.335,74.086,44.934,42.767,38.848,38.545,33.013,22.667,31.426,29.928,21.855,3.4825,35.032,47.918,33.551,45.575,47.78,6.6766,6.5781,2.9186,16.225,1.5861,13.704,8.7017,7.4023,6.6475,6.0174,13.944,14.391,11.491,22.997,18.218,11.434,5.8529,8.4816,37.222,31.782,32.55,32.512,36.147,0.33963,1.7207,4.8835,14.767,44.644,47.996,44.452,45.726,31.529,52.207,30.388,52.142,39.874,34.588,35.481,34.991,47.833,46.383,34.486,38.313,49.02,29.918,47.648,48.064,49.302,45.622,45.763
68.715,67.992,7.6438,12.518,7.6627,26.53,21.403,36.487,21.511,52.752,5.1953,15.94,0,17.286,5.8844,7.1188,9.5937,12.673,12.831,6.57,67.594,62.268,41.364,20.115,44.088,38.833,41.144,26.118,8.2066,5.8543,11.258,11.258,10.006,1.3073,1.7828,0.096813,4.5758,12.603,5.2861,21.216,14.891,16.163,33.553,12.049,10.173,8.0538,25.281,36.123,10.268,23.572,15.539,53.35,75.505,71.018,63.893,37.721,49.777,27.672,30.704,8.3844,17.295,3.3557,22.399,7.0194,1.9737,7.2043,0.31646,1.2297,0.6322,0.21615,7.2565,0.42034,13.603,2.2551,1.5768,1.1539,3.5844,1.3301,1.5618,0.71782,0.98653,0.89606,0.88329,11.879,12.331,11.177,11.033,10.481,13.284,14.442,11.92,25.066,0.29817,20.056,19.2,24.76,28.064,26.504,27.242,26.364,5.6714,5.8722,7.9302,5.8127,5.8104,12.694,12.565,5.6697,4.9622,10.371,9.0267,9.4772,8.4987,18.012,16.12,23.607,17.84,4.1192,12.627,9.0154,20.92,79.754,69.662,78.834,55.684,63.648,63.191,52.63,59.598,29.063,26.417,11.58,20.039,48.173,33.859,13.945,7.8855,6.1712,8.8513,4.6581,15.277,4.2537,8.6871,32.072,7.5689,7.4271,8.3138,19.599,17.547,76.039,69.262,58.911,67.466,37.729,20.182,10.417,15.595,14.363,13.179,11.388,9.3367,25.145,29.657,26.692,0.12909,7.1696,13.015,24.622,8.1207,11.025,4.4498,8.7843,0.70393,1.4573,1.0928,22.307,11.648,11.235,11.037,10.803,12.048,11.69,26.792,22.356,2.579,2.7857,6.1605,6.1147,10.427,9.7958,17.523,16.731,14.854,8.9049,36.49,6.8484,113.2,59.496,73.553,81.031,91.027,54.403,54.088,35.988,45.929,34.738,47.557,16.871,13.979,35.217,42.255,4.285,27.752,6.2805,6.4561,2.7031,15.025,9.1468,13.585,8.8761,15.026,15.996,13.375,5.8609,7.4705,2.2329,7.4812,3.2765,10.932,11.093,11.461,11.177,17.434,17.704,6.5018,14.139,12.886,6.9304,18.771,6.9191,9.5177,6.3779,8.3969,7.5271,8.2865,14.87,24.594,28.266,34.924,14.853,16.48,15.522,15.564,38.789,79.31,69.097,80.069,10.122,8.434,9.359,7.8777,16.242,15.991,8.8019,10.017,15.074,39.519,18.109,16.337,17.509,15.091,14.903
79.707,74.878,32.61,43.509,9.3894,16.86,0.90212,7.6242,26.63,51.056,13.072,11.21,17.286,0,5.5253,5.4808,4.848,11.63,6.8874,9.6532,54.938,53.554,26.571,19.676,9.8404,6.5977,6.4645,0.90819,18.631,27.608,32.468,10.013,7.6568,23.312,29.028,19.836,4.0798,0.53509,14.113,0.25789,7.3963,5.0017,7.4001,23.46,15.374,11.322,3.6318,4.8826,18.938,26.61,20.585,103.58,81.074,94.404,83.843,43.837,53.69,34.115,29.453,22.891,20.118,25.466,31.256,21.444,14.792,5.0501,16.194,10.364,24.394,18.685,2.963,13.471,1.4604,22.598,14.953,15.87,5.647,21.047,17.085,19.005,21.434,19.108,18.685,0.76578,0.69638,0.93142,1.102,1.0401,0.52195,0.83836,0.8901,4.3894,19.244,0.41418,0.46192,0.91453,1.771,1.4571,1.2465,1.329,5.6166,5.2034,4.6589,5.2759,5.3637,3.2796,2.1287,4.82,10.878,6.9945,7.9146,4.7495,8.0268,0.37633,0.25074,1.1119,0.12758,7.9685,1.2348,2.9163,2.007,67.554,48.735,55.467,27.774,29.798,47.435,14.58,20.94,22.678,22.634,22.887,18.964,10.842,3.2914,24.171,21.269,9.6661,21.67,14.638,18.948,12.488,15.751,2.858,18.086,15.494,15.989,5.9002,13.6,115.18,98.042,72.017,90.531,42.995,11.694,20.467,16.82,15.185,9.9831,26.314,36.534,10.525,15.286,5.0152,16.636,5.2292,0.50197,0.89499,1.7155,0.8052,10.338,1.6701,17.415,10.737,20.655,0.9251,0.79892,0.88804,0.87977,0.87397,0.67121,0.93841,1.8839,0.56742,18.226,24.05,5.0881,4.9627,10.772,17.654,0.28132,0.22064,0.20167,1.4146,4.9665,3.5862,60.686,45.78,65.585,35.584,42.052,46.751,48.513,38.255,46.41,28.243,30.035,18.776,19.132,8.3353,8.5246,22.24,2.1202,16.075,14.26,12.285,2.2348,16.148,25.665,14.947,21.132,22.61,29.406,21.921,16.459,27.349,9.314,27.171,0.74079,0.83733,0.91358,1.1449,0.18384,0.2328,2.8463,3.7921,2.0907,2.5711,1.2563,2.3416,18.058,16.32,14.494,15.507,18.486,7.6571,21.196,30.867,50.972,20.284,22.364,19.446,20.762,74.34,110.99,78.006,111.02,20.327,16.546,16.369,17.737,22.42,21.064,15.986,18.652,25.124,5.4841,20.514,22.585,22.818,21.117,21.468
90.792,87.727,23.573,32.756,10.401,28.065,5.962,13.213,10.84,65.156,10.928,17.612,5.8844,5.5253,0,0.070873,0.46223,2.6311,1.589,0.71279,40.822,37.851,18.779,7.6768,18.068,15.13,17.108,10.274,4.14,19.564,26.954,13.58,10.816,11.933,14.138,7.0001,1.5057,2.6219,2.0062,8.1706,2.3647,2.5643,11.384,6.946,3.2151,1.417,6.9866,13.861,4.6271,11.506,6.5802,90.472,95.565,99.751,89.912,51.992,64.984,40.002,39.052,19.611,24.677,15.787,34.848,17.618,8.6291,6.2661,6.7426,4.172,10.199,5.6638,0.42923,3.2001,2.0269,6.2769,2.7284,3.3083,2.8324,5.8326,3.6513,5.1414,6.3274,5.0429,4.8264,4.3579,4.5924,4.0979,4.3547,3.6342,4.9494,6.4446,4.6905,16.405,5.8346,8.4512,8.242,10.922,13.524,12.582,11.945,12.244,0.0019833,0.0070818,0.15261,0.0055625,0.0027835,1.3218,1.4694,0.05184,0.90963,0.89404,0.74299,0.43269,0.65482,4.6341,3.9753,7.1938,5.0308,0.25891,1.8625,0.49178,5.0304,51.322,39.665,46.547,26.482,31.486,36.027,23.481,28.029,12.104,11.036,6.5941,7.3986,20.909,13.297,7.6775,5.2698,0.66921,5.5771,2.1795,5.8696,1.4002,3.0571,12.12,3.8209,2.7538,3.0832,15.288,20.4,112.62,100.3,80.666,95.539,51.512,20.555,19.914,21.378,19.441,14.878,23.972,26.893,22.334,28.538,17.806,4.8002,0.066788,2.7141,10.851,1.7803,2.1934,0.74759,3.1948,4.3292,1.5436,5.767,10.398,4.2233,4.0451,3.8084,3.5064,4.2617,4.5956,13.543,9.5282,3.8801,6.9414,0.009065,0.015629,1.776,4.0106,4.5381,4.2837,5.1857,2.5284,14.109,0.22051,68.089,33.684,47.694,43.354,50.759,31.719,32.27,20.759,28.03,16.371,22.794,6.2839,5.5789,12.338,17.052,5.6482,9.2521,2.844,2.1633,1.4627,8.8353,3.2941,8.2738,2.7917,6.6577,7.5292,27.208,16.8,15.101,14.841,10.196,16.357,3.0566,3.7433,4.331,4.5752,4.6836,4.7156,0.7598,1.7837,1.577,0.8437,9.5278,1.8234,4.1208,2.9524,2.5379,2.7735,4.0906,14.098,30.007,38.444,54.064,6.27,7.5631,6.1305,6.6577,67.695,113.08,90.102,113.61,5.1865,3.3212,3.42,3.7165,7.5189,6.8989,3.1678,4.4596,8.3708,16.401,7.3225,7.6131,8.0451,6.6694,6.7618
95.381,92.119,26.224,35.858,11.946,30.042,5.4216,11.704,9.7113,68.685,12.674,19.331,7.1188,5.4808,0.070873,0,0.18444,1.9726,0.98969,0.59121,37.737,34.975,16.59,6.5405,16.361,13.735,15.792,9.9289,3.9284,21.989,29.778,15.219,12.239,13.774,15.997,8.2821,2.1048,2.6071,2.0316,8.0993,1.6171,1.8286,9.9236,6.4861,2.7686,1.1407,5.9845,12.676,4.2249,10.239,5.7726,95.592,100.09,104.86,94.716,55.418,68.71,43.05,41.806,21.993,27.018,17.955,37.78,19.888,10.262,7.3544,8.158,5.3302,11.742,6.7496,0.55149,4.1035,1.7215,6.9916,3.3122,4.0006,3.7133,6.6721,4.2853,6.0484,7.2799,5.903,5.6724,4.7432,4.9673,4.5151,4.8279,4.0482,5.2788,6.8846,5.1248,17.128,6.9095,8.5707,8.4292,10.87,13.482,12.583,11.746,12.208,0.095145,0.099291,0.040539,0.10092,0.092881,0.8975,1.155,0.20013,0.95918,0.47383,0.41347,0.16993,0.36989,4.3107,3.7786,6.588,4.8169,0.46258,1.6641,0.40401,4.3159,47.904,36.458,43.057,23.822,28.62,33.047,21.413,25.549,10.473,9.5477,6.1619,6.2614,19.148,12.387,7.0703,5.1566,0.58969,5.3746,2.2869,5.058,1.5384,2.7492,11.246,3.6628,2.5652,2.814,16.415,22.292,118.28,105.53,85.074,100.54,54.896,22.249,22.231,23.516,21.47,16.514,26.58,29.717,23.791,30.293,18.545,5.8551,0.0031123,2.6656,10.804,2.1137,2.2851,0.86353,3.7077,5.179,2.1654,6.6472,10.561,4.6111,4.4476,4.193,3.8652,4.6129,5.039,13.66,9.5447,4.3612,7.628,0.071492,0.0923,1.2949,3.6285,4.2648,4.0679,5.377,2.9174,12.918,0.32047,63.901,30.837,44.509,40.133,47.262,29.102,29.694,18.952,25.832,14.485,20.359,5.3556,4.8684,10.788,15.466,6.0084,8.4404,2.7849,2.0602,1.8218,9.5628,2.9487,7.7371,2.4568,5.8985,6.7225,29.984,19.039,17.135,16.869,11.731,18.542,3.3234,4.111,4.756,5.0684,4.4541,4.4548,1.0461,1.2313,1.2437,1.1067,9.9618,2.2821,3.7712,2.8869,2.243,2.575,3.8679,15.508,32.34,41.314,57.82,5.5098,6.7152,5.3073,5.8511,72.138,118.64,94.612,119.17,4.8267,3.0488,3.058,3.5198,6.69,6.0651,2.8522,4.075,7.6931,15.218,6.3285,6.78,7.1291,5.9048,6.0182
100.78,97.108,30.492,40.89,13.886,31.788,4.1326,9.021,9.2301,72.371,15.141,21.092,9.5937,4.848,0.46223,0.18444,0,1.617,0.42761,0.98061,34.392,32.047,14.004,5.7521,13.194,10.982,12.984,8.5768,4.6255,25.864,34.011,17.09,13.84,17.093,19.617,10.936,3.0031,2.2843,2.8736,7.2425,0.82703,0.85276,7.4347,6.9947,2.9557,1.3894,4.1842,10.18,4.6422,9.5105,5.5996,103.62,105.14,111.44,100.81,59.425,72.889,46.707,44.761,25.435,29.792,21.598,41.453,23.218,12.885,8.6397,10.733,7.2916,14.867,9.1435,0.78095,6.0279,1.1117,9.125,4.9428,5.8091,5.0238,8.8933,6.0805,8.2583,9.6506,8.0632,7.7967,4.8613,5.0474,4.7112,5.0955,4.2844,5.2538,6.9219,5.2952,17.061,9.3184,7.9707,7.9439,9.8764,12.367,11.576,10.494,11.165,0.5246,0.49474,0.096878,0.50655,0.49824,0.31892,0.62832,0.64045,1.6678,0.22447,0.37439,0.0010982,0.40872,3.3874,3.0739,5.128,3.9961,1.2099,1.199,0.33167,2.9431,44.26,32.55,38.741,20.071,24.348,29.638,17.691,21.393,8.8831,8.2362,6.6917,5.4379,15.764,10.196,7.3717,6.109,1.0422,6.2096,3.2708,4.8072,2.4583,3.1716,9.1622,4.4171,3.1578,3.3071,17.116,24.264,126.24,112.51,90.414,107,58.817,23.783,25.371,26.004,23.833,18.276,30.266,34.274,24.764,31.571,18.438,8.1131,0.17827,2.286,9.822,2.435,2.1656,1.6353,4.1656,7.2483,3.6124,8.8997,9.9093,4.746,4.6237,4.3619,4.0214,4.6838,5.2333,12.774,8.7288,6.0142,9.7837,0.4162,0.44659,1.1868,4.0213,3.4115,3.31,5.1156,3.2344,10.402,0.58376,57.335,27.668,41.319,34.891,41.561,26.484,27.227,17.656,24.059,12.642,17.385,4.8959,4.7958,8.1729,12.446,7.6681,6.6109,3.5967,2.7218,3.0294,9.9239,3.3311,8.207,2.7993,5.8299,6.635,33.892,22.426,19.94,20.539,13.666,22.299,3.376,4.2583,4.9434,5.3498,3.6431,3.6014,1.4697,0.47775,0.67918,1.4696,9.7825,2.8238,4.2326,3.7004,2.6261,3.1533,4.5422,16.833,34.772,44.591,62.683,5.4037,6.5482,5.0587,5.6874,78.721,126.11,99.826,126.59,5.3679,3.5622,3.4249,4.2011,6.5574,5.8683,3.2736,4.5074,7.9163,12.574,5.8318,6.6471,6.8648,5.8266,5.9896
124.2,120.72,38.957,49.959,23.491,47.289,9.1918,11.362,3.1278,93.909,23.941,33.647,12.673,11.63,2.6311,1.9726,1.617,0,0.65346,1.028,23.071,20.651,8.2596,1.3294,16.115,14.994,18.185,16.167,1.9044,34.085,44.584,28.129,24.035,22.031,23.036,13.516,8.1095,7.6116,1.9469,15.015,0.72014,1.948,9.2041,2.6071,0.56578,0.53133,7.0687,15.032,1.4206,3.294,1.2783,117.79,129.9,133.86,122.63,77.977,93.765,63.087,61.91,35.663,43.419,28.3,56.448,32.861,19.535,16.942,15.241,12.478,17.635,11.041,4.4507,8.6051,4.8694,8.4082,5.667,6.7126,10.882,9.0543,6.4143,9.2323,10.205,8.8038,8.5865,12.086,12.377,11.842,12.436,11.148,12.683,15.218,12.763,29.101,11.009,16.381,16.446,18.648,21.954,21.013,19.13,20.394,2.7214,2.8765,2.1653,2.8647,2.7996,2.5797,3.8076,3.3857,1.7753,0.63651,0.5819,1.6949,0.66225,8.7485,8.5821,10.447,9.9813,2.8027,5.3107,3.4096,6.5564,30.971,23.124,28.518,15.811,20.797,19.855,19.814,21.444,3.5912,2.9191,2.4877,1.2071,19.349,16.35,2.5441,3.0107,1.1925,2.7962,2.4363,0.88966,2.3338,0.96406,15.09,1.9608,1.2937,1.1228,29.208,37.527,146.78,133.91,112.19,128.96,77.405,37.369,36.629,39.009,36.373,29.901,41.608,42.994,38.95,47.316,30.875,10.449,2.0996,7.567,18.587,7.9165,7.5041,2.1155,10.851,8.3971,5.8145,9.3316,19.098,11.903,11.705,11.286,10.734,11.804,12.664,22.806,17.24,5.4721,8.6276,2.7598,2.893,0.11199,1.1607,8.9249,8.9118,12.373,9.3567,15.31,3.8116,52.315,17.982,27.996,32.99,39.237,16.181,16.505,8.7157,13.528,5.9911,11.137,0.88602,0.97385,9.6778,15.872,5.7481,11.773,1.9073,1.4073,3.698,19.544,0.93708,3.191,0.75119,1.4454,1.8333,45.81,31.393,29.97,25.543,23.18,28.545,9.6657,11.121,12.211,12.831,9.3995,9.2546,5.8409,2.3248,3.8661,5.9309,19.258,8.4256,1.3393,1.9297,0.78979,1.2618,1.8301,28.463,50.286,61.189,79.968,1.2228,1.746,0.9997,1.3242,93.727,148.45,123.46,149.16,1.9028,1.2242,0.93788,1.737,1.7682,1.395,0.98679,1.3924,2.7567,18.304,1.3073,1.814,1.8678,1.4379,1.5486
114.33,110.38,37.321,48.596,19.187,39.197,4.9539,7.6173,6.4316,83.747,20.576,27.378,12.831,6.8874,1.589,0.98969,0.42761,0.65346,0,1.288,27.164,25.141,9.5649,3.3416,11.606,10.163,12.576,10.32,4.1259,32.266,41.623,22.885,19.082,21.76,23.953,14.132,5.6903,4.025,3.1879,9.4746,0.078592,0.41067,5.9742,5.6935,2.1528,1.229,3.7352,9.9021,3.7132,6.4594,3.7481,115.83,118.91,125.59,114.33,69.92,84.427,56.07,53.827,32.245,37.347,27.22,50.296,29.707,17.624,12.886,14.606,10.908,18.534,11.858,2.3494,8.6072,2.0051,10.611,6.5597,7.6454,8.3491,10.792,7.686,10.461,11.827,10.134,9.8561,7.7057,7.9003,7.5854,8.111,7.0896,8.0564,10.111,8.2777,21.604,11.965,10.666,10.771,12.378,15.08,14.323,12.725,13.802,1.6943,1.707,0.90193,1.7183,1.6879,0.66171,1.369,2.0308,2.2681,0.13282,0.38156,0.47152,0.49943,4.634,4.5619,5.9048,5.5698,2.4154,2.351,1.4171,3.1362,36.019,25.575,31.115,15.22,19.33,22.948,15.326,17.862,5.4601,5.0391,5.4792,3.0717,14.247,10.678,5.7258,5.6797,1.4427,5.5596,3.7406,3.0456,3.1477,2.6378,9.6469,4.0678,2.9002,2.8419,22.33,31.002,140.84,126.62,103.28,120.88,69.254,30.276,32.323,33.079,30.622,24.206,37.711,41.444,31.014,38.679,23.102,10.881,1.027,3.961,12.331,4.7794,4.0825,2.4326,7.0892,9.3995,5.6438,10.929,12.861,7.5786,7.4622,7.1336,6.7009,7.4481,8.2218,15.853,11.28,7.162,11.12,1.5709,1.649,0.64137,3.2109,4.7758,4.789,7.6524,5.8221,10.128,2.0105,49.813,21.217,33.45,29.69,35.808,20.261,20.971,13.075,18.462,8.481,12.425,2.9222,3.2216,6.5037,11.175,8.2903,7.0153,3.5916,2.7343,4.2675,13.897,2.6916,6.6308,2.2595,4.0423,4.6705,41.748,28.704,26.137,25.528,18.928,27.841,5.8049,6.9879,7.8629,8.4311,5.1368,5.0195,3.4725,0.51325,1.3909,3.4559,13.243,5.4008,3.4674,3.6654,2.2021,2.873,4.0267,22.396,42.765,53.717,73.415,3.6629,4.5165,3.2445,3.8275,90.026,140.99,113.3,141.53,4.4497,3.055,2.7364,3.787,4.5597,3.938,2.7084,3.6323,6.0764,12.509,3.6285,4.6322,4.6757,4.0292,4.2138
104.25,101.44,27.329,36.684,15.638,37.325,9.1332,14.984,6.2599,77.879,15.463,24.888,6.57,9.6532,0.71279,0.59121,0.98061,1.028,1.288,0,33.612,30.464,15.085,4.3202,20.378,18.046,20.84,15.166,1.4718,23.277,32.138,19.802,16.554,13.61,14.7,7.2957,4.0378,5.677,0.49982,13.033,1.91,2.9747,12.711,3.2152,0.92587,0.13871,8.8527,17.263,1.7082,6.9249,3.1031,96.908,110.04,112.18,102.09,62.609,77.111,49.267,49.049,24.806,32.362,18.549,43.176,22.455,11.67,10.828,8.3579,6.4321,10.476,5.5803,2.2006,3.7172,4.1148,4.5154,2.0899,2.7358,5.7435,4.6344,2.7,4.4933,5.3479,4.253,4.0806,8.553,8.8699,8.2062,8.582,7.5506,9.3262,11.385,9.0331,23.895,5.607,13.664,13.481,16.499,19.686,18.609,17.509,18.142,0.72184,0.86176,0.90066,0.8412,0.80038,2.3939,3.1431,1.1371,0.13937,0.62231,0.26928,0.99794,0.18815,7.896,7.2691,10.592,8.6808,0.4752,4.144,1.9579,7.2552,42.881,33.902,40.373,24.143,29.784,29.87,25.425,28.713,8.4093,7.2387,2.9802,4.1818,23.731,17.481,3.7145,2.2696,0.0062612,2.4012,0.69153,2.6878,0.40914,0.81837,16.119,1.3131,0.69368,0.83838,22.577,28.087,123.37,111.92,93.039,107.69,62.18,28.592,25.894,28.732,26.521,21.528,29.841,30.733,30.947,38.106,25.574,5.0531,0.67949,5.7554,16.419,4.7415,5.1937,0.2085,6.9231,3.8416,1.9549,4.7413,16.149,8.3679,8.1264,7.7861,7.3458,8.4011,8.9064,19.933,14.875,2.3835,4.8778,0.85364,0.92633,0.4614,1.3419,7.881,7.6568,9.5198,5.9217,17.555,1.6845,66.103,27.52,39.091,43.058,50.321,24.971,25.193,14.521,20.869,11.84,18.88,3.1041,2.4066,13.526,19.656,3.2233,12.658,0.83404,0.45152,0.91659,14.567,0.94229,4.1326,0.68461,3.1061,3.7028,33.396,21.164,20.358,16.454,15.373,18.778,6.6435,7.6863,8.5338,8.8927,8.1769,8.1525,2.9432,2.6314,3.2674,3.1063,15.327,4.7978,1.409,0.88732,0.56072,0.69934,1.4354,20.884,39.065,47.971,63.567,2.8667,3.7609,2.8529,3.1496,75.139,125.18,103.76,125.87,2.0659,0.96682,1.0104,1.2259,3.7149,3.3269,0.87603,1.6077,4.2086,20.439,3.808,3.7796,4.1418,3.1178,3.1599
252.88,247.06,120.41,138.26,91.936,129.95,43.446,28.865,13.509,205.83,93.888,108.64,67.594,54.938,40.822,37.737,34.392,23.071,27.164,33.612,0,0.24601,5.1066,14.027,31.821,36.418,42.365,56.661,29.306,112.19,131.36,99.88,91.707,87.661,86.728,68.35,57.532,49.218,35.075,59.395,24.785,27.904,26.531,24.318,25.332,29.76,32.072,40.44,25.577,11.675,18.476,240.18,259.7,268,251.86,184.23,207.34,161.21,157.23,116.09,128.2,100.81,151.03,110.97,84.886,77.452,74.619,69.426,76.206,62.292,45.485,58.417,40.364,50.973,48.573,51.315,65.122,54.538,49.423,56.781,57.754,55.396,55.061,61.726,62.033,61.772,63.411,60.65,61.88,67.13,63.405,90.159,61.816,64.21,65.304,64.723,69.343,68.751,63.068,67.339,41.248,41.657,37.787,41.653,41.436,34.342,38.349,43.433,36.714,29.789,30.641,34.78,31.379,46.314,48.039,44.209,49.897,41.923,42.733,40.808,36.422,0.65148,1.1689,1.6598,8.5553,11.827,0.39516,29.596,22.774,8.4813,9.6607,24.829,14.169,35.308,47.288,21.669,31.174,34.482,29.321,36.784,18.617,38.113,27.83,46.168,30.454,30.236,28.536,95.693,115.84,285.47,268.12,236.1,261.05,183.16,113.52,117.69,120.19,115.47,102.45,126.64,127.1,112.83,127.4,92.712,61.921,38.151,48.661,64.725,54.36,50.538,38.471,61.406,55.44,51.354,55.744,68.624,61.481,61.368,60.485,59.288,60.844,63.374,72.944,63.85,45.194,50.188,41.091,41.561,26.315,26.101,47.373,48.249,59.492,57.46,40.724,43.914,23.7,0.42403,0.71414,21.702,23.674,0.78788,1.05,6.0113,3.3469,5.5555,3.9932,16.933,20.179,25.438,33.913,41.882,42.582,32.818,32.273,43.548,77.173,27.036,22.979,27.488,19.194,18.352,133.9,108.11,105.49,93.759,91.357,100.63,56.392,60.008,62.441,64.271,48.779,48.071,50.06,31.793,38.167,49.97,72.789,56.702,26.665,32.637,28.364,30.033,29.098,98.022,137.69,157.27,188.77,19.251,17.717,18.369,18.475,208.35,288.5,251.41,289.52,26.27,28.372,26.685,29.707,18.01,18.028,27.637,25.934,20.469,45.005,15.743,17.938,16.656,19.11,19.423
