0,29.559,1.6397,15.201,28.192,22.669,12.209,9.1503,2.2634,0.95924,0.062291,2.8303,63.513,123.32,88.128,47.522,61.145,37.629,30.756,18.227,2.4952,1.926,11.87,11.528,14.166,8.494,8.3995,1.7443,1.9105,0.61901,7.6388,21.422,23.964,26.306,4.0907,21.398,2.8883,2.1058,18.26,2.2054,3.7506,5.4606,3.6575,8.9093,24.068,14.542,8.5669,17.767,3.0387,3.2914,2.7882,1.6685,1.9206,2.85,2.0599,2.8367,7.1843,19.151,10.135,18.119,25.25,19.331,46.126,28.716,36.187,40.859,51.888,52.576,37.281,19.748,4.1158,22.805,14.098,6.7274,10.846,3.576,1.5045,6.2198,0.88738,2.7225,0.019224,3.0644,0.45826,1.4747,1.889,1.8976,112.95,97.528,84.923,50.745,48.556,45.458,39.194,25.14,18.171,32.637,24.315,28.055,36.735,35.649,19.759,9.6284,7.8332,3.6604,6.6427,22.646,5.2017,0.19939,0.88563,0.3251,0.39323,0.58227,0.98172,12.334,11.726,9.8108,10.928,14.32,18.455,6.4517,7.4581,7.7919,9.4918,8.2882,1.8351,1.3222,1.8891,1.795,1.9135,2.0901,1.8791,1.2551,1.5068,1.2001,1.8441,3.3712,1.9057,2.1863,15.112,16.006,15.395,7.6212,11.195,11.109,8.6306,7.9154,7.7681,24.601,24.236,29.48,21.616,17.046,7.5458,6.1364,10.655,6.632,5.4273,6.0948,10.774,12.609,19.722,16.225,10.329,0.11607,1.5291,0.46839,7.7022,10.4,21.862,15.147,0.59339,3.7064,2.6158,2.2564,40.473,49.859,45.046,58.542,34.707,63.997,15.156,38.533,30.055,26.791,26.69,34.695,35.796,14.495,7.3659,17.694,1.2679,1.5036,88.622,91.345,48.643,36.653,8.1442,32.614,20.283,13.458,17.114,15.803,1.509,0.7982,0.89843,5.2552,5.4572,10.004,8.7564,5.5686,6.6258,4.3927,13.404,4.1928,4.7974,8.5249,5.9244,7.507,7.9664,8.2829,2.0418,1.4595,1.833,1.7355,1.69,1.7634,2.9488,14.077,2.0427,1.4726,1.3642,3.4561,0.4903,12.589,4.349,16.515,17.667,10.796,1.6768,1.5951,1.4735,0.94487,0.8237,0.80314,0.83694,3.2042,4.1665,4.4753,4.4113,1.797,2.0122,43.947,32.635,14.937,18.434,1.0406,1.09,1.393,2.2856,1.0747,1.0155,3.0076,1.4454,1.9405,1.9401,1.273
29.559,0,17.76,5.6017,114.75,99.703,78.494,66.463,45.186,27.61,31.92,24.061,21.464,38.355,36.114,2.3402,24.445,29.42,2.1699,20.283,16.098,24.269,38.154,37.444,35.89,18.183,17.247,34.882,38.825,37.298,56.342,101.07,105.57,97.196,54.219,81.689,47.324,41.981,64.115,47.793,44.407,36.197,22.843,29.184,40.488,29.5,9.6546,21.082,14.248,13.975,16.766,19.1,18.748,16.989,18.506,14.288,12.503,1.4753,6.6882,9.3484,8.3966,13.854,29.891,18.937,4.4877,7.1589,159.66,160.98,132.83,97.6,55.734,104.26,82.671,63.096,74.187,45.623,43.646,32.623,35.641,40.968,30.658,41.287,23.456,23.759,22.875,22.997,40.45,30.052,25.361,2.9045,2.87,1.7454,1.3455,0.5595,13.459,21.812,0.40089,27.239,24.607,31.814,1.0329,15.468,8.7009,30.131,22.885,28.453,30.423,34.574,28.282,30.163,28.492,29.135,27.488,38.389,36.743,32.997,37.803,16.485,7.4845,18.332,17.416,16.347,20.43,16.365,36.674,35.077,35.875,36.09,37.979,36.98,35.888,31.38,36.613,36.853,33.631,38.416,31.753,40.026,70.477,73.644,69.502,55.245,61.339,63.643,54.011,56.072,56.449,107.34,107.12,116.08,100.13,90.133,62.151,58.156,68.762,57.561,52.639,55.865,62.741,56.075,43.34,54.682,23.478,26.295,21.845,22.708,7.1497,5.0053,33.975,2.6093,24.344,13.373,15.305,15.55,5.8691,11.967,1.6638,5.1508,127.32,177.44,85.36,129.72,118.67,106.4,104.77,124.63,122.78,75.522,63.288,83.179,37.718,22.955,37.957,36.846,23.927,20.452,6.6826,29.458,0.92514,11.457,31.013,19.767,22.689,24.891,30.626,32.485,27.235,31.168,28.435,19.805,24.295,14.603,15.702,15.009,17.971,17.354,18.643,16.097,20.443,18.497,37.681,33.687,35.468,34.384,35.315,35.27,37.338,60.078,23.74,30.049,43.19,52.816,31.136,45.829,15.527,41.594,23.388,4.6338,21.574,23.155,24.216,28.523,29.11,26.388,29.506,13.37,19.885,19.088,16.342,35.132,36.279,138.47,120.08,84.764,85.154,28.374,29.603,21.365,20.049,19.376,24.199,22.07,19.744,21.628,20.403,19.773
1.6397,17.76,0,8.9408,43.354,33.828,22.797,16.011,7.5226,2.5694,2.3135,3.5807,51.883,101.29,75.007,32.523,51.006,34.072,20.164,15.919,0.89962,2.7423,15.066,14.604,16.5,7.1383,6.7948,3.3405,4.4145,4.1696,15.058,34.75,38.122,39.649,9.9268,32.478,7.2344,5.3547,26.286,7.6097,9.016,8.9322,1.8284,10.355,25.907,15.254,2.8579,15.757,0.21435,0.28695,0.31152,0.1148,0.16934,0.37065,0.1973,0.52888,4.3111,9.6983,3.6288,12.645,18.116,15.011,40.926,24.063,25.315,29.894,71.565,72.094,53.473,32.266,10.772,36.348,23.865,13.922,19.433,7.0478,5.7321,8.8021,4.252,5.3695,1.9693,7.7182,0.81221,2.1398,2.3344,2.3763,94.732,79.944,69.127,34.977,33.639,30.593,26.097,14.869,13.944,28.005,14.042,25.805,32.044,33.129,10.558,7.3552,2.3254,5.8661,6.7751,21.719,7.3602,2.9721,2.6502,2.41,2.1116,2.501,2.5644,15.521,14.61,12.064,14.167,11.625,12.313,5.3804,6.0169,6.0075,8.6148,6.4479,3.8275,3.1899,3.6555,3.6622,4.1965,4.0304,3.6538,2.2735,3.6595,3.5943,3.0907,5.075,2.6861,4.8591,24.682,26.077,24.766,14.845,19.363,19.698,15.577,15.28,15.204,38.884,38.286,43.147,35.163,29.259,13.876,11.966,17.485,12.015,9.9603,11.24,19.22,19.63,22.965,22.531,10.14,1.0809,0.46584,0.36137,2.6198,4.2672,22.479,6.9502,0.54077,0.42226,0.11442,0.1067,29.121,38.426,30.251,41.72,51.376,86.125,25.306,55.879,45.619,41.395,41.105,51.377,52.374,21.63,14.181,29.245,5.098,1.9528,75.943,77.642,41.209,30.807,2.7824,30.069,10.945,9.4269,17.793,13.771,1.885,1.6905,3.2117,7.8951,6.8184,11.791,10.037,4.9936,7.1243,2.3762,10.635,2.3127,3.7775,6.9341,4.9943,5.6845,7.2944,7.0412,4.1825,2.9132,3.5275,3.2155,3.4197,3.4447,4.5751,21.756,1.0691,2.0781,5.9953,9.3465,1.9127,17.433,0.99194,19.846,16.291,4.2731,1.7513,2.1045,2.2603,2.7743,2.7772,2.0878,2.8851,0.33309,3.7294,3.7951,2.9386,3.4274,3.8169,62.28,48.822,24.99,26.78,2.8442,3.1887,1.3794,1.9497,0.11983,1.7551,3.2269,0.93463,2.0442,1.6927,0.72641
15.201,5.6017,8.9408,0,78.631,74.992,49.062,47.587,23.724,11.419,16.39,8.0393,17.871,52.144,32.433,11.647,17.814,12.704,3.0495,4.9329,5.3803,8.7056,14.646,14.22,13.139,3.7493,3.3545,23.139,25.586,19.233,29.155,68.453,70.569,58.594,35.056,46.013,30.957,27.422,32.298,27.485,21.384,14.466,16.941,9.4144,16.358,9.4065,8.8184,5.2585,7.392,7.5662,10.231,10.785,10.904,10.575,10.901,5.2911,1.8824,4.6494,6.3429,0.80138,1.7849,2.3858,15.072,6.0474,4.509,6.2448,117.75,120.2,98.198,67.383,33.922,71.915,58.448,42.093,51.69,31.539,26.256,11.929,17.103,27.992,15.647,19.347,10.397,8.8289,8.0479,8.0987,45.653,35.815,28.504,13.845,11.47,11.451,7.1336,2.7128,2.0954,8.117,3.0136,9.6889,10.296,13.43,2.3761,2.5242,6.8188,11.163,6.2469,9.4809,10.819,18.42,11.906,14.009,12.797,12.854,11.322,14.764,13.762,11.596,14.501,2.9381,0.42781,4.1114,3.5457,3.0593,4.7058,3.0027,24.313,22.54,23.946,23.919,25.152,24.887,23.938,20.176,23.719,23.251,22.533,27.482,21.423,26.66,38.206,40.676,37.267,28.2,31.788,33.826,26.685,28.76,29.174,72.558,73.477,86.651,65.773,58.06,43.81,40.301,50.563,40.962,37.315,39.539,33.184,27.123,17.818,25.535,6.1818,12.662,13.292,11.192,2.4104,1.6765,12.384,3.6564,13.606,7.5231,8.0084,7.0941,6.0687,10.302,11.281,17.038,88.568,128.43,60.532,86.984,82.154,68.07,66.252,84.021,80.63,57.933,43.675,48.913,18.253,8.426,33.211,34.073,13.337,8.5378,2.5746,11.64,2.449,1.0503,10.354,4.4779,8.3014,10.172,13.38,12.094,8.8595,10.479,8.9978,4.9643,6.9882,3.4686,2.5755,3.6765,4.3953,3.3868,4.36,3.003,4.8458,3.9106,25.2,21.963,23.622,22.827,23.305,23.397,26.307,29.908,15.721,19.64,23.786,32.891,18.483,19.674,11.025,16.668,6.3619,2.5248,7.6635,8.4304,9.0534,11.981,12.493,10.927,12.726,6.0165,5.4318,4.9713,3.9458,23.369,24.369,93.6,79.985,60.115,66.016,11.782,12.492,7.8997,6.5272,8.9773,9.5447,6.9511,7.3631,7.4459,6.9587,7.6894
28.192,114.75,43.354,78.631,0,8.2873,3.4798,13.319,16.106,30.366,25.814,36.526,153.18,256,185.46,146.89,144.96,93.711,112.53,67.138,45.086,35.02,37.433,37.534,43.683,52.016,52.878,28.642,25.043,21.21,13.778,0.55804,0.24174,8.8397,13.656,13.782,18.435,22.202,23.991,14.638,18.467,28.581,44.646,41.23,56.911,50.793,66.417,65.436,49.66,50.572,47.449,42.652,43.638,47.454,44.207,48.063,56.239,93.781,71.771,79.245,93.722,76.26,109.49,88.171,119.89,125.58,4.0172,4.8611,2.9747,1.6258,11.033,0.69152,6.5373,10.426,8.3085,22.26,18.249,33.277,22.702,24.973,27.007,20.274,34.459,34.972,36.448,36.329,231.14,212.15,191.94,153.1,147.92,143.92,130.91,104.54,74.567,92.446,103.45,77.945,97.206,87.405,94.169,56.969,65.263,31.639,43.85,66.609,33.789,23.652,29.611,27.287,28.96,28.467,30.514,38.007,38.566,38.959,36.149,64.165,82.125,48.399,51.09,52.837,51.319,53.662,27.068,27.295,28.026,27.557,25.935,27.435,27.986,30.788,26.232,25.104,30.151,29.25,32.147,24.531,13.23,11.97,14.506,14.677,14.886,12.801,17.264,14.408,13.876,0.12387,0.28523,5.0383,0.64921,1.5636,14.111,14.977,14.591,17.024,19.415,17.538,13.051,21.806,46.211,29.187,49.558,31.332,40.148,35.926,64.618,71.858,59.47,84.602,35.322,52.09,47.844,46.363,126.52,137.4,143.2,165.72,0.34831,7.7378,5.9928,3.0361,0.045729,2.7324,3.7073,1.3539,3.8784,16.517,12.194,6.8552,21.245,35.871,184.31,191.11,120.95,101.63,66.12,84.165,95.282,68.296,53.866,63.271,36.167,33.014,27.329,31.844,37.401,41.118,41.726,45.343,42.352,49.373,63.381,48.592,46.108,52.976,47.187,52.635,48.675,51.312,26.588,29.072,28.288,29.118,28.061,28.302,29.28,20.626,39.893,32.652,17.218,13.186,28.803,31.276,52.323,42.209,62.797,73.536,37.596,35.768,34.485,29.436,28.725,31.447,28.35,50.353,43.013,44.367,47.349,28.531,27.943,4.653,1.5184,6.1646,15.177,29.693,28.537,37.505,40.075,40.211,33.973,38.89,39.465,37.869,39.232,39.303
22.669,99.703,33.828,74.992,8.2873,0,8.7848,3.3653,17.496,29.542,21.389,37.876,160.73,251.33,197.74,132.21,155.63,109.83,105.7,76.046,40.199,35.019,50.206,49.954,57.158,55.743,55.998,16.681,14.095,19.227,23.025,5.5808,8.7393,28.864,7.5228,33.295,9.7809,12.32,43.041,12.687,23.759,36.05,28.361,49.897,75.348,62.492,49.131,74.637,38.783,39.115,34.713,31.601,31.998,34.423,32.303,41.004,54.972,77.739,55.664,80.631,95.263,81.498,125.81,97.99,116.06,124.39,13.203,11.679,4.409,3.0684,9.0784,4.3915,1.2337,4.8084,2.2357,10.51,12.524,40.831,22.469,12.932,22.189,24.696,29.562,33.835,35.718,35.678,236.52,214.19,195.16,136.63,134.76,127.83,119.32,93.533,79.262,104.22,91.302,92.208,110.71,104.58,81.968,59.727,49.998,35.995,48.619,80.446,39.883,19.218,28.785,24.933,26.561,26.936,29.711,51.1,50.951,49.284,48.273,69.713,81.784,50.73,53.66,54.981,56.842,56.162,15.461,16.507,16.017,15.848,14.621,15.312,16.005,19.219,15.48,15.4,17.625,14.929,19.101,13.391,28.752,27.732,30.539,24.157,27.811,25.117,28.288,24.134,23.294,7.7034,5.7124,1.0212,9.3845,8.5993,4.4163,5.5748,3.0313,5.8186,7.5739,6.3618,25.152,36.693,63.902,46.728,56.953,26.029,28.21,28.544,55.249,62.12,75.222,70.107,25.819,40.073,37.097,37.466,123.7,139.51,127.12,150.06,10.687,27.353,1.0521,21.336,8.1194,18.259,20.283,16.335,23.032,2.4976,4.2312,21.4,21.938,34.38,197.92,202.86,133.4,112.6,56.008,99.991,83.04,69.992,67.089,71.193,34.541,30.662,27.031,38.463,42.821,51.065,50.056,47.732,47.693,46.806,68.098,46.111,46.662,56.24,49.249,54.407,53.259,55.079,14.834,17.492,16.287,17.038,16.365,16.41,15.438,36.585,26.342,20.334,15.332,8.803,19.654,45.717,37.14,58.138,73.101,61.911,35.682,34.587,33.565,28.831,27.933,29.771,27.681,40.867,44.011,45.255,46.308,16.516,15.77,25.351,16.691,1.0692,1.3895,29.292,28.547,34.741,38.427,32.583,31.917,39.578,35.477,36.55,37.121,34.678
12.209,78.494,22.797,49.062,3.4798,8.7848,0,7.0242,4.6168,13.288,10.606,17.531,112.17,200.37,140.91,105.22,105.74,64.249,76.455,41.365,23.57,16.435,19.97,19.951,24.629,28.982,29.565,14.02,11.708,7.6239,4.1403,1.7073,2.002,6.6743,4.8024,7.9586,7.6599,9.872,13.181,4.1341,6.1188,12.759,25.278,21.765,35.927,29.431,40.805,40.093,27.429,28.17,26.211,22.578,23.366,26.278,23.808,25.844,31.788,61.653,44.567,49.868,61.545,47.95,77.244,58.286,82.675,87.626,14.82,15.926,9.6949,2.222,2.6163,2.4924,4.0506,3.7225,4.0257,10.717,6.6246,15.955,8.4159,12.119,11.384,7.1004,16.194,16.389,17.408,17.326,179.64,162.45,144.96,110.54,106.04,102.78,91.714,69.923,46.532,62.162,69.094,51.077,66.437,59.437,61.605,32.622,39.537,14.4,23.064,42.041,16.085,9.3146,12.791,11.341,12.413,12.06,13.386,20.459,20.672,20.47,18.903,38.493,52.019,26.15,28.171,29.441,28.684,30.094,13.028,12.864,13.698,13.33,12.313,13.422,13.666,15.116,12.268,11.309,15.072,15.333,16.406,11.52,5.7779,5.3005,6.6088,4.6606,5.6767,4.43,6.4418,4.5716,4.227,2.2943,2.5476,8.764,1.3352,0.40471,6.8743,6.8401,8.6018,8.5442,9.6608,8.6565,4.4884,10.249,27.732,15.845,27.652,14.175,21.088,17.446,38.289,43.861,37.047,54.222,17.404,29.347,26.123,24.816,88.286,97.932,102.18,121.23,5.8834,20.304,4.0634,7.9251,4.2419,3.6692,4.0953,5.876,7.2978,11.584,5.3805,2.9235,7.5295,17.006,140.2,145.71,85.848,69.497,39.49,56.456,62.501,41.255,32.109,38.177,17.211,15.08,11.306,14.825,18.519,21.937,22.062,23.908,22.049,26.639,37.772,26.066,24.34,29.653,25.234,29.258,26.589,28.459,12.828,14.128,13.839,14.328,13.602,13.806,15.126,9.9248,21.343,16.459,5.4109,4.0333,13.265,16.188,30.163,24.27,38.265,45.309,18.202,16.935,16.056,12.675,12.212,14.016,11.967,27.734,22.117,23.09,25.181,13.978,13.715,10.654,5.1731,4.1081,12.21,12.843,12.088,18.153,19.937,20.372,15.718,19.158,19.556,18.391,19.345,19.477
9.1503,66.463,16.011,47.587,13.319,3.3653,7.0242,0,7.9571,14.534,8.564,20.754,120.85,197.67,153.9,93.466,117.31,80.927,71.978,51.457,21.035,18.422,33.703,33.358,38.989,34.345,34.366,5.0614,3.694,7.843,14.719,8.5224,12.016,27.235,1.2606,28.01,1.7809,2.8478,32.753,4.4161,13.035,21.637,12.296,31.705,54.825,42.135,26.836,50.459,19.384,19.591,16.47,14.396,14.641,16.265,14.839,21.306,32.547,48.755,31.664,53.011,64.8,54.643,94.075,69.17,80.944,88.307,25.564,24.498,13.274,5.7422,2.9175,8.0995,1.3398,0.67721,0.5888,1.9857,3.4271,24.894,10.235,3.107,8.9769,13.208,13.685,17.331,18.719,18.711,186.2,165.97,149.59,97.137,95.689,89.74,82.829,61.628,52.729,74.84,59.746,66.076,80.699,77.102,52.231,37.08,27.423,20.404,29.408,56.674,23.68,7.2741,14.038,11.194,12.218,12.664,14.65,34.485,34.044,31.944,32.042,45.5,53.568,30.238,32.472,33.346,35.7,34.323,4.4006,4.9856,4.6987,4.6081,3.9599,4.3216,4.6923,6.5061,4.4275,4.4333,5.5897,4.2138,6.4391,3.3339,22.145,21.896,23.441,15.45,19.639,17.842,18.64,15.588,14.963,11.469,9.7464,7.3025,11.556,9.0441,0.078062,0.30255,0.10532,0.34627,0.86513,0.48112,17.7,25.987,45.972,34.004,36.396,11.306,12.103,12.652,31.584,36.799,53.463,42.766,10.669,20.249,18.202,18.597,87.466,101.63,89.148,108.55,17.63,40.648,1.6921,26.978,13.893,20.132,21.515,21.877,27.119,0.8399,0.17942,18.431,10.205,17.621,154.42,158.21,99.09,81.417,32.101,72.884,53.086,44.709,46.208,47.37,17.699,14.913,13.047,22.91,25.481,33.055,31.689,28.058,28.924,26.222,44.015,25.731,26.801,34.588,29.078,32.821,32.75,33.86,4.0681,5.5161,4.8457,5.2587,4.8889,4.9128,4.4454,26.658,10.881,7.155,5.7387,2.0961,6.8801,31.48,18.163,40.896,49.653,36.511,18.421,17.834,17.199,14.125,13.494,14.476,13.364,20.963,24.996,25.864,26.173,4.9707,4.5663,31.922,21.34,1.5932,1.7,14.481,14.107,17.592,20.393,15.338,15.82,21.764,17.865,19.156,19.378,17.201
2.2634,45.186,7.5226,23.724,16.106,17.496,4.6168,7.9571,0,2.2449,1.5758,4.377,74.176,145.36,99.039,65.77,69.882,39.656,43.612,20.739,7.3509,3.7054,8.9183,8.7513,11.79,11.309,11.554,5.4183,4.603,0.51595,1.8772,11.58,12.679,13.251,2.9461,10.359,3.5381,3.9427,9.8951,0.53263,0.64909,3.407,11.142,8.3082,21.05,13.912,19.536,19.966,10.209,10.737,10.061,7.8043,8.3487,10.189,8.638,8.7564,12.345,33.013,21.526,24.906,33.404,24.323,49.495,33.012,48.638,52.827,35.804,37.132,25.791,11.353,1.3883,13.065,9.4618,4.3274,7.3698,5.6235,1.6292,4.898,0.56762,5.5275,1.8706,0.6643,3.6722,3.624,4.1366,4.1005,129.64,114.39,100.02,70.021,66.408,63.893,55.179,38.616,23.201,36.496,38.037,29.375,40.276,36.576,32.589,13.424,18.202,3.3385,7.981,22.941,4.5489,1.2752,2.0416,1.5369,1.9237,1.7586,2.2862,9.3208,9.1178,8.1754,8.0775,17.876,26.174,9.325,10.592,11.306,11.52,11.774,5.0995,4.5167,5.4299,5.1865,4.8705,5.5084,5.4068,5.3326,4.4535,3.7196,5.9335,7.458,6.499,4.7772,6.1991,6.619,6.5403,1.9748,4.0174,3.7052,2.8886,2.0981,1.9565,13.409,13.699,21.282,10.798,7.7158,6.7443,5.6953,9.8312,6.9523,6.5995,6.6087,3.5383,5.9805,15.681,9.6328,11.378,2.9016,7.4404,4.6013,16.454,20.117,20.448,27.619,5.133,11.507,9.4858,8.435,53.115,61.517,63.42,78.534,20.912,43.622,10.12,22.471,17.676,13.632,13.467,19.899,20.199,13.938,5.7861,7.3181,0.35832,3.9103,98.873,102.86,54.722,41.708,17.29,33.849,33.236,18.962,16.188,18.293,4.0065,3.0154,1.479,4.0843,5.6205,8.8425,8.3663,8.0111,7.5331,9.1083,17.2,8.7749,8.0065,11.637,8.7362,11.133,10.022,10.993,5.2127,5.1723,5.4326,5.5328,5.1949,5.351,6.9986,6.6651,8.2226,6.0582,0.32939,1.8922,3.7107,7.8913,12.887,12.776,19.096,21.244,4.4898,3.8851,3.4741,1.999,1.813,2.545,1.7202,10.117,6.7896,7.3268,8.3426,5.4537,5.5556,26.54,18.216,10.015,16.807,2.0728,1.7858,4.4618,5.3881,5.9749,3.2979,5.1435,5.1945,4.602,5.0668,5.1883
0.95924,27.61,2.5694,11.419,30.366,29.542,13.288,14.534,2.2449,0,0.88469,0.55731,52.493,112.01,74.441,43.815,49.611,27.203,26.085,11.352,1.5677,0.23351,6.201,5.9411,7.7787,4.1976,4.2239,5.2899,5.503,1.1065,5.5251,23.995,25.547,22.809,7.4103,16.968,6.4791,5.6416,12.48,3.6134,2.1541,2.079,7.23,4.0223,15.421,8.0571,10.591,10.924,3.9191,4.316,4.5965,3.2593,3.6507,4.7769,3.8406,2.4306,4.1469,18.786,11.28,12.697,18.93,12.93,34.792,20.291,30.158,33.717,55.971,57.539,42.75,23.363,6.1557,26.022,19.061,10.523,15.527,7.9805,3.8491,2.3562,0.57217,6.8295,0.84923,1.5126,0.51647,0.16638,0.30512,0.29854,99.497,85.743,73.561,47.372,44.271,42.388,35.191,22.322,12.036,23.43,21.961,19.04,26.798,25.317,17.965,5.2625,9.1398,0.90244,2.6736,14.47,1.7161,1.288,0.0051988,0.22473,0.1264,0.064729,0.00024126,6.531,6.057,4.6586,5.5433,8.6112,13.396,2.864,3.5874,3.9207,4.7091,4.2447,5.437,4.5289,5.5399,5.3747,5.543,5.8744,5.5226,4.351,4.8428,4.2329,5.4426,7.927,5.48,5.9412,11.539,12.588,11.515,5.3142,7.968,8.3406,5.5588,5.5799,5.5932,26.619,27.009,35.886,22.795,18.242,12.557,10.777,16.674,11.778,10.403,11.11,8.0211,8.0104,12.084,10.19,5.134,0.64632,3.726,1.3012,6.8349,9.153,13.687,14.788,2.3128,4.8171,3.6064,2.6743,33.796,41.144,42.007,54.311,36.809,65.09,20.165,37.75,32.517,25.751,25.13,34.922,34.281,21.664,11.92,15.515,0.81227,0.22961,74.617,77.579,37.753,27.16,7.4367,22.817,18.436,8.6367,9.9952,9.4664,0.25342,0.09678,0.080085,1.799,1.8433,4.7706,3.9229,2.2073,2.6091,2.3135,7.9946,2.1473,1.9554,4.2974,2.517,3.7672,3.6668,4.0276,5.778,4.779,5.4442,5.2707,5.1955,5.3239,7.2713,9.3747,4.9384,4.664,2.3564,6.094,2.809,7.0739,6.7055,9.6358,10.696,10.117,0.38585,0.22634,0.1387,0.0074322,0.024385,0.024976,0.035407,3.4975,1.438,1.6691,1.9873,5.3818,5.7485,42.69,32.536,19.959,26.118,0.0072059,0.038805,0.40206,0.68037,1.58,0.11675,0.73562,0.69995,0.42323,0.56713,0.76759
0.062291,31.92,2.3135,16.39,25.814,21.389,10.606,8.564,1.5758,0.88469,0,2.8192,65.17,126.9,89.866,50.351,62.484,37.819,32.69,18.447,3.0229,1.9456,11.15,10.835,13.553,8.7268,8.6878,2.0067,2.0065,0.28872,6.3915,19.417,21.729,23.848,3.5429,19.293,2.6395,2.0582,16.627,1.5966,2.9447,4.8579,4.5629,8.574,23.38,14.225,10.083,17.933,3.9305,4.2276,3.6838,2.3753,2.6746,3.7549,2.8385,3.5363,7.7945,21.191,11.736,19.039,26.414,19.962,46.555,29.259,38.072,42.679,48.807,49.59,34.955,17.972,3.3196,20.808,12.936,5.9607,9.8849,3.5512,1.1854,5.7477,0.53232,2.8299,0.013859,2.3763,0.69428,1.5511,1.986,1.9873,115.66,100.24,87.334,53.743,51.327,48.31,41.646,27.151,18.805,33.118,26.361,28.104,37.173,35.652,21.646,10.028,9.2587,3.3409,6.6213,22.51,4.837,0.059284,0.78803,0.22545,0.34982,0.48276,0.91066,11.605,11.063,9.3048,10.22,14.699,19.527,6.6838,7.7385,8.1364,9.5989,8.6304,2.0275,1.5086,2.1275,2.0092,2.0536,2.3058,2.1154,1.5922,1.6495,1.2752,2.1759,3.6884,2.3229,2.2628,13.354,14.166,13.652,6.3961,9.7249,9.5937,7.4007,6.6619,6.5132,22.377,22.111,27.696,19.467,15.148,7.031,5.688,10.122,6.3046,5.2463,5.8021,9.2872,11.252,18.847,14.895,10.277,0.27282,2.189,0.84816,8.8868,11.753,21.438,16.953,1.0288,4.7013,3.4554,2.9877,42.4,51.65,47.887,61.673,32.041,60.236,13.927,35.527,27.623,24.279,24.175,31.888,32.88,13.99,6.7265,15.669,0.81534,1.6229,90.253,93.185,49.524,37.34,9.393,32.661,22.191,14.152,16.757,16.011,1.6434,0.87711,0.70277,4.8026,5.2322,9.5793,8.4559,5.7246,6.5323,4.9137,13.819,4.6907,5.0752,8.8068,6.1435,7.8685,8.071,8.4973,2.2165,1.7317,2.0818,2.0189,1.9245,2.011,3.2632,12.589,2.7377,1.8941,0.86922,2.8475,0.69416,11.571,5.45,15.68,17.705,12.264,1.865,1.6961,1.5252,0.83091,0.69676,0.80293,0.69214,4.0612,4.3438,4.6923,4.805,2.0559,2.2498,40.721,29.896,13.726,17.741,0.92435,0.91722,1.6199,2.5273,1.5889,1.1083,3.0959,1.7836,2.1064,2.1824,1.6358
2.8303,24.061,3.5807,8.0393,36.526,37.876,17.531,20.754,4.377,0.55731,2.8192,0,42.81,99.472,62.56,38.25,39.96,19.992,20.991,6.8791,1.326,0.088326,3.9572,3.723,4.8256,1.7235,1.7682,8.9107,9.3882,3.1457,6.7836,29.957,31.048,24.643,11.963,17.587,10.835,9.6789,11.398,6.7538,3.2134,1.4637,9.9923,1.8634,10.803,4.6227,11.305,6.5477,4.5936,5.0427,5.9919,4.7429,5.1785,6.2522,5.3745,2.3615,2.1415,16.916,11.192,8.4014,13.599,8.2638,26.543,14.162,24.069,26.844,64.588,66.712,51.417,29.828,10.047,32.477,25.739,15.747,21.71,12.666,7.3259,1.1849,2.0171,11.102,2.7118,2.4457,1.4449,0.24409,0.13898,0.13051,86.469,74.016,62.578,41.836,38.333,37.29,29.91,18.572,7.5751,16.773,18.527,13.124,19.629,18.435,15.185,2.506,9.4176,0.38757,0.8032,9.4643,0.69363,3.5373,0.65571,1.4884,1.1828,1.0018,0.53537,4.1939,3.7342,2.5256,3.5044,4.8322,9.1773,0.94523,1.3813,1.6264,2.0264,1.8188,9.1978,7.9886,9.2759,9.0882,9.3968,9.7459,9.2558,7.5178,8.4634,7.709,9.01,12.263,8.9115,9.9802,12.354,13.638,12.07,6.3911,8.6603,9.4534,6.0439,6.6734,6.8142,32.448,33.292,44.544,27.864,22.98,18.388,16.227,23.318,17.458,15.75,16.64,9.1072,7.4747,8.5123,8.4934,2.3468,2.0526,5.7477,2.639,5.7414,7.5321,9.0778,13.242,4.2681,5.5307,4.4386,3.2066,27.141,33.082,36.948,47.922,43.306,72.297,26.972,42.456,38.977,29.58,28.556,40.146,38.291,29.17,17.564,17.786,2.2808,0.27543,62.634,65.497,29.234,19.998,6.3804,16.294,15.587,5.1206,6.1201,5.4304,0.29299,0.64585,0.91332,0.91982,0.5294,2.4629,1.7581,0.56975,0.80009,1.1797,4.4009,1.0714,0.5575,1.81,0.75708,1.5525,1.3655,1.6107,9.6681,8.2095,9.1349,8.8548,8.8232,8.9767,11.429,8.9368,7.459,7.79,5.0158,10.196,5.55,5.357,8.2488,6.6026,6.3957,8.783,0.3242,0.22305,0.22948,0.63572,0.77849,0.62225,0.81222,3.7603,0.26658,0.38257,0.75799,9.0382,9.5527,47.326,37.41,26.751,34.285,0.56355,0.65857,0.52209,0.2996,2.4777,0.49239,0.043023,0.85986,0.21497,0.3672,1.0817
63.513,21.464,51.883,17.871,153.18,160.73,112.17,120.85,74.176,52.493,65.17,42.81,0,16.515,2.1744,15.789,0.41183,10.007,10.641,17.552,41.433,45.758,40.607,40.3,35.028,27.559,27.217,81.074,85.153,68.841,75.217,141.56,141.3,108.97,98.944,89.266,93.472,87.971,65.591,83.516,65.931,49.446,69.485,35.503,28.984,28.331,49.336,18.471,48.25,48.676,55.124,56.343,56.668,55.908,56.676,42.155,27.977,30.209,42.287,13.786,8.7422,13.553,6.3412,9.0938,6.5659,3.975,206.7,212.18,186.75,143.1,94.329,147.78,134.8,109.94,125.09,95.702,83.91,43.676,63.404,89.718,63.972,63.081,53.27,47.079,44.913,44.96,8.0904,5.5349,2.6701,18.003,13.578,18.192,13.211,17.766,14.409,8.2677,19.804,14.38,7.6141,12.75,22.98,24.601,44.971,46.45,33.669,19.438,43.303,69.034,53.523,59.063,56.64,56.078,52.268,40.21,39.229,37.985,41.599,19.304,13.703,31.033,28.814,27.775,27.46,26.983,83.096,79.641,82.549,82.418,84.503,84.27,82.527,75.5,81.762,80.544,80.107,89.377,78.158,87.107,82.244,86.101,79.836,73.224,74.878,79.313,68.398,73.903,75.032,145.11,148.49,174.66,134,124.21,114.83,109.13,126.16,110.97,105.32,108.67,78.496,63.231,36.477,55.112,28.495,58.284,61.908,56.229,33.097,29.255,24.82,31.25,62.053,48.507,49.797,47.3,4.9232,1.3893,18.25,16.291,165.27,210.09,137.67,153.95,158.43,129.68,125.61,153.71,143.62,138.33,113.76,101.35,64.774,46.458,2.4742,2.5918,2.6877,5.6693,33.411,12.927,22.641,18.604,26.846,19.558,46.285,51.061,56.109,45.46,39.584,35.815,35.022,33.531,34.819,34.528,19.947,35.082,34.195,27.077,32.184,28.15,29.739,28.057,84.724,78.824,81.962,80.538,81.305,81.525,87.203,66.682,67.101,74.659,77.019,94.311,71.541,48.856,56.561,38.31,20.114,31.607,45.032,46.204,47.399,53.488,54.716,52.157,55.093,44.599,36.591,35.45,34.585,81.507,83.354,160.37,147.66,137.15,150.29,52.888,54.004,46.251,42.059,51.427,49.449,40.874,45.837,44.012,43.503,47.005
123.32,38.355,101.29,52.144,256,251.33,200.37,197.67,145.36,112.01,126.9,99.472,16.515,0,13.692,22.356,21.608,52.187,31.085,64.053,90.789,102.69,104.68,104.01,96.301,77.338,76.218,141,147.97,134.66,153.05,238.6,240.87,205.45,172.3,178.47,162.13,153.14,144.98,155.31,136.98,114.63,118.55,94.108,88.46,84.45,85.942,65.918,93.89,93.76,101.96,106.08,105.8,102.75,105.46,89.305,73.069,54.7,76.275,50.388,39.991,53.718,43.222,47.999,25.987,22.987,324.03,329.1,293.16,237.67,170.15,245.56,220.79,187.65,207.3,161.67,152.06,105.99,128.55,153.04,124.75,132.2,108.91,103.57,100.68,100.83,3.4606,3.0908,5.9375,22.162,20.347,25.245,25.777,39.416,54.895,47.164,41.495,60.851,46.249,58.23,48.124,71.463,82.143,107.68,88.201,70.19,104.31,132.45,113.54,120.18,116.57,116.62,111.7,104.25,102.32,99.124,105.84,64.692,48.223,81.786,78.364,76.237,78.709,75.251,144.29,140.4,143.03,143.21,146.62,145.31,143.03,133.55,143.43,142.95,138.93,149.75,135.5,150.47,166.75,172.21,163.68,150.41,154.97,160.79,144.63,151.54,152.91,245.12,247.84,273.16,231.59,217.57,189.92,182.59,202.94,183.07,174.71,180.01,159.52,139.55,100.51,129.02,81.884,115.91,113.27,110.48,71.4,64.188,80.466,59.725,116.57,92.712,96.473,95.034,22.756,18.763,25.528,17.022,272.86,334.9,224.88,263.4,262.55,230.4,225.68,261.16,250.56,216.19,190.34,192.28,131.39,102.27,15.365,12.26,32.527,40.685,70.844,58.384,47.348,59.845,82.795,66.988,101.86,108.33,117.87,108,98.049,95.468,93.11,85.88,90.508,82.434,65.131,83.423,85.185,76.118,83.402,76.504,81.686,78.202,146.4,138.28,142.21,140.1,141.65,141.73,147.31,145.07,118.81,131.41,146.32,167.77,130.8,118.17,100.66,102.69,69.559,65.361,99.648,102.19,104.27,113.71,115.34,110.66,116.02,90.032,89.44,87.521,84.181,141.55,143.96,272.91,253.5,224.05,232.04,113.01,115.07,100.62,95.342,102.96,106.22,95.851,98.652,98.699,97.091,99.731
88.128,36.114,75.007,32.433,185.46,197.74,140.91,153.9,99.039,74.441,89.866,62.56,2.1744,13.692,0,26.592,2.536,16.574,22.058,29.585,62.007,66.34,56.74,56.495,49.787,43.579,43.294,109.25,113.79,93.649,98.138,173.57,172.31,132.6,128.68,110.6,122.92,116.86,83.707,110.42,88.614,68.866,96.181,51.945,40.399,42.239,72.174,30.678,70.781,71.328,79.094,80.419,80.85,80.04,80.879,63.136,45.068,48.087,63.556,26.427,19.407,25.35,10.927,17.944,15.982,11.808,243.61,250.24,224.04,176.2,122.66,180.78,168.55,140.94,157.92,125.89,111.59,62.036,87.019,119.13,88.545,85.555,76.07,68.126,65.482,65.522,3.9831,4.0201,2.5288,28.926,23.617,29.933,24.443,31.888,26.616,16.046,34.568,23.478,14.356,19.906,38.99,40.12,66.906,66.173,50.8,30.282,61.999,94.329,75.648,82.41,79.593,78.774,74.173,56.155,55.226,54.417,58.145,32.778,26.551,48.16,45.385,44.194,43.019,43.139,111.52,107.47,110.94,110.76,113.1,112.93,110.91,102.8,109.89,108.36,108.2,119,106.01,116.05,104.1,108.39,101.17,95.79,96.589,101.85,89.784,96.492,97.875,176.78,181.1,212.13,164.18,153.83,147.13,140.69,160.07,143.03,136.77,140.45,100.99,82.537,49.908,72.115,43.788,82.007,87.04,79.897,52.212,47.381,36.347,49.69,86.971,71.154,72.624,69.49,13.229,6.8403,30.065,25.562,198.11,243.95,171.65,183.1,191.28,157.26,152.38,183.97,171.42,173.97,145.64,126.01,88.4,67.458,0.056869,0.052752,6.8994,12.515,52.625,20.813,38.52,32.715,39.862,32.457,67.277,73.048,78.563,64.409,57.75,51.929,51.465,51.19,52.046,53.323,33.802,53.984,52.375,43.089,49.622,44.733,46.057,44.185,113.4,106.62,110.27,108.65,109.48,109.76,116.46,86.135,93.239,101.9,103,123.13,97.941,65.932,80.899,52.829,32.425,50.347,65.842,67.099,68.463,75.563,77.037,74.212,77.453,66.297,55.186,53.83,53.144,109.75,111.88,189.31,177.24,171.11,187.17,74.819,76.041,67.437,62.252,74.266,71.096,60.391,67.143,64.522,64.057,68.627
47.522,2.3402,32.523,11.647,146.89,132.21,105.22,93.466,65.77,43.815,50.351,38.25,15.789,22.356,26.592,0,19.75,32.09,3.2225,27.364,29.23,39.045,51.646,50.896,47.902,28.51,27.442,55.135,59.998,56.684,77.127,131.79,136.2,122.46,78.37,103.93,70.278,63.823,82.181,69.803,63.574,52.019,39.806,41.689,49.984,39.856,21.468,28.48,27.821,27.504,31.512,34.543,34.125,31.839,33.822,27.201,22.497,7.5126,16.937,14.676,11.309,19.415,30.155,22.352,4.0465,5.6225,197.89,199.84,168.94,128.48,79.525,135.78,112.11,88.99,102.23,68.464,65.362,47.15,54.124,62.744,48.805,59.903,39.363,38.735,37.39,37.531,26.205,17.928,15.347,0.12046,0.088305,0.10785,0.57659,3.5939,19.351,24.543,3.852,32.448,26.622,35.573,6.0244,24.845,20.062,45.291,34.947,35.699,44.881,53.75,44.708,47.602,45.426,46.037,43.647,51.753,49.935,46.044,51.594,24.242,12.493,29.573,28.044,26.643,30.782,26.451,57.36,55.287,56.387,56.635,58.971,57.781,56.402,50.668,57.216,57.415,53.593,59.684,51.242,61.509,92.025,95.818,90.582,75.666,81.844,84.97,73.474,76.603,77.193,138.49,138.73,150.59,129.81,118.54,88.306,83.491,96.307,82.92,77.023,80.876,83.942,74.233,55.103,70.854,34.124,43.218,38.309,38.868,16.963,13.46,42.714,9.8666,41.355,26.709,29.29,29.359,4.3782,8.5612,0.12169,0.57404,160.85,215.34,115.21,161.3,151.46,135.1,132.82,156.49,152.96,104.4,89.499,107.9,56.525,37.754,28.577,26.691,22.43,21.75,16.369,33.676,5.7384,18.724,40.764,27.601,37.432,40.634,47.638,47.435,40.806,43.691,40.829,31.73,36.668,26.289,23.659,26.858,29.934,27.515,30.183,26.475,31.429,28.972,58.632,53.598,55.875,54.515,55.66,55.619,58.321,78.779,40.921,49.024,64.077,76.405,50.114,61.055,29.916,54.127,31.284,13.223,35.994,37.926,39.285,44.96,45.791,42.441,46.277,26.369,32.514,31.412,28.244,55.453,56.905,170.59,151.16,114.53,115.67,44.699,46.198,35.971,33.789,34.419,39.616,35.746,34.09,35.872,34.438,34.301
61.145,24.445,51.006,17.814,144.96,155.63,105.74,117.31,69.882,49.611,62.484,39.96,0.41183,21.608,2.536,19.75,0,6.8892,12.322,14.838,40.026,43.037,35.706,35.476,30.324,25.117,24.922,79.436,83.112,65.469,69.36,134.28,133.37,100.02,95.304,81.098,90.588,85.574,58.449,79.548,61.202,45.047,69.421,31.617,23.886,24.342,50.622,15.629,47.901,48.45,54.872,55.608,56.062,55.689,56.135,41.218,26.575,32.552,43.696,12.919,8.3878,11.889,3.725,7.0265,8.0019,5.1477,196.94,202.74,178.96,136.48,89.962,140.58,129.81,105.81,120.56,93.441,80.738,39.551,59.896,87.753,61.426,58.643,51.242,44.533,42.392,42.419,10.848,8.4605,4.8937,22.408,17.343,22.267,16.221,19.809,12.776,5.9756,21.975,11.051,5.1487,9.1832,24.814,22.56,45.968,42.801,30.636,15.734,39.476,66.182,50.592,56.2,53.898,53.176,49.392,35.276,34.47,33.657,36.756,17.087,13.241,28.656,26.528,25.646,24.666,24.832,81.291,77.785,80.861,80.665,82.574,82.539,80.834,74.002,79.811,78.4,78.643,87.967,76.901,85.033,75.003,78.673,72.601,67.403,68.373,72.741,62.494,68.011,69.151,137.25,140.94,168.29,126.24,117.07,111.43,105.86,122.81,108.04,102.73,105.82,71.994,56.874,31.014,48.688,25.272,56.106,61.116,54.625,33.301,29.836,20.41,33.019,60.667,48.432,49.331,46.516,6.4007,2.3439,22.301,20.943,156.33,198.39,132.52,143.92,150.1,120.83,116.7,144.26,133.74,135.15,110.01,93.589,61.014,44.021,2.5459,3.1975,1.2155,3.8542,33.788,9.5183,24.524,17.242,22.698,16.865,43.886,48.578,52.944,41.42,36.086,31.678,31.227,30.988,31.606,32.998,17.846,33.498,31.999,24.762,29.791,26.074,26.984,25.574,82.889,77.188,80.296,78.95,79.594,79.852,85.764,59.996,66.459,73.376,73.29,90.459,69.645,43.243,56.862,33.015,16.946,32.523,42.761,43.713,44.79,50.512,51.721,49.474,52.054,44.11,34.159,33.108,32.711,79.863,81.672,149.76,138.34,132.05,146.7,49.896,50.873,44.103,39.889,50.12,46.982,38.267,43.984,41.666,41.357,45.234
37.629,29.42,34.072,12.704,93.711,109.83,64.249,80.927,39.656,27.203,37.819,19.992,10.007,52.187,16.574,32.09,6.8892,0,16.37,3.5051,24.018,22.62,12.7,12.664,9.4332,10.47,10.708,54.594,56.428,38.386,35.955,86.49,84.455,55.517,62.098,41.631,60.217,57.429,25.834,48.252,31.826,20.237,51.421,11.685,5.2212,6.7509,41.234,3.6847,33.365,34.195,39.132,38.14,38.913,39.89,39.182,26.35,14.278,31.965,36.386,7.1319,6.4135,4.326,0.61873,1.2373,13.351,11.293,135.61,141.25,123.85,89.737,55.815,92.007,87.841,69.626,81.11,64.375,51.285,16.785,33.625,60.501,37.36,30.467,30.792,24.208,22.657,22.626,34.965,30.39,23.015,36.106,29.834,33.992,24.919,22.2,4.8822,0.56934,24.116,0.77152,0.26078,0.16595,24.506,9.7878,36.57,20.184,12.832,2.3479,17.352,40.328,27.832,32.373,30.895,29.909,27.052,12.36,12.084,12.254,13.507,5.8942,8.5921,13.052,11.819,11.625,9.3261,11.017,55.625,52.585,55.622,55.262,56.311,56.878,55.581,50.562,53.97,52.241,54.472,62.357,53.676,57.922,38.092,40.674,36.256,34.495,34.078,37.35,30.559,34.837,35.747,87.848,91.59,117.72,78.776,72.262,76.311,71.942,86.138,74.742,71.23,73.066,36.884,25.624,8.9885,19.656,8.7809,34.176,42.334,34.675,24.24,23.085,3.9343,29.915,40.124,34.69,34.088,30.882,13.066,10.284,33.87,37.219,102.11,133.79,89.756,89.917,97.895,72.455,68.991,91.034,81.674,97.245,74.171,51.949,33.888,24.109,15.87,18.44,2.3385,1.0355,25.199,0.25682,24.516,8.2362,5.5217,4.6859,24.111,27.466,29.052,18.316,15.628,11.253,11.595,14.268,13.095,18.462,6.6366,18.67,15.885,10.548,13.807,12.058,10.97,10.677,56.853,52.755,55.222,54.346,54.507,54.832,60.438,27.487,47.116,50.711,43.769,57.517,45.822,16.854,42.585,10.399,3.8018,26.242,23.608,23.733,24.236,27.653,28.539,27.619,28.684,29.989,16.817,16.294,17.275,54.931,56.309,94.04,86.285,89.47,106.09,27.142,27.538,24.963,21.73,32.047,26.284,19.361,25.705,22.579,22.894,26.896
30.756,2.1699,20.164,3.0495,112.53,105.7,76.455,71.978,43.612,26.085,32.69,20.991,10.641,31.085,22.058,3.2225,12.322,16.37,0,11.818,15.838,22.001,29.312,28.766,26.353,13.031,12.361,39.782,43.446,37.096,50.96,100.12,102.89,87.587,57.183,71.613,51.242,46.237,53.277,48.197,40.582,30.51,29.085,22.124,27.919,20.442,15.167,12.549,17.033,17.034,20.741,22.414,22.335,21.134,22.208,15.042,9.723,5.0087,11.252,4.1596,2.5598,6.8305,16.173,9.1564,0.49016,1.6089,158.44,161.07,134.91,98.441,56.562,104.15,86.48,66.22,78.043,51.033,45.833,26.588,34.365,46.268,31.553,37.759,23.859,22.096,20.903,20.991,28.666,20.407,15.636,4.555,2.8975,3.4838,1.081,0.90805,6.7803,10.909,1.412,15.703,12.685,18.503,2.4329,10.566,13.115,25.816,17.633,17.609,25.088,35.524,26.81,29.681,27.912,28.122,25.942,29.36,28.02,25.251,29.35,9.8291,3.0675,14.081,12.903,11.964,14.402,11.758,41.503,39.391,40.86,40.935,42.737,42.09,40.86,35.859,41.003,40.718,38.739,44.715,37.004,44.814,62.195,65.394,60.859,49.661,54.085,56.882,47.443,50.394,50.973,105.23,106.18,120.46,97.105,87.642,67.338,63.005,75.194,63.301,58.46,61.508,56.057,47.302,31.675,44.135,16.601,27.138,25.835,24.391,8.3032,6.0177,22.544,5.6721,27.269,16.661,18.123,17.419,1.1297,4.3539,3.4196,5.9802,124.42,171.02,89.089,122.45,116.71,99.812,97.514,119.06,114.76,83.476,67.638,76.13,36.065,21.423,23.279,22.899,11.693,9.6032,8.1702,16.919,2.3036,6.5761,21.064,11.965,21.211,24.007,29.034,27.009,22.021,23.484,21.513,15.688,18.835,12.862,9.5021,13.265,14.763,12.389,14.596,11.916,15.026,13.36,42.645,38.319,40.424,39.313,40.107,40.159,43.334,50.907,28.692,34.821,43.295,54.788,34.354,36.579,20.618,30.976,14.431,6.6043,20.16,21.465,22.468,26.945,27.681,25.244,28.039,15.336,16.617,15.802,13.903,40.075,41.371,130.16,114.23,88.55,93.382,26.669,27.76,20.413,18.344,20.914,23.091,19.203,19.331,19.881,18.995,19.716
18.227,20.283,15.919,4.9329,67.138,76.046,41.365,51.457,20.739,11.352,18.447,6.8791,17.552,64.053,29.585,27.364,14.838,3.5051,11.818,0,9.2768,8.4117,4.9646,4.8191,3.3368,1.8593,1.9652,30.435,31.851,19.158,20.118,59.849,59.338,40.074,36.81,28.733,34.971,32.685,16.542,26.65,15.819,8.1784,28.46,3.143,3.4753,1.4249,22.546,0.013684,15.736,16.365,19.664,18.736,19.324,20.204,19.54,10.907,3.8971,19.05,19.611,2.1007,3.6446,0.68052,6.3969,1.4486,11.406,11.439,103.86,107.94,90.822,61.467,32.59,64.1,58.087,42.966,52.308,37.947,28.383,5.94,15.946,34.922,18.083,14.601,13.522,9.3459,8.3837,8.3691,49.404,41.515,32.71,31.045,26.145,28.043,20.048,14.111,0.71136,2.2159,15.171,1.195,3.2765,3.1189,14.138,1.6402,19.132,7.4361,3.0749,0.74074,5.964,20.275,11.779,14.764,13.728,13.131,11.252,4.8748,4.4608,3.9078,5.2304,0.3792,3.1341,3.0302,2.4544,2.3857,1.4387,2.1165,31.217,28.952,31.206,30.941,31.747,32.153,31.176,27.443,29.995,28.737,30.342,36.294,29.761,32.984,24.165,26.277,22.968,19.086,20.022,22.294,16.663,19.429,20.017,61.884,64.318,83.884,54.629,48.571,47.72,44.219,55.506,46.248,43.36,44.901,21.852,14.519,4.869,11.462,1.4032,15.811,21.633,16.143,10.659,10.588,1.7626,16.533,19.936,16.803,16.138,13.86,12.493,13.501,27.838,34.125,75.119,106.67,59.778,68.006,70.643,52.018,49.582,67.5,61.394,64.379,46.248,34.727,16.299,9.2626,29.305,31.806,8.1117,3.6524,11.425,2.231,14.293,1.5689,1.3789,0.086472,9.2572,11.402,12.685,6.6988,4.7676,3.2267,3.0151,3.6466,3.292,6.0004,0.59537,6.0969,4.4674,1.8959,3.4004,2.5902,2.1165,1.9486,32.143,29.065,30.905,30.248,30.373,30.614,34.833,16.333,25.093,27.567,23.216,33.468,23.99,8.2333,22.426,4.8476,0.13517,12.838,8.9295,9.039,9.3789,11.682,12.268,11.553,12.382,13.46,4.9778,4.6872,5.2519,30.687,31.722,72.643,63.534,59.501,71.827,11.358,11.679,9.7625,7.7814,14.428,10.639,6.4407,10.233,8.3073,8.4837,10.994
2.4952,16.098,0.89962,5.3803,45.086,40.199,23.57,21.035,7.3509,1.5677,3.0229,1.326,41.433,90.789,62.007,29.23,40.026,24.018,15.838,9.2768,0,1.0483,9.4677,9.0886,10.226,2.9711,2.7501,6.7013,7.8005,4.5258,12.81,36.909,39.304,35.93,12.975,27.905,10.578,8.6694,20.474,8.816,7.3162,5.5436,5.2914,5.5539,17.456,8.9222,4.9075,9.1377,1.0926,1.3089,2.0806,1.6527,1.8466,2.2546,1.9261,0.14996,1.3967,9.5178,4.8449,7.4785,12.118,8.8714,30.03,15.971,19.682,23.184,75.045,76.428,58.372,35.452,12.562,39.125,28.417,17.4,23.737,11.199,7.8715,4.9665,3.835,9.2507,2.6927,6.0752,0.82372,0.82118,0.7538,0.78018,82.07,68.886,58.438,32.024,29.785,27.913,22.474,12.331,8.0599,19.156,11.954,17.089,22.489,23.143,8.987,3.141,3.676,3.1095,2.8917,13.786,3.9,3.9276,1.7215,2.2295,1.778,1.9202,1.5418,9.7938,9.0202,6.9877,8.8436,6.1194,7.5136,1.8931,2.2638,2.2616,3.966,2.5364,7.2342,6.2166,7.1144,7.0501,7.6233,7.6148,7.1054,5.2118,6.805,6.4408,6.5106,9.4117,6.0928,8.3987,20.972,22.506,20.763,12.414,16.02,16.79,12.411,12.818,12.895,40.483,40.622,49.009,35.966,30.108,18.551,16.293,23.124,16.841,14.641,15.945,16.329,14.984,15.46,16.51,5.0767,1.5359,2.5798,1.1331,1.8558,3.1589,14.513,6.747,2.1699,1.5337,1.0922,0.52208,22.87,30.204,27.599,37.96,53.005,86.654,29.894,54.698,47.621,40.026,39.237,51.189,50.501,28.377,18.403,26.841,4.5347,0.67219,62.626,64.58,30.792,21.707,2.1794,20.602,9.3272,4.8111,10.847,7.6435,0.62383,0.95443,2.3308,4.4527,3.2517,6.6465,5.2914,1.7145,3.1867,0.37056,5.4212,0.3367,1.0112,2.8388,1.6784,2.0666,3.1088,2.9113,7.7159,6.0583,6.9497,6.5689,6.7387,6.818,8.6876,16.994,3.8578,5.1179,6.8162,11.733,4.0893,11.947,3.3114,13.073,9.5344,3.7236,0.46261,0.73076,0.91322,1.7889,1.9228,1.2688,2.0264,0.64383,1.06,1.0559,0.58701,6.8255,7.3578,60.618,48.329,29.593,33.998,1.7664,2.0871,0.38312,0.36571,0.59329,0.83143,0.98493,0.18715,0.53569,0.33172,0.2121
