0,4.9684,16.826,16.734,53.649,108.02,144.75,32.573,10.654,144.16,182.43,169.3,145.31,111.62,80.955,85.497,53.602,68.061,67.678,64.855,95.331,75.371,106.4,107.58,111.5,76.606,77.821,70.124,78.584,36.922,58.217,4.396,5.3923,27.778,43.558,22.527,37.091,37.176,13.999,301.33,305.09,242.1,193.8,201.51,95.544,126.57,76.565,59.648,68.587,18.416,18.716,26.012,13.348,5.6173,34.672,19.814,8.5699,15.505,15.213,16.281,143.84,142.22,158.77,186.83,149.36,173.44,148.01,169.72,104.42,137.89,145.69,73.637,78.112,62.087,65.094,75.481,78.865,65.133,53.596,53.319,53.462,64.686,66.14,67.458,68.114,68.26,68.777,68.177,72.704,69.424,111.44,111.94,103.68,105.23,110.73,114.31,105.73,75.044,76.986,72.355,86.521,76.527,81.317,75.482,72.204,60.843,48.864,40.034,55.921,58.416,43.737,49.654,46.417,47.284,20.497,37.598,33.335,38.401,36.919,30.899,34.303,26.315,354.12,280.47,290.77,318.08,162.17,188.16,51.469,58.385,18.32,45.906,55.689,83.031,27.733,29.143,16.577,15.721,33.727,28.313,26.848,37.365,134.35,147.25,148.44,134.05,180.47,143.41,142.05,170.83,178.33,138.02,181.18,159.02,162.21,149.62,111.1,73.432,67.583,71.697,84.151,67.891,73.813,72.885,61.438,65.536,67.084,67.303,76.09,76.107,79.503,96.802,73.45,64.857,108.68,107.34,106.95,109.39,111.92,73.898,123.31,100.69,74.845,73.508,75.372,74.145,74.325,76.703,52.532,72.84,45.338,73.911,68.872,69.398,62.888,50.637,48.532,44.065,44.368,35.608,74.547,56.252,55.418,50.631,53.812,53.93,68.05,67.436,68.804,60.356,81.648,47.627,47.34,182.53,193.39,185.23,202.22,73.497,72.673,72.214,72.878,72.399,72.27,53.715,53.586,54.063,55.415,69.164,67.37,47.306,46.841,68.389,73.797,71.003,73.632,73.044,72.955
4.9684,0,8.7267,7.3745,26.539,74.579,98.882,12.546,1.0754,100.77,131.11,122.03,99.172,69.755,45.855,50.505,26.221,42.551,40.98,39.635,64.506,46.869,65.418,66.333,69.467,42.857,43.719,38.057,44.271,16.868,33.031,3.9558,10.7,11.413,19.12,7.8702,15.296,15.424,2.5542,234.49,235.95,180.28,142.02,149.05,63.823,85.862,42.569,30.715,36.794,5.0326,5.0481,9.2591,8.3994,0.58289,15.008,7.384,1.0642,3.1901,2.8909,3.2649,99.905,98.401,115.11,131.6,103.55,124.18,103.05,118.94,68.408,94.403,98.377,40.513,45.202,32.314,34.416,42.213,44.76,34.515,26.291,26.185,26.263,39.857,40.943,41.339,41.786,41.504,42.589,42.158,44.918,42.33,69.397,70.777,63.327,64.562,68.88,71.686,65.021,41.69,43.109,39.668,50.14,42.598,46.296,41.935,39.348,31.041,28.591,18.852,27.871,34.31,22.041,26.085,23.84,24.5,5.2971,15.234,13.75,15.796,14.817,12.77,18.071,9.4721,283.77,218.13,222.32,247.35,111.69,132.58,24.817,30.712,5.5879,20.829,28.2,47.509,12.179,10.045,4.498,3.3211,14.63,10.671,8.762,16.433,92.022,101.6,102.01,93.265,129.1,97.361,97.185,120.26,124.41,94.609,129.85,109.75,111.89,100.7,73.146,46.957,36.571,39.552,49.974,37.126,41.01,40.3,37.517,40.39,41.403,41.438,47.428,47.619,50.584,63.744,45.972,38.859,67.343,66.226,65.927,67.836,69.81,43.875,79.008,61.217,41.501,40.423,41.814,40.862,41.089,42.772,31.56,40.133,26.006,40.689,36.916,39.026,37.566,27.89,26.627,22.603,20.651,15.315,41.435,28.22,27.528,24.21,26.466,26.549,41.942,41.804,42.466,34.355,49.488,24.729,24.542,129.49,139.59,132.48,146.74,40.731,40.108,39.688,40.236,39.92,39.792,26.347,26.258,26.636,27.433,43.054,41.234,24.504,24.276,36.749,41.054,38.907,40.825,40.383,40.284
16.826,8.7267,0,0.19473,36.139,107.69,116.74,22.639,8.7841,126.94,152.75,149.87,116.31,73.265,42.732,62.789,33.467,71.304,66.676,66.995,96.97,73.197,65.129,65.435,69.901,36.285,37.498,32.208,38.186,34.197,55.647,23.922,9.3449,29.222,22.952,23.725,24.597,12.446,5.417,260.85,255.23,195.19,168.32,177.03,94.384,110,39.774,24.156,41.471,18.064,17.424,5.6238,0.50036,13.669,7.426,26.045,4.0538,5.6501,6.9375,9.0011,124.18,122.07,147.83,136.64,124.83,147.91,126.44,134.16,92.959,116.49,110.15,44.909,59.084,39.902,41.21,49.965,52.511,41.968,34.231,34.87,34.762,67.998,69.185,68.305,68.686,67.455,70.249,69.829,71.285,68.226,69.335,80.753,64.08,65.827,69.845,71.948,67.399,35.327,36.825,33.897,44.956,38.595,40.267,36.407,36.637,31.375,56.021,36.08,23.41,59.876,41.688,45.853,43.488,44.375,11.781,19.003,27.811,21.149,16.932,28.907,42.866,23.304,319.47,250.35,236.44,266.67,121.79,136.36,32.894,44.824,21.041,27.201,39.227,50.808,32.248,14.385,19.007,13.932,6.6161,6.1714,11.505,9.226,115.77,122.09,120.25,121.45,149.33,113.38,117.08,137.32,128.99,117.04,150.7,123.54,122.94,106.38,96.097,76.837,46.062,48.585,64.733,48.675,49.129,48.279,65.576,68.363,69.151,68.901,73.821,74.461,78.509,91.758,73.577,64.347,69.737,67.552,67.5,69.08,70.486,64.824,81.516,65.683,35.587,35.686,36.787,36.528,35.515,38.067,60.042,33.29,52.891,36.365,34.168,54.441,63.346,50.882,50.056,43.265,13.591,29.946,48.508,36.599,35.025,32.063,34.608,34.69,69.322,69.888,69.791,56.415,69.758,44.59,44.427,143.95,158.38,150.2,164.15,48.505,47.808,46.701,47.728,47.761,47.356,34.041,33.964,34.712,33.99,71.143,68.099,44.345,44.38,42.678,49.611,46.955,48.543,48.077,47.694
16.734,7.3745,0.19473,0,31.051,98.787,107.6,18.655,6.7957,117.22,142.27,139.32,107.21,66.475,37.835,56.091,28.613,64.217,59.755,60.12,88.573,65.906,58.933,59.267,63.448,32.018,33.131,28.13,33.768,29.354,49.338,21.986,10.869,24.928,18.984,19.942,20.416,9.7224,3.6946,247.26,242.1,183.78,157.22,165.62,86.065,100.97,35.02,20.676,36.196,14.823,14.213,3.7977,1.1143,11.792,5.5882,22.296,2.9627,3.8325,4.9313,6.6817,114.6,112.58,137.29,127.47,115.29,137.52,116.8,124.52,84.645,107.24,101.49,39.449,52.539,34.615,35.868,44.085,46.494,36.558,29.307,29.886,29.789,61.095,62.21,61.329,61.684,60.494,63.18,62.786,64.107,61.217,62.939,73.315,57.863,59.498,63.359,65.417,60.932,31.1,32.502,29.709,40.092,33.994,35.726,32.049,32.06,26.94,49.95,31.064,19.828,53.396,36.302,40.145,37.958,38.784,9.0145,15.382,23.431,17.301,13.549,24.521,37.769,19.401,304.21,236.81,224.04,253.28,112.81,127.29,28.061,39.111,17.621,22.827,33.908,45.084,27.82,11.232,15.805,11.139,4.9223,4.3014,8.7068,7.1359,106.51,112.67,110.97,111.92,139.01,104.43,107.87,127.5,120.1,107.77,140.31,114.32,113.87,98.174,87.654,69.459,40.347,42.738,57.876,42.757,43.282,42.484,58.832,61.428,62.155,61.909,66.495,67.111,70.961,83.52,66.303,57.566,63.166,61.143,61.078,62.609,63.991,57.919,74.445,59.174,31.308,31.31,32.368,32.072,31.214,33.548,53.731,29.225,47.039,31.918,29.743,48.131,56.641,44.928,44.189,37.798,11.027,25.383,42.734,31.504,30.057,27.294,29.653,29.73,62.299,62.86,62.737,50.038,62.582,38.982,38.832,134.03,147.83,139.95,153.48,42.705,42.049,41.03,41.982,42,41.628,29.136,29.064,29.752,29.118,64.036,61.133,38.755,38.798,37.28,43.722,41.232,42.743,42.304,41.952
53.649,26.539,36.139,31.051,0,21.771,23.796,2.6156,17.134,27.621,41.242,38.832,23.781,11.02,6.3752,3.9375,0.15993,10.688,7.7486,9.1256,18.233,9.0456,10.604,11.169,11.808,8.2373,8.0902,7.0924,8.0751,3.4259,4.8628,35.907,66.485,6.5158,1.6859,7.9685,1.5396,7.624,16.486,105.46,104.83,68.647,48.829,53.452,16.325,20.058,5.5605,7.5418,1.4642,9.505,9.1565,13.663,42.911,24.887,14.369,11.441,24.304,15.243,14.17,12.09,26.357,25.406,38.171,40.353,26.968,38.218,27.48,33.404,13.563,22.954,22.751,2.1521,2.8262,0.39869,0.72657,1.9084,2.4658,0.65237,0.079532,0.025045,0.035315,9.9059,10.065,8.8797,8.8612,8.0133,9.6313,9.6012,8.7778,8.0591,11.959,10.636,9.4941,9.75,11.41,12.707,9.572,7.9086,8.0462,7.1922,8.5981,6.3239,8.3886,7.2951,5.0091,2.5161,9.8139,2.7758,5.7974,7.3036,3.5874,3.1192,3.2902,3.3533,8.5698,2.7637,2.9821,1.9963,3.7555,4.4764,10.159,5.3339,141.96,97.002,95.316,112.44,29.345,41.09,0.095016,0.68361,10.455,0.6622,0.079813,3.9652,8.1356,5.0707,11.37,11.287,15.545,13.371,6.9551,12.599,22.545,25.784,25.381,25.332,39.776,22.711,23.52,34.38,36.512,23.179,40.344,28.503,29.445,24.182,14.453,12.263,0.80405,1.3072,4.1686,0.96413,1.6341,1.5091,9.7628,9.7648,9.6129,9.3459,9.1903,9.5829,11.006,14.279,9.9766,7.3926,10.406,10.322,10.136,10.933,11.853,4.9966,14.958,7.7316,7.5299,6.5062,6.9093,6.2815,7.2135,6.8282,10.617,8.1196,9.7264,6.2508,4.7372,1.9571,7.5659,5.3431,5.8744,4.2218,10.123,2.591,1.8249,0.069034,0.13534,0.14091,0.060939,0.061022,9.3112,9.9681,9.3105,4.5151,5.8491,3.3167,3.3552,38.974,45.218,41.069,49.007,1.6098,1.4985,1.4996,1.5439,1.4503,1.4538,0.10448,0.1036,0.066593,0.27102,10.08,8.7803,3.3305,3.5386,1.1853,1.613,1.2506,1.6332,1.5509,1.5619
108.02,74.579,107.69,98.787,21.771,0,11.67,31.591,61.562,5.4183,17.118,9.6505,12.464,25.617,38.86,12.679,25.272,4.5944,5.0525,5.5149,0.41069,3.3398,32.084,33.288,30.984,47.586,46.496,47.214,46.033,21.164,8.6373,71.633,141.7,27.662,35.397,34.065,29.753,54.905,66.32,56.564,64.323,43.123,16.956,18.22,0.43934,4.0087,38.781,52.289,25.59,41.407,41.755,67.589,116.73,66.1,71.131,35.697,78.374,64.722,61.183,55.705,6.4664,6.5752,5.5018,37.548,9.6115,13.177,7.7995,19.821,2.1556,6.9554,18.42,25.216,11.437,22.288,22.827,19.612,19.23,21.798,24.202,23.186,23.41,5.5264,5.1132,4.8685,4.7165,4.8573,4.4645,4.6109,3.8169,4.6056,31.896,16.011,30.058,29.174,29.973,31.486,27.222,47.377,46.804,46.495,42.835,41.491,45.463,45.252,39.381,35.609,11.661,19.402,48.289,7.7248,15.888,13.125,14.597,14.078,48.57,38.908,26.311,35.416,42.754,26.229,20.634,32.103,74.659,44.081,63.573,70.072,24.057,39.827,24.741,14.832,39.339,29.719,19.214,26.028,26.696,44.006,42.452,48.045,73.615,67.634,49.502,67.354,5.2808,9.8338,12.021,2.9222,17.766,13.226,9.3657,18.202,35.895,6.7244,17.431,18.841,22.843,27.503,3.342,3.3373,18.353,18.29,9.997,15.602,19.291,19.628,6.5301,5.2884,4.8829,4.8499,3.203,3.0964,2.3563,0.83385,3.4467,5.8063,27.331,29.148,28.69,29.395,30.568,5.9095,28.365,23.547,46.314,43.759,44.079,42.687,45.593,43.08,10.048,49.061,13.476,42.711,40.181,11.05,6.2874,11.28,12.082,15.212,61.516,24.239,20.755,22.692,24.285,25.391,23.825,23.787,4.6708,4.7717,4.4937,8.2351,5.4081,13.933,14.047,24.046,22.735,21.396,26.765,19.843,20.073,21.182,20.354,19.904,20.336,24.538,24.563,23.839,25.775,4.3376,4.9043,14.087,14.153,23.544,18.659,19.816,19.908,20.027,20.467
144.75,98.882,116.74,107.6,23.796,11.67,0,41.275,80.4,2.0287,2.4165,3.4043,0.015978,8.2011,23.869,8.4084,25.397,21.461,18.587,21.722,14.341,15.445,12.969,13.475,11.28,31.616,30.404,33.48,29.816,35.803,21.613,108.35,169.68,46.443,36.212,53.265,37.065,53.807,79.894,29.072,29.58,12.941,4.9919,6.7104,12.133,1.9993,25.156,41.304,19.387,59.979,59.581,71.203,129.6,93.337,69.02,59.131,96.105,77.118,74.665,69.634,1.2122,1.0221,6.3389,7.372,0.351,2.0427,0.87836,1.2538,5.2756,0.65144,1.0668,17.445,10.418,20.176,19.234,14.001,12.754,18.72,24.883,24.557,24.585,22.675,21.951,19.876,19.462,18.507,19.878,20.207,16.689,17.868,11.844,3.7757,12.303,11.451,10.826,11.055,10.219,31.959,30.9,32.174,25.101,27.103,28.552,30.21,26.992,28.473,33.029,32.806,39.661,23.847,30.425,25.81,28.225,27.649,60.756,41.823,39.184,39.171,44.8,42.036,44.363,47.651,49.977,25.277,25.998,33.722,2.2785,8.4296,26.192,19.383,60.252,31.623,21.831,15.023,47.871,50.688,63.39,65.967,71.792,69.734,56.131,64.19,1.3219,0.20135,0.025941,3.6107,2.0412,0.098025,0.14121,1.1256,6.7641,0.74254,2.1775,0.85482,1.8844,4.2942,3.3562,19.984,16.272,14.722,8.2727,15.193,14.414,14.879,24.561,21.994,20.881,20.462,15.187,15.57,15.13,9.3923,17.49,19.921,9.6964,11.005,10.817,10.745,10.952,12.74,7.7428,9.2675,31.216,29.739,29.369,28.739,30.841,28.207,31.417,33.98,35.441,28.834,28.696,13.709,21.301,27.035,29.008,30.691,55.576,36.774,14.839,22.924,24.057,26.926,24.603,24.528,19.974,21.052,19.521,19.986,9.5623,27.377,27.61,2.6261,3.5163,2.5147,4.8509,14.767,15.153,15.83,15.212,15.171,15.412,24.985,25.059,24.487,24.803,20.127,19.824,27.616,28.108,18.361,14.146,15.621,14.751,15.005,15.238
32.573,12.546,22.639,18.655,2.6156,31.591,41.275,0,6.4722,44.128,63.19,58.415,41.387,24.002,13.609,12.717,2.7291,14.131,11.755,12.205,26.032,14.464,22.523,23.224,24.587,14.099,14.253,11.776,14.409,1.5934,7.4165,19.721,43.762,1.9821,1.6995,1.9541,0.15889,4.9154,6.7044,139.48,139.82,97.717,71.613,76.918,24.591,34.349,12.005,9.8124,7.0535,2.2429,2.0374,7.1556,27.149,11.402,9.6166,4.0617,11.597,6.0685,5.1684,3.7834,43.071,41.973,55.576,63.465,44.766,58.849,44.866,54.275,24.399,39.106,40.667,8.7044,10.22,4.7889,5.7081,8.9228,10.104,5.6591,2.6653,2.562,2.6015,12.776,13.221,12.588,12.718,12.09,13.465,13.309,13.667,12.383,24.691,23.774,21.059,21.6,24.107,25.908,21.573,13.498,14.034,12.346,16.57,12.591,15.257,13.117,10.613,6.1623,9.2104,1.7739,7.6309,9.3632,3.2248,4.1664,3.585,3.8255,1.9721,1.2232,0.4547,0.80315,1.8458,1.0817,6.2637,0.73728,179.58,128.29,129.24,148.62,49.443,64.332,2.2077,4.1951,2.9626,1.421,3.1285,12.191,3.2349,1.1541,3.2901,3.0358,10.325,7.4361,2.1152,8.8326,38.005,43.376,43.326,40.113,61.615,40.134,40.463,55.28,58.595,39.309,62.214,48.092,49.53,42.647,26.566,16.544,6.3187,7.6191,12.6,6.5119,8.3409,8.0385,11.947,12.854,13.077,12.917,14.736,15.046,16.905,23.275,14.766,10.855,22.873,22.512,22.28,23.439,24.715,10.983,29.65,19.025,13.159,12.066,12.792,12.032,12.798,13.023,10.647,13.176,8.3634,11.956,9.6649,7.6193,10.555,6.117,6.0664,3.7917,8.4496,0.652,8.6513,3.2438,3.111,2.0584,2.6985,2.7248,13.055,13.432,13.221,7.6178,13.358,3.8726,3.8393,61.442,68.706,63.673,73.609,8.252,7.9834,7.8826,8.0638,7.8852,7.8595,2.711,2.6819,2.7585,3.2159,13.9,12.491,3.8125,3.8722,6.7928,8.3209,7.4214,8.2999,8.106,8.0948
10.654,1.0754,8.7841,6.7957,17.134,61.562,80.4,6.4722,0,83.242,109.95,102.62,80.58,53.54,33.011,37.305,16.75,33.396,31.344,30.654,52.743,36.365,49.723,50.527,53.256,30.743,31.428,26.718,31.877,10.591,24.191,6.8731,16.894,6.8655,11.129,4.1814,8.4084,8.8813,0.72566,205.88,206.44,154.34,120.52,127.18,51.686,69.652,30.239,20.875,25.307,2.0198,1.9182,5.095,9.9232,1.512,9.5728,4.673,1.0927,0.96096,0.61639,0.61838,82.166,80.731,97.272,109.04,85.005,103.94,84.848,98.201,54.402,76.931,79.373,28.405,32.944,21.704,23.399,29.948,32.1,23.508,16.837,16.793,16.844,31.04,31.948,31.943,32.294,31.835,33.142,32.791,34.751,32.502,53.197,54.724,47.898,48.973,52.743,55.201,49.382,29.757,30.926,28.035,36.746,30.331,33.566,29.888,27.553,20.609,21.944,12.045,18.393,25.902,14.927,18.083,16.31,16.867,1.5991,8.2244,7.7809,8.6307,7.9742,7.4341,13.402,4.8039,253.26,191.48,193.27,217.09,91.239,109.88,15.669,20.922,2.8187,12.468,18.578,34.297,7.9556,4.5632,2.0624,0.83682,9.4742,6.1095,3.7999,10.389,75.056,83.153,83.244,76.909,107.95,78.84,79.125,99.583,102.48,77.165,108.71,89.766,91.479,81.105,58.267,37.317,25.326,27.783,37.095,25.943,28.954,28.351,29.13,31.428,32.194,32.15,36.846,37.107,39.84,51.043,35.918,29.56,51.409,50.425,50.165,51.83,53.556,32.794,61.669,46.11,29.561,28.574,29.749,28.909,29.191,30.523,24.555,28.518,19.818,28.764,25.548,27.927,28.578,20.191,19.315,15.572,13.288,8.9963,29.262,18.411,17.809,15.176,16.988,17.054,32.541,32.608,32.956,25.145,37.415,17.042,16.901,107.71,117.35,110.75,123.73,28.703,28.176,27.793,28.273,28.025,27.904,16.871,16.8,17.12,17.696,33.633,31.832,16.863,16.74,25.301,29.015,27.188,28.779,28.407,28.31
144.16,100.77,126.94,117.22,27.621,5.4183,2.0287,44.128,83.242,0,3.2911,1.0163,2.4028,16.365,34.351,11.838,30.326,16.365,15.013,17.232,8.1087,11.773,22.775,23.588,20.867,43.532,42.196,44.888,41.568,35.352,19.287,104.63,175.1,45.384,42.392,52.919,40.467,62.816,85.147,29.427,33.414,17.996,3.7819,4.8058,6.8652,0.61229,35.372,52.707,25.956,60.789,60.721,79.985,139.09,93.242,79.912,57.268,100.89,82.647,79.469,73.739,0.10454,0.17789,1.3437,16.248,0.81247,1.7459,0.28147,5.0049,3.2065,0.49801,6.028,24.282,12.897,25.202,24.717,19.32,18.162,23.896,29.488,28.803,28.923,17.787,17.055,15.66,15.299,14.823,15.352,15.659,12.923,14.244,21.659,8.9103,21.568,20.515,20.151,20.783,18.778,43.738,42.698,43.612,36.66,37.864,40.354,41.627,37.049,36.817,27.985,32.52,50.011,20.059,29.088,24.615,26.98,26.322,64.75,47.813,40.177,44.463,51.518,41.927,40.097,48.46,46.433,22.477,32.116,37.702,8.3412,17.913,30.665,21.206,59.886,36.709,25.044,22.615,45.694,56.073,63.387,67.78,82.822,79.005,62.139,75.046,0.28657,1.0054,1.9398,0.38391,3.5637,2.9868,1.131,4.0149,15.71,0.42054,3.4132,5.0996,7.4921,12.214,2.2229,14.474,20.558,19.337,10.485,18.513,19.516,20.022,19.614,17.216,16.262,15.992,11.501,11.661,10.772,5.4291,13.125,16.368,18.314,20.088,19.777,19.911,20.436,11.685,16.621,16.742,42.788,40.746,40.559,39.583,42.247,39.289,25.967,45.91,30.547,39.667,38.676,15.221,17.543,24.28,25.965,28.865,66.657,37.581,20.452,27.405,28.925,31.477,29.119,29.048,15.568,16.274,15.164,18,9.0433,26.069,26.281,6.9644,5.9558,5.3306,8.0997,20.023,20.422,21.408,20.583,20.366,20.734,29.709,29.773,29.043,30.112,15.397,15.656,26.307,26.653,24.341,19.041,20.681,20.037,20.286,20.65
182.43,131.11,152.75,142.27,41.242,17.118,2.4165,63.19,109.95,3.2911,0,1.5624,2.4948,18.028,40.339,19.801,43.453,33.555,30.925,34.471,21.718,26.392,24.645,25.179,22.027,50.123,48.562,52.845,47.79,55.283,35.969,139.79,212,68.176,57.334,76.769,58.088,78.961,109.84,14.925,16.297,5.9021,0.71411,1.4293,19.559,5.6935,42.239,62.957,35.415,85.259,84.894,99.848,167.39,124.06,97.079,83.154,128.59,106.63,103.64,97.592,2.7491,2.8336,5.2294,7.9455,1.6619,0.27645,2.0383,1.3314,11.901,3.2104,4.5697,32.696,22.639,36.552,35.283,28.037,26.242,34.588,42.757,42.293,42.341,35.419,34.419,32.168,31.64,30.722,31.892,32.33,28.091,29.88,22.753,11.903,24.038,22.813,21.518,21.474,21.179,50.654,49.227,51.108,41.422,44.633,46.044,48.499,44.792,47.254,48.991,51.582,61.19,37.924,48.056,42.175,45.279,44.493,87.035,64.323,60.063,60.984,68.024,63.174,63.848,70.4,30.418,12.113,14.892,19.385,4.2735,9.1919,44.447,34.954,85.149,51.477,38.553,29.071,69.38,75.135,89.03,92.7,100.37,98.086,81.773,91.294,4.086,1.8833,1.9417,5.898,0.058652,3.0079,2.5343,0.7342,8.3509,3.2353,0.018741,2.4021,3.659,8.7895,9.2478,31.07,31.202,29.064,19.372,29.597,28.63,29.285,37.926,34.587,33.199,32.755,26.007,26.354,25.27,16.794,28.68,32.787,20.244,22.054,21.847,21.536,21.568,24.488,16.311,20.344,49.768,48.067,47.484,46.802,49.35,45.971,46.57,53.259,52.201,46.934,47.098,27.079,34.511,42.861,45.239,48.136,80.809,56.999,29.203,40.175,41.695,45.407,42.382,42.284,32.136,33.289,31.549,33.995,20.139,44.151,44.441,1.488,0.43784,0.4681,1.1298,29.123,29.665,30.597,29.743,29.693,30.026,42.9,42.996,42.235,42.696,32.05,32.139,44.459,45.018,34.07,28.255,30.324,29.099,29.457,29.778
169.3,122.03,149.87,139.32,38.832,9.6505,3.4043,58.415,102.62,1.0163,1.5624,0,3.7838,22.06,44.239,19.054,41.832,24.91,23.566,26.152,13.624,19.409,29.537,30.337,27.031,54.632,53.076,56.612,52.33,48.35,29.06,125.92,202.72,59.945,55.815,68.588,54.104,78.64,104.54,19.933,24.145,12.764,1.0233,1.4487,12.316,3.1844,45.695,65.956,35.944,77.525,77.446,98.159,163.29,113.7,97.482,73.436,122.02,101.73,98.265,91.928,1.2108,1.4405,1.0788,15.704,1.6096,0.56883,1.0849,4.6479,7.801,2.189,7.8316,33.726,20.762,35.578,34.83,28.107,26.575,33.919,40.905,40.165,40.288,26.744,25.829,24.248,23.806,23.305,23.786,24.167,20.872,22.585,27.908,13.778,28.423,27.142,26.305,26.714,25.189,54.977,53.69,55.046,46.34,48.43,50.789,52.633,47.866,48.461,39.102,45.032,63.284,29.793,40.943,35.612,38.441,37.652,81.83,62.173,53.962,58.436,66.287,55.995,53.484,63.509,33.726,13.957,24.066,27.716,9.0285,17.433,42.349,31.369,76.486,49.397,35.834,31.181,60.218,71.792,80.445,85.382,100.72,96.934,78.591,91.983,2.2033,2.0153,2.9933,2.2042,2.0588,4.6044,2.596,3.4324,15.834,2.0844,1.8199,5.6722,8.0786,14.38,6.2338,22.389,30.045,28.399,17.629,27.747,28.445,29.074,28.991,26.061,24.908,24.606,19.054,19.213,17.939,10.733,20.994,25.271,24.444,26.504,26.193,26.147,26.523,19.591,21.405,23.339,53.953,51.819,51.472,50.496,53.4,49.979,36.586,57.524,42.18,50.606,49.902,23.948,26.697,35.076,37.059,40.645,82.325,50.949,29.428,38.419,40.159,43.304,40.482,40.396,24.088,24.882,23.591,27.507,16.115,37.349,37.602,5.7379,3.6279,3.6524,5.2618,29.03,29.531,30.656,29.695,29.489,29.906,41.141,41.221,40.38,41.47,23.791,24.254,37.634,38.04,34.177,27.92,29.939,29.035,29.355,29.764
145.31,99.172,116.31,107.21,23.781,12.464,0.015978,41.387,80.58,2.4028,2.4948,3.7838,0,7.7252,23.241,8.376,25.287,22.209,19.198,22.421,15.15,16.054,12.36,12.839,10.683,30.876,29.671,32.793,29.086,36.194,22.129,109.15,169.74,46.908,36.016,53.682,37.12,53.389,79.859,29.095,29.294,12.599,5.2431,7.0158,12.856,2.3365,24.558,40.638,19.111,60.306,59.878,70.836,129.25,93.794,68.456,59.689,96.135,77.054,74.662,69.685,1.5052,1.2935,6.9615,6.7504,0.49952,2.2331,1.1216,1.0929,5.7005,0.86671,0.82619,17.137,10.479,20.043,19.056,13.821,12.56,18.569,24.801,24.506,24.526,23.41,22.683,20.545,20.126,19.127,20.573,20.905,17.31,18.481,11.228,3.5599,11.744,10.907,10.253,10.442,9.7169,31.233,30.169,31.481,24.374,26.459,27.813,29.513,26.414,28.059,33.805,33.175,39.089,24.493,30.88,26.241,28.666,28.096,60.802,41.655,39.456,39.061,44.573,42.41,45.1,47.956,50.306,25.595,25.524,33.414,1.9247,7.7545,26.125,19.533,60.682,31.514,21.865,14.636,48.436,50.593,63.794,66.216,71.22,69.321,55.989,63.622,1.6191,0.32203,0.047948,4.1025,2.0645,0.040274,0.25127,1.0389,6.145,0.97253,2.2253,0.66204,1.5699,3.7938,3.6896,20.76,16.192,14.608,8.3481,15.197,14.254,14.718,25.307,22.717,21.587,21.154,15.795,16.198,15.794,9.9958,18.163,20.536,9.1857,10.457,10.279,10.187,10.363,13.117,7.1911,8.8652,30.507,29.079,28.691,28.092,30.147,27.536,32.224,33.245,36.211,28.188,28.131,13.868,21.937,27.603,29.605,31.188,54.97,37.057,14.634,22.848,23.948,26.854,24.528,24.452,20.66,21.771,20.201,20.468,9.8811,27.822,28.058,2.4013,3.4467,2.4201,4.7023,14.595,14.981,15.632,15.031,15.006,15.236,24.892,24.967,24.409,24.658,20.84,20.489,28.062,28.567,18.135,14.004,15.469,14.576,14.831,15.053
111.62,69.755,73.265,66.475,11.02,25.617,8.2011,24.002,53.54,16.365,18.028,22.06,7.7252,0,4.6365,3.704,10.58,25.716,20.777,24.454,25.839,19.5,0.54473,0.66254,0.27904,8.1675,7.536,9.5369,7.2248,25.406,19.826,86.705,123.8,33.914,16.096,37.686,20.28,25.354,49.75,60.037,55.442,29.54,25.351,29.133,22.457,12.537,5.4607,14.492,5.229,40.832,40.011,38.621,84.702,68.388,34.739,44.65,63.319,47.203,46.258,43.314,14.14,13.3,27.083,9.9868,11.752,18.189,13.691,10.408,12.914,11.192,4.5163,3.9527,5.7674,7.3611,6.3005,3.7917,3.1292,6.3708,10.671,10.93,10.829,25.873,25.503,22.864,22.535,20.98,23.574,23.793,20.279,20.527,0.37735,1.2087,0.43165,0.28133,0.1978,0.30384,0.13501,8.4325,7.8146,8.7404,4.8131,6.2154,6.5109,7.6099,6.5775,8.8024,32.359,23.103,14.217,24.098,23.376,20.189,21.795,21.578,36.676,20.192,25.36,19.211,21.42,29.159,38.363,31.688,92.248,58.648,46.486,60.74,6.3529,10.106,11.651,11.278,42.943,14.363,10.673,2.1738,36.915,27.309,44.727,43.836,36.704,36.957,30.529,31.154,12.623,10.74,8.9893,18.041,16.359,6.6857,9.5709,11.865,8.024,11.561,17.048,7.5908,6.7611,3.0807,10.837,25.983,6.1283,4.9393,5.3407,6.8279,4.2265,4.4067,27.046,25.255,24.304,23.743,19.416,20.103,20.992,18.24,22.036,21.424,0.064301,0.20649,0.18395,0.17492,0.23384,12.763,0.30013,0.29067,8.1074,7.5639,7.2515,7.0857,7.9789,6.6555,32.235,9.544,33.595,7.1457,7.6147,8.7321,22.607,23.893,25.69,24.441,24.631,23.987,3.8763,9.6386,9.8347,12.012,10.61,10.559,23.347,24.759,23.005,18.242,10.441,21.374,21.56,12.632,18.154,15.42,19.363,4.2267,4.4013,4.3996,4.317,4.4922,4.4714,10.583,10.64,10.491,9.7544,24.174,22.73,21.526,22.101,5.2823,4.3317,4.8689,4.1859,4.3147,4.2854
80.955,45.855,42.732,37.835,6.3752,38.86,23.869,13.609,33.011,34.351,40.339,44.239,23.241,4.6365,0,7.1774,4.9116,29.908,24.35,27.659,36.517,24.941,2.4061,2.4284,3.4177,0.54786,0.40359,0.87475,0.34394,18.888,20.476,64.946,85.809,24.521,6.1134,25.802,10.966,9.4666,28.224,98.03,91.615,57.181,50.537,55.787,32.883,27.168,0.061426,2.7925,1.9374,26.365,25.436,18.142,51.935,46.864,14.629,32.37,38.519,26.201,26.107,24.652,31.583,30.328,48.794,26.777,29.191,39.863,31.535,28.849,23.784,27.093,18.173,1.6406,8.324,3.9054,3.1902,3.3888,3.4357,3.5612,5.3071,5.8184,5.6741,29.161,29.158,26.621,26.435,24.737,27.761,27.84,25.133,24.544,3.2574,8.6888,2.3206,2.7048,3.4613,3.8509,3.1891,0.58955,0.45721,0.64594,0.16594,0.11642,0.261,0.37561,0.25606,1.5097,31.402,17.488,2.8857,25.403,19.486,17.952,18.653,18.731,20.265,8.4148,16.704,8.4819,8.5409,20.372,32.575,20.583,138.19,95.946,79.324,98.283,21.799,26.527,5.8057,9.5123,29.212,6.2745,7.1087,1.3137,28.035,13.064,29.939,27.246,15.883,16.772,14.575,12.32,28.422,27.62,25.344,34.897,37.968,21.531,25.471,31.095,23.455,27.583,38.946,23.984,22.588,14.847,22.5,31.594,4.7364,4.2655,9.4384,6.3222,3.625,3.5459,29.52,28.723,28.106,27.55,25.028,25.805,27.637,28.445,27.286,24.292,3.655,3.042,3.0684,3.3371,3.5664,16.632,6.4704,3.4005,0.49481,0.35797,0.29305,0.26271,0.45528,0.18436,32.432,0.89613,31.55,0.27528,0.50912,9.9504,25.057,22.675,23.989,20.892,8.239,16.235,2.9796,5.1265,4.7323,5.8533,5.389,5.3667,27.316,28.699,27.141,19.288,15.763,18.616,18.73,32.574,41.041,36.864,42.947,3.4096,3.3746,2.974,3.2447,3.4669,3.2989,5.1415,5.172,5.3042,4.2292,28.522,26.449,18.676,19.191,2.5276,3.9124,3.6282,3.3736,3.3655,3.1939
85.497,50.505,62.789,56.091,3.9375,12.679,8.4084,12.717,37.305,11.838,19.801,19.054,8.376,3.704,7.1774,0,4.5947,10.042,7.0019,9.1751,11.681,6.4909,5.272,5.7868,5.3104,11.328,10.755,11.457,10.509,11.232,6.4312,60.384,102.78,17.462,9.8177,21.053,10.312,20.289,36.514,68.692,68.238,39.948,25.511,29.004,9.5691,7.3037,7.2452,14.925,2.7692,24.611,24.215,30.995,72.113,47.425,30.342,25.632,47.806,34.621,33.043,29.814,10.679,10.018,20.082,20.635,10.557,17.959,11.164,14.454,4.8643,8.3597,7.9825,2.3582,0.2451,2.5915,2.3612,0.93205,0.74336,2.133,4.3643,4.2284,4.2385,10.059,9.8575,8.2511,8.0668,7.1347,8.7219,8.8406,6.8493,6.8954,5.6116,1.9193,4.389,4.2085,4.9113,5.7376,3.6409,11.286,10.932,10.979,8.9051,8.4474,10.173,10.238,7.684,6.9603,14.255,9.6077,13.309,8.9095,9.2008,7.0238,8.1172,7.9256,24.111,12.766,12.233,11.286,14.51,14.375,19.032,17.102,99.136,62.405,60.959,74.415,12.282,21.452,4.9198,2.7028,25.382,7.4261,3.2315,2.3755,19.097,17.808,27.177,28.031,32.16,30.18,21.096,27.323,8.4664,9.7677,9.3652,11.233,18.727,7.7357,8.3901,15.05,18.111,8.5439,19.142,11.354,12.218,9.9013,4.5261,10.402,1.2949,0.93059,0.18269,1.0291,0.95684,1.07,10.751,9.688,9.1295,8.7877,6.4717,6.8791,7.5775,7.1299,7.9352,7.3359,3.9153,4.362,4.1856,4.6097,5.2112,2.7727,5.783,2.2551,10.775,9.613,9.6847,9.0849,10.449,9.1703,14.104,12.225,15.178,9.1063,8.2273,1.1595,8.0199,8.9694,10.115,9.7253,22.316,11.031,1.2009,3.5669,4.0369,5.241,4.2458,4.2148,8.5623,9.4223,8.3723,5.5315,1.9315,7.7913,7.9113,18.257,22.469,19.576,25.186,1.0743,1.1653,1.417,1.2076,1.1503,1.2406,4.4107,4.4412,4.1988,4.386,9.1059,8.1674,7.8973,8.2336,2.2336,0.85203,1.2277,1.079,1.1347,1.2256
53.602,26.221,33.467,28.613,0.15993,25.272,25.397,2.7291,16.75,30.326,43.453,41.832,25.287,10.58,4.9116,4.5947,0,13.461,10.119,11.702,21.603,11.532,9.6264,10.111,10.946,6.2768,6.1839,5.2042,6.1909,4.5365,6.7847,37.064,64.612,7.6329,1.008,8.7887,1.5724,5.9647,15.464,108.57,107.01,70.1,51.69,56.555,19.447,22.441,4.1243,5.5052,1.0217,9.9158,9.4815,11.832,40.303,25.17,12.041,12.612,23.236,14.18,13.326,11.489,28.81,27.775,41.783,40.339,29.038,40.682,29.829,34.722,15.927,25.098,23.537,1.6923,3.6698,0.32455,0.55769,1.9133,2.484,0.57343,0.0139,0.059283,0.045094,12.583,12.762,11.416,11.392,10.42,12.264,12.233,11.258,10.464,11.029,11.075,8.6497,8.981,10.618,11.831,8.957,5.9707,6.1274,5.3249,6.8713,4.7202,6.5236,5.4753,3.5661,1.4432,12.32,3.8906,4.0356,9.6144,5.0439,4.6226,4.7612,4.8587,8.1078,2.0436,3.6349,1.4983,2.8034,5.3916,12.237,5.9109,146.42,100.85,96.767,114.64,29.951,40.91,0.037738,1.4742,11.189,0.34463,0.44243,3.3932,9.5509,4.3764,11.963,11.349,13.149,11.436,6.0245,10.344,24.9,27.743,27.044,28.274,41.793,24.061,25.386,35.946,36.414,25.37,42.446,29.599,30.181,24.153,16.627,15.206,1.0121,1.4705,5.1535,1.4517,1.6822,1.5343,12.414,12.424,12.25,11.946,11.689,12.14,13.72,17.072,12.623,9.7232,9.8036,9.5682,9.4151,10.175,11.026,6.7671,14.419,7.3841,5.6535,4.7877,5.1585,4.6219,5.3823,5.1277,13.279,6.1049,12.142,4.5914,3.2745,2.9708,9.9258,7.2773,7.8551,5.8144,7.933,3.3339,1.7338,0.075764,0.018195,0.049155,0.023822,0.024288,11.904,12.65,11.9,6.3736,7.5607,4.8221,4.8623,40.222,47.074,42.762,50.701,1.6096,1.485,1.3907,1.5029,1.4548,1.4202,0.0059738,0.0060899,0.021796,0.025789,12.77,11.303,4.8316,5.0721,0.91282,1.7205,1.2773,1.626,1.5381,1.51
68.061,42.551,71.304,64.217,10.688,4.5944,21.461,14.131,33.396,16.365,33.555,24.91,22.209,25.716,29.908,10.042,13.461,0,0.2895,0.071084,2.3021,0.51711,29.776,30.978,29.955,35.94,35.325,34.306,35.115,6.7418,1.1868,40.076,95.925,10.011,19.429,14.011,13.606,33.605,37.87,89.393,96.338,66.52,35.766,38.358,2.3719,11.618,28.937,36.172,16.811,18.994,19.333,41.367,77.755,35.949,45.972,14.742,46.316,36.913,34.042,29.913,17.133,16.887,19.436,50.705,20.774,28.569,19.053,33.089,5.5762,16.298,27.022,17.557,7.5292,12.844,13.894,13.484,13.879,13.084,12.61,11.745,11.952,0.044083,0.01615,0.095903,0.11089,0.25442,0.0466,0.038825,0.34524,0.29501,30.667,18.147,27.607,27.223,28.992,30.933,25.776,35.451,35.398,34.196,34.214,31.082,35.227,33.854,28.514,23.171,1.6482,5.986,32.225,0.49892,3.9571,2.9852,3.4857,3.2525,25.119,20.985,10.091,18.377,23.9,9.5196,5.768,13.239,114.63,75.172,92.796,103.58,34.9,52.789,12.598,6.1521,17.329,15.404,9.078,20.142,9.2303,23.285,19.442,23.71,47.749,41.88,27.176,43.53,14.235,20.515,22.501,12.295,33.669,22.423,19.071,32.03,47.639,16.14,33.548,30.104,33.943,35.052,7.8986,0.10903,10.852,11.652,7.6315,8.7291,12.885,12.961,0.17026,0.030959,0.028916,0.048443,0.55689,0.47504,0.58678,2.9488,0.20329,0.30579,26.47,27.638,27.192,28.256,29.711,2.2613,30.311,21.814,34.566,32.261,32.9,31.54,33.886,32.381,1.1237,36.334,2.362,31.511,28.461,5.4212,0.28086,1.719,1.9205,3.487,40.342,8.9154,14.2,11.959,13.052,12.941,12.354,12.349,0.060586,0.012797,0.075849,1.31,3.464,3.2084,3.2396,39.086,40.279,37.536,45.303,13.258,13.27,14.057,13.536,13.079,13.396,12.901,12.895,12.418,14.235,0.024957,0.10643,3.2641,3.2205,15.144,12.379,12.721,13.337,13.311,13.642
67.678,40.98,66.676,59.755,7.7486,5.0525,18.587,11.755,31.344,15.013,30.925,23.566,19.198,20.777,24.35,7.0019,10.119,0.2895,0,0.15354,2.8334,0.20755,24.28,25.363,24.504,29.913,29.332,28.512,29.129,5.5427,0.49884,40.645,93.413,9.1413,15.732,12.94,10.981,28.982,34.902,86.473,92.107,62.078,33.864,36.683,2.5322,10.12,23.509,30.476,12.749,17.55,17.763,36.978,73.477,35.083,40.742,14.28,43.637,33.82,31.207,27.305,15.436,15.099,19.133,45.103,18.46,26.42,17.143,29.45,4.4646,14.274,23.058,13.359,4.8915,9.3947,10.254,9.823,10.161,9.5552,9.3864,8.6547,8.8273,0.28035,0.24379,0.052781,0.042808,0.0024325,0.11191,0.11734,0.090852,0.011144,25.135,14.31,22.322,22.001,23.64,25.414,20.732,29.485,29.409,28.372,28.234,25.462,29.201,28.011,23.177,18.538,2.0796,4.6935,26.931,0.36506,3.0235,1.9436,2.4923,2.2819,22.484,17.419,8.3919,15.053,20.083,8.2577,6.046,11.69,112.99,73.513,87.772,99.25,30.446,46.959,9.4413,3.909,16.324,12.077,6.3449,15.602,8.7846,20.035,18.327,21.939,42.487,37.289,23.735,38.274,12.561,18.084,19.651,11.449,30.806,19.236,16.598,28.705,42.052,14.179,30.788,26.335,29.657,29.984,6.394,0.51639,7.628,8.276,5.05,5.8577,9.3152,9.3834,0.45531,0.21826,0.14311,0.10368,0.24691,0.25013,0.50894,2.603,0.17152,0.030251,21.386,22.395,21.996,22.97,24.294,0.97176,25.043,17.195,28.674,26.578,27.137,25.91,28.057,26.646,1.6787,30.333,2.7688,25.887,23.179,3.2063,0.0989,1.2587,1.5888,2.7349,34.92,7.2606,10.439,8.7574,9.7169,9.7644,9.161,9.1531,0.08566,0.18507,0.076341,0.47581,1.9181,2.2278,2.2697,35.168,37.016,34.17,41.699,9.6354,9.649,10.326,9.8754,9.4867,9.7585,9.6334,9.6314,9.2084,10.74,0.16545,0.045796,2.2868,2.3021,11.297,8.885,9.1883,9.7023,9.6819,9.9658
64.855,39.635,66.995,60.12,9.1256,5.5149,21.722,12.205,30.654,17.232,34.471,26.152,22.421,24.454,27.659,9.1751,11.702,0.071084,0.15354,0,3.0135,0.54201,28.121,29.283,28.425,33.303,32.74,31.637,32.554,5.4694,0.68635,37.912,91.509,8.5691,17.193,12.295,11.711,30.6,34.799,91.628,98.067,67.435,37.129,39.911,2.9635,12.148,26.654,33.259,15.074,16.95,17.247,38.016,73.34,33.429,42.433,13.151,43.029,33.855,31.128,27.19,17.861,17.554,20.91,50.35,21.34,29.555,19.761,33.397,5.8735,16.803,26.818,15.871,6.6865,11.253,12.284,12.109,12.553,11.53,10.909,10.101,10.296,0.020809,0.023276,0.041028,0.062131,0.14476,0.058391,0.041695,0.33245,0.19999,29.093,17.428,26.01,25.69,27.5,29.422,24.346,32.81,32.793,31.569,31.853,28.687,32.711,31.299,26.173,20.928,1.2986,4.7695,29.45,0.20207,2.9882,2.135,2.5677,2.3667,22.59,18.624,8.4975,16.172,21.375,8.029,4.9484,11.467,117.91,77.676,94.02,105.41,34.727,52.341,10.871,5.0284,15.466,13.433,7.6657,18.496,7.9457,20.787,17.456,21.391,44.138,38.502,24.476,40.097,14.823,21.001,22.83,13.194,34.462,22.529,19.458,32.49,47.167,16.673,34.393,30.195,33.848,34.39,8.1633,0.33724,9.5038,10.328,6.9405,7.5526,11.516,11.567,0.087443,0.010821,0.019314,0.023777,0.5969,0.54546,0.77965,3.388,0.28421,0.1108,25.077,26.137,25.707,26.772,28.207,1.8891,29.099,20.501,31.965,29.75,30.39,29.078,31.309,29.923,0.90917,33.612,1.9091,29.046,26.064,4.5704,0.073285,1.112,1.3044,2.5962,37.083,7.4138,12.755,10.339,11.345,11.182,10.674,10.67,0.042399,0.03071,0.066101,0.80631,3.1538,2.3279,2.3556,39.454,41.081,38.182,46.077,11.857,11.851,12.573,12.102,11.667,11.959,11.182,11.174,10.736,12.449,0.070834,0.043548,2.3763,2.3428,13.511,11.047,11.305,11.933,11.896,12.202
95.331,64.506,96.97,88.573,18.233,0.41069,14.341,26.032,52.743,8.1087,21.718,13.624,15.15,25.839,36.517,11.681,21.603,2.3021,2.8334,3.0135,0,1.7034,31.708,32.937,30.979,44.539,43.584,43.742,43.195,16.26,5.7021,61.244,127.73,21.725,30.565,27.455,24.639,48.681,57.612,66.112,73.908,50.184,22.107,23.719,0.12009,5.7356,36.144,47.839,22.979,34.173,34.545,59.848,105.16,56.436,63.886,28.689,68.529,56.231,52.837,47.712,9.147,9.1693,8.859,41.804,12.572,17.363,10.701,23.692,2.5513,9.3109,20.969,22.968,9.9739,19.348,20.08,17.705,17.567,19.092,20.574,19.574,19.8,2.9807,2.6842,2.594,2.4971,2.678,2.2726,2.3702,1.9753,2.5202,31.849,16.606,29.594,28.846,29.961,31.638,27.006,44.234,43.821,43.21,40.681,38.727,42.836,42.24,36.419,32.029,7.7233,14.818,43.769,4.7384,11.669,9.4634,10.636,10.197,41.281,33.465,20.978,30.185,37.088,20.656,15.282,25.95,86.063,52.841,72.495,80.124,27.378,44.073,20.934,11.863,32.132,25.301,15.915,24.381,20.723,37.662,34.97,40.308,66.167,60.076,42.72,60.513,7.4459,12.675,14.892,5.0352,22.256,15.786,11.925,22.172,39.726,9.0885,21.962,22.141,26.206,29.974,4.1602,1.427,15.943,16.17,8.9816,13.305,17.282,17.543,3.7124,2.8202,2.5505,2.5458,1.6193,1.502,0.98435,0.67699,1.6256,3.3644,27.298,28.956,28.491,29.322,30.607,4.2361,29.208,23.155,43.209,40.683,41.115,39.705,42.486,40.254,6.4086,45.686,9.2155,39.712,36.953,8.9838,3.6747,7.6673,8.263,11.017,55.5,19.164,18.743,19.315,20.788,21.497,20.226,20.198,2.4302,2.4553,2.3156,5.4878,4.2974,10.084,10.172,28.504,27.8,26.064,32.199,17.793,17.957,18.993,18.241,17.775,18.182,20.905,20.92,20.259,22.22,2.161,2.626,10.208,10.229,20.999,16.671,17.594,17.864,17.938,18.356
75.371,46.869,73.197,65.906,9.0456,3.3398,15.445,14.464,36.365,11.773,26.392,19.409,16.054,19.5,24.941,6.4909,11.532,0.51711,0.20755,0.54201,1.7034,0,23.461,24.534,23.418,31.032,30.352,29.921,30.097,7.7192,1.2401,46.641,102.14,12.037,17.996,16.328,13.386,32.292,39.895,78.421,84.102,55.888,28.897,31.455,1.3576,7.5758,24.301,32.579,13.448,21.404,21.606,41.359,80.583,40.641,44.815,17.919,49.426,38.664,35.933,31.767,12.222,11.952,15.358,40.982,15.081,22.156,13.783,25.495,2.8502,11.311,20.065,13.806,4.6899,10.294,11.025,9.9953,10.162,10.291,10.765,10.014,10.186,0.69188,0.57244,0.28617,0.23824,0.17952,0.28028,0.3198,0.026823,0.1229,24.083,12.706,21.555,21.133,22.553,24.22,19.774,30.669,30.48,29.649,28.713,26.356,30.02,29.095,24.196,19.96,3.4747,6.6467,29.061,1.1121,4.695,3.2232,3.9835,3.7145,26.444,20.112,10.903,17.581,22.95,10.915,8.4596,14.778,103.55,65.954,80.285,90.917,26.928,42.857,10.943,4.7619,20.135,14.025,7.4604,15.638,11.682,23.355,22.341,26.17,46.707,41.551,27.378,42.06,9.7141,14.796,16.365,8.5932,26.365,16.191,13.514,24.66,38.233,11.206,26.311,22.794,26.1,27.109,4.4997,0.4645,8.135,8.5846,4.5256,6.265,9.5557,9.6786,1.0584,0.57718,0.40904,0.35273,0.0017092,0.0078955,0.099526,1.3406,0.080404,0.39618,20.299,21.431,21.034,21.923,23.174,0.84528,23.341,16.339,29.828,27.699,28.182,26.96,29.207,27.591,2.8541,31.685,4.3961,26.949,24.385,3.4122,0.58163,2.4714,2.9418,4.3802,38.126,9.585,10.693,9.9548,11.008,11.33,10.516,10.501,0.29108,0.43636,0.23841,1.0911,1.404,3.638,3.6986,30.809,32.186,29.629,36.625,9.9087,9.9688,10.704,10.195,9.814,10.106,11.017,11.022,10.552,12.081,0.31866,0.28289,3.7182,3.7626,11.935,9.1059,9.5789,9.9714,9.9827,10.285
106.4,65.418,65.129,58.933,10.604,32.084,12.969,22.523,49.723,22.775,24.645,29.537,12.36,0.54473,2.4061,5.272,9.6264,29.776,24.28,28.121,31.708,23.461,0,0.012005,0.08939,4.8567,4.3715,6.1237,4.1293,25.725,22.312,84.395,115.24,33.734,13.805,36.736,18.901,20.926,45.044,70.419,64.454,36.248,33.201,37.512,28.005,17.997,3.1269,10.379,4.3773,38.97,38.034,33.195,76.244,65.142,28.822,44.023,57.986,42.543,41.992,39.584,20.174,19.166,35.163,13.145,17.356,24.979,19.678,15.346,17.691,16.609,8.019,3.254,7.3828,6.8926,5.7868,3.9485,3.4256,6.0106,9.8762,10.292,10.156,29.668,29.385,26.583,26.273,24.555,27.477,27.67,24.129,24.145,0.065845,3.2371,0.041228,0.069224,0.10847,0.17009,0.20611,5.1077,4.5967,5.4504,2.2864,3.5711,3.5478,4.5242,4.0739,6.542,35.216,23.585,10.476,27.134,24.544,21.7,23.11,22.983,33.496,17.538,24.791,16.989,18.312,28.86,39.891,30.603,105.53,69.73,54.104,70.029,9.9686,13.013,10.781,12.074,41.572,12.807,10.674,1.6048,37.159,24.25,43.013,41.21,30.585,31.465,26.905,25.542,18.257,16.122,13.947,24.517,22.637,11.029,14.676,17.221,10.849,17.052,23.471,11.921,10.589,5.3393,15.542,30.485,6.3384,5.2256,7.385,7.5066,4.3965,4.5056,30.669,29.061,28.144,27.544,23.42,24.188,25.418,23.38,26.141,24.758,0.24352,0.084318,0.10664,0.10554,0.117,15.646,1.0043,0.67088,4.892,4.5967,4.2917,4.2515,4.8295,3.8376,35.469,5.9918,36.159,4.3035,4.9512,10.302,25.9,26.065,27.829,25.821,19.522,23.678,3.8388,9.0748,9.0286,11.049,9.8727,9.8267,27.168,28.674,26.851,20.727,13.514,22.795,22.97,17.756,24.477,21.307,25.626,4.305,4.4277,4.2493,4.3048,4.539,4.4497,9.738,9.792,9.7506,8.7307,28.171,26.428,22.926,23.527,4.7152,4.6003,4.9027,4.2571,4.3556,4.2576
107.58,66.333,65.435,59.267,11.169,33.288,13.475,23.224,50.527,23.588,25.179,30.337,12.839,0.66254,2.4284,5.7868,10.111,30.978,25.363,29.283,32.937,24.534,0.012005,0,0.10645,4.7923,4.3122,6.1111,4.0707,26.655,23.323,85.746,116.01,34.744,14.231,37.713,19.547,21.181,45.662,70.837,64.608,36.388,33.876,38.228,29.158,18.791,3.1785,10.397,4.7046,39.878,38.916,33.514,76.63,66.195,28.966,45.126,58.675,43.133,42.632,40.266,20.917,19.892,36.18,13.083,17.972,25.614,20.376,15.684,18.579,17.291,8.3068,3.5495,7.984,7.3471,6.2004,4.3484,3.8112,6.4463,10.384,10.826,10.683,30.861,30.575,27.717,27.402,25.645,28.632,28.828,25.216,25.229,0.066991,3.5729,0.097068,0.13604,0.1456,0.17158,0.3076,5.0567,4.5392,5.4296,2.2212,3.5854,3.4789,4.4965,4.1477,6.765,36.464,24.493,10.576,28.258,25.52,22.648,24.072,23.949,34.164,17.997,25.625,17.495,18.724,29.786,41.125,31.477,106.19,70.412,54.105,70.156,10.149,12.905,11.304,12.772,42.568,13.303,11.277,1.8244,38.254,24.783,43.99,42.058,30.725,31.742,27.405,25.676,19.011,16.715,14.456,25.439,23.125,11.473,15.264,17.621,10.795,17.746,23.98,12.24,10.802,5.4055,16.346,31.705,6.8323,5.6855,7.9924,8.0702,4.8161,4.9244,31.875,30.244,29.31,28.698,24.492,25.278,26.535,24.429,27.272,25.846,0.3349,0.14543,0.17727,0.1566,0.14047,16.522,1.0485,0.86013,4.8555,4.602,4.2797,4.2663,4.8057,3.8295,36.739,5.9366,37.407,4.3196,5.0392,10.996,27.009,27.13,28.922,26.833,19.613,24.518,4.2198,9.5843,9.5123,11.569,10.386,10.34,28.315,29.852,27.992,21.707,14.331,23.758,23.935,18.032,24.877,21.691,25.954,4.7142,4.8379,4.6384,4.7071,4.9553,4.8572,10.237,10.292,10.261,9.1829,29.341,27.558,23.89,24.504,5.0849,5.0348,5.3321,4.6638,4.764,4.6568
