0,51.177,33.757,108.89,88.074,89.974,87.886,216.73,223.5,181.6,186.46,251.81,172.65,223.6,168.89,29.381,36.68,47.507,39.865,40.055,27.531,42.853,39.156,47.257,74.958,71.964,75.263,73.007,58.606,65.162,28.32,72.692,6.924,9.0907,14.25,27.532,36.628,9.9393,13.844,92.263,103.19,121.29,108.45,106.88,158.73,172.96,133.44,151.48,144.83,129.55,193.59,198.7,140.6,120.19,193.12,187.2,136.41,131.82,179.87,122.16,160.49,82.679,95.615,78.037,35.74,36.289,38.841,42.565,56.871,47.585,1.2327,4.1886,6.2473,6.3794,5.3777,6.2275,12.57,39.78,29.854,7.2611,21.17,17.759,14.735,21.759,40.514,37.292,29.373,43.108,40.016,42.21,48.384,40.064,39.756,36.201,37.207,40.335,37.53,20.412,23.137,41.404,42.977,42.958,44.605,43.567,38.754,41.166,48.731,40.71,73.937,47.545,53.722,75.083,75.54,81.659,79.194,73.134,59.511,59.148,21.094,24.916,59.884,27.481,27.984,37.897,2.4546,22.604,23.094,24.127,1.7987,4.4051,7.4678,13.053,30.283,46.354,94.974,113.8,141.19,81.522,238.92,222.45,256.16,202.89,167.58,207.37,117.96,65.816,51.133,65.567,88.263,92.41,69.936,48.394,40.415,40.692,37.115,30.332,30.285,48.671,22.775,32.854,31.402,34.04,21.894,26.047,27.992,28.549,58.389,34.729,44.187,56.567,49.973,44.772,44.696,43.265,44.167,46.427,44.351,38.218,37.077,36.833,38.856,34.518,31.25,37.123,32.447,47.357,45.044,42.897,42.388,43.878,44.305,49.609,52.294,88.526,47.748,64.45,69.675,72.18,71.632,73.461,73.082,57.952,58.019,28.295,29.614,28.156,28.164,86.369,112.1,31.375,30.966,23.14,38.306,37.317,38.038,37.705,47.705,42.63,40.832,43.554,43.739,42.996,39.705,34.728,38.907,37.266,36.979,29.351,37.057,35.925,35.17,36.398,39.641,40.938,31.527
51.177,0,11.464,26.108,25.689,31.296,31.712,134.36,125.21,118.9,128.79,137.33,67.37,107.97,110.08,25.47,32.636,7.8758,7.8407,7.5919,13.505,3.867,23.267,30.118,29.233,14.001,15.36,15.976,3.4296,5.7652,27.872,4.9124,47.332,65.402,26.116,24.77,34.345,16.179,12.317,32.319,33.386,45.131,41.093,58.767,70.957,82.428,72.355,53.209,96.706,74.671,120.7,129.04,92.459,76.966,96.416,113.81,71.098,98.717,127.81,79.346,70.815,33.639,22.386,43.548,36.873,7.1493,6.4778,7.2385,7.5574,7.9414,36.532,26.106,23.84,21.964,24.409,27.612,13.036,8.1342,2.8598,28.213,6.6388,18.014,13.92,12.328,7.9142,7.9202,13.583,4.7561,4.4963,7.4712,4.0383,1.2365,20.904,25.9,23.704,24.381,21.476,33.939,31.963,24.229,25.27,28.313,28.473,27.235,30.427,26.698,18.936,28.167,8.5294,18.32,27.371,17.273,14.316,17.009,18.734,15.791,3.6672,3.5508,31.17,40.091,1.0745,28.107,27.817,27.558,53.261,33.58,50.07,33.68,46.238,34.466,38.588,28.087,11.485,0.13887,30.911,28.049,62.872,61.97,126.26,119.86,124.89,144.83,83.046,97.484,28.078,58.028,49.134,35.078,26.874,40.67,8.6117,29.424,7.1095,7.6849,9.1519,11.414,2.8508,0.072225,6.3488,2.8568,3.1217,2.1151,15.254,11.49,8.4799,31.698,2.137,3.7399,3.7393,10.531,9.6541,5.5283,4.9187,5.371,4.5897,4.8431,6.9124,24.165,24.084,22.635,22.174,23.27,20.746,23.289,30.288,24.179,21.934,26.986,27.332,28.002,32.671,28.013,29.26,42.563,25.781,16.779,16.814,14.625,11.532,16.221,16.262,3.6165,3.312,26.278,27.037,27.044,27.485,38.076,48.841,9.2608,12.83,20.904,23.133,23.042,22.815,23.954,30.237,26.165,19.955,25.555,25.497,25.818,4.3973,7.7339,23.348,24.421,24.012,10.693,20.083,23.041,22.927,22.595,22.527,23.823,9.2712
33.757,11.464,0,21.444,13.094,14.598,14.032,92.739,91.834,74.499,80.44,107.67,54.499,86.721,66.737,2.8542,5.4261,1.4694,0.52962,0.59115,0.34767,2.256,2.2373,5.0908,9.8385,7.2026,8.2403,7.4773,6.0699,6.8751,3.7554,10.796,46.658,62.807,33.862,42.411,57.893,9.9526,12.618,15.532,19.503,28.378,22.821,27.709,49.119,57.962,40.526,42.576,53.862,40.224,79.14,84.366,50.805,38.588,70.228,74.164,41.03,51.506,78.066,40.129,49.798,12.98,15.755,14.993,7.2183,0.51262,0.78595,0.90082,3.5673,1.4709,23.776,16.508,11.229,12.213,19.183,11.122,10.396,27.7,7.1975,10.228,6.2377,2.6966,4.4471,1.3934,0.56846,0.36888,0.20681,1.7928,1.6681,0.81338,2.9628,5.4041,1.6372,2.933,2.2735,2.6364,1.6602,7.1785,5.8825,2.6637,3.1,4.0891,4.2758,3.7737,4.6164,3.4207,2.1485,3.8901,9.0815,1.8671,4.9975,8.1561,8.4034,10.447,9.5536,7.5198,6.1899,6.1568,5.8673,9.3947,9.8606,3.8988,3.7569,51.449,44.461,48.354,63.932,49.521,37.546,31.117,14.075,6.8246,0.097906,9.4611,16.186,23.65,40.142,23.436,98.635,89.614,106.38,92.864,56.032,76.696,25.695,19.259,13.51,9.4807,13.306,17.625,7.4589,4.9695,0.72385,0.62532,0.18424,0.096497,5.9204,11.893,4.3616,3.9089,4.0534,5.1459,1.326,0.53804,0.71932,5.2322,7.3234,2.3173,2.4858,3.0111,1.6743,1.6738,1.9138,1.5426,1.9998,2.205,1.1939,2.4546,2.3834,1.9488,1.914,2.0758,1.3856,2.1478,4.5046,3.2183,2.3583,3.6388,3.715,4.0552,5.7766,4.6425,5.3887,17.144,3.7287,5.0252,6.4708,7.2407,7.367,7.6226,7.5009,5.7033,5.97,3.1877,3.3839,3.4658,3.624,15.199,26.002,0.20458,0.084829,2.0647,2.1541,2.0836,2.0504,2.3685,5.1779,3.3523,1.4861,3.2363,3.2348,3.2716,1.7083,0.36781,2.2469,2.4935,2.358,0.19934,1.2881,2.0365,1.9859,1.9225,2.0569,2.511,0.19453
108.89,26.108,21.444,0,2.1926,3.7642,4.485,45.929,38.227,41.243,48.399,43.894,9.6417,27.893,37.278,31.016,30.29,12.781,17.199,17.132,27.122,17.408,22.073,21.164,7.3261,3.8118,3.0988,3.6381,11.433,7.8522,33.6,8.4929,124.96,152.29,95.546,99.458,119.42,57.496,58.584,3.6391,1.8675,3.7477,4.0603,15.207,11.807,16.654,17.281,4.79,33.159,20.044,39.834,45.439,30.922,24.852,22.867,35.797,15.676,39.595,49.47,26.132,11.562,6.9798,0.46388,14.957,34.458,19.922,18.315,15.648,8.9372,12.728,89.655,74.049,63.27,64.661,77.489,63.452,55.887,63.349,35.923,61.179,41.481,39.21,44.18,33.33,16.762,18.96,25.44,16.504,18.703,15.801,14.268,24.697,20.365,25.82,23.709,21.924,22.209,46.185,41.662,21.115,20.712,22.683,21.719,21.57,27.081,22.813,13.987,24.102,4.9399,14.387,15.664,3.2742,3.0617,1.9569,2.5419,3.5931,10.946,11.165,43.171,46.963,16.636,34.525,33.862,106.88,125.3,114.22,141.76,115.01,113.44,99.411,68.492,50.839,24.346,26.522,2.4843,0.054104,9.6546,28.222,37.712,34.797,37.137,58.006,17.674,22.711,0.24885,33.141,34.134,14.649,2.5137,7.8394,5.3464,19.999,17.029,16.697,18.9,24.299,33.418,28.814,37.01,27.987,29.4,29.082,33.378,28.427,26.926,36.275,13.61,23.895,16.736,8.5067,11.351,15.064,15.475,16.014,16.006,14.598,14.709,23.262,24.032,23.354,21.66,25.45,26.62,23.524,31.844,17.365,17.521,21.847,22.408,21.874,24.885,18.359,17.625,10.257,18.07,6.2913,4.6323,3.7639,4.1245,3.5498,3.6459,11.344,11.715,32.51,31.874,33.161,33.464,8.2443,7.2904,23.462,23.91,34.169,22.589,23.239,22.594,23.501,20.97,21.495,19.175,20.515,20.361,21.038,19.006,20.959,22.293,24.101,24.06,25.178,21.823,24.255,24.753,23.648,21.317,21.185,23.327
88.074,25.689,13.094,2.1926,0,0.38306,0.56413,42.617,38.638,34.418,40.2,47.408,14.175,32.826,29.994,18.124,16.743,7.9102,10.996,11.043,17.218,13.142,11.304,10.004,1.5046,1.7751,1.321,1.2042,10.346,7.2058,19.941,9.8715,108.3,132.84,84.635,92.311,113.07,45.415,48.69,0.44427,0.65573,3.1156,1.8167,8.0458,12.259,17.154,12.052,8.5478,24.264,13.451,35.036,39.673,22.204,15.841,24.087,31.359,11.374,27.687,40.181,16.933,12.434,1.4949,0.85984,6.0144,19.734,13.362,12.403,10.109,5.9494,7.8499,72.029,58.999,48.459,50.588,63.539,47.472,45.246,61.041,30.641,45.047,33.534,26.736,32.735,23.028,10.643,12.302,15.783,11.938,13.71,10.121,10.926,21.256,10.324,13.885,12.505,11.06,11.645,29.933,26.251,10.47,10.062,11.248,10.522,10.514,14.416,11.489,6.036,12.328,5.1596,6.3951,6.3479,0.87215,1.6697,1.0098,0.54837,1.242,9.9468,10.139,27.677,29.871,17.027,20.683,20.167,101.84,105.81,104.49,129.37,105.66,94.974,83.997,49.795,35.158,15.456,25.005,0.24298,2.7539,8.4837,15.454,41.237,36.348,44.94,49.335,16.853,26.805,3.8973,18.483,19.026,5.5113,0.020988,2.4294,4.671,9.2126,11.163,10.685,11.811,15.437,28.019,28.041,29.13,22.695,23.819,24.385,22.196,18.931,18.682,21.703,13.067,18.395,12.752,4.4823,6.3569,10.508,11.127,11.248,11.689,10.59,9.5937,12.104,12.708,12.369,11.13,13.925,15.248,12.414,18.21,7.7559,8.1052,10.74,11.127,10.673,12.582,8.1458,7.5652,3.5863,8.109,1.9016,1.269,1.5766,2.8124,1.1341,1.1399,10.043,10.556,19.25,18.62,19.686,19.879,2.3151,3.7282,15.438,14.715,21.569,11.715,12.227,11.759,12.313,9.8571,10.555,9.5705,9.8896,9.7823,10.25,14.001,13.953,11.462,12.72,12.738,16.398,11.555,13.016,13.422,12.603,10.824,10.568,15.322
89.974,31.296,14.598,3.7642,0.38306,0,0.033213,36.555,33.928,28.218,33.294,43.108,13.552,30.24,24.097,17.73,15.396,10.077,13.144,13.246,18.556,16.314,10.973,8.8187,0.85076,3.455,2.8915,2.553,14.04,10.489,19.313,13.956,113.43,137.92,90.869,100.27,122.26,48.635,53.088,0.014584,0.60827,2.3342,0.91593,4.927,10.169,14.46,8.4865,8.5421,18.708,9.4813,29.197,33.263,16.893,11.316,20.899,25.906,8.0789,21.56,33.11,12.244,10.472,0.50604,2.2362,3.7149,17.996,15.714,14.878,12.385,8.4015,10.003,74.542,61.869,50.61,53.286,67.248,48.905,49.079,68.756,35.309,46.161,37.499,27.943,35.127,24.927,12.772,14.46,17.036,14.846,16.708,12.344,14.091,25.627,10.291,13.277,12.144,10.579,11.561,29.068,25.422,9.9997,9.4549,10.284,9.53,9.6698,13.263,10.725,6.2738,11.399,8.1946,6.7148,5.507,2.076,3.4605,2.5905,1.6804,2.631,13.601,13.816,27.037,28.229,21.911,20.06,19.557,110.92,109.48,112.15,137.2,113.51,98.53,88.339,49.785,35.463,17.054,30.279,0.1486,4.3146,6.4183,11.422,37.399,32.191,42.574,41.672,13.764,24.442,5.7835,14.663,15.984,3.912,0.22515,0.88724,7.4438,8.1047,13.474,12.863,13.707,17.047,32.415,33.778,32.724,26.617,27.754,28.674,23.538,20.713,21.014,20.669,17.264,21.784,15.967,6.277,8.1831,13.211,13.994,13.987,14.646,13.493,11.951,11.673,12.302,12.146,10.94,13.662,15.381,12.105,17.199,7.2773,7.9145,9.9289,10.279,9.7388,11.132,7.2039,6.488,1.6813,7.4314,2.7845,2.3288,3.1443,4.9894,2.4577,2.4392,13.64,14.264,18.8,18.041,19.155,19.299,0.88409,1.9735,17.445,16.047,21.993,11.409,11.946,11.498,11.914,8.6574,9.8419,9.6582,9.2449,9.1438,9.576,17.032,16.202,11.123,12.27,12.342,18.184,11.661,12.756,13.19,12.392,10.582,10.151,17.321
87.886,31.712,14.032,4.485,0.56413,0.033213,0,36.576,34.409,27.81,32.716,43.969,14.55,31.28,23.634,16.602,14.184,9.9374,12.841,12.957,17.799,16.252,10.104,7.8992,0.58503,3.6597,3.1274,2.7081,14.367,10.869,18.09,14.587,111.86,136.01,90.006,99.871,121.96,47.619,52.343,0.070384,0.90756,2.7016,1.0862,4.4889,10.664,14.958,8.2827,9.4484,18.05,9.1096,29.038,32.983,16.257,10.647,21.484,25.792,7.9893,20.532,32.398,11.552,11.019,0.28022,2.7369,3.0622,16.64,15.368,14.612,12.164,8.4928,9.8626,72.846,60.489,49.257,52.025,66.005,47.406,48.241,68.949,35.128,44.642,36.99,26.871,34.186,24.123,12.48,14.102,16.309,14.746,16.556,12.106,14.141,25.67,9.5125,12.265,11.222,9.6986,10.719,27.527,23.985,9.1457,8.5998,9.3315,8.6068,8.7642,12.16,9.7866,5.7513,10.405,8.6796,6.1875,4.8139,2.2344,3.7443,2.9279,1.8884,2.7963,13.939,14.152,25.59,26.583,22.423,18.815,18.33,110.79,107.56,111.44,136.16,112.85,96.735,86.92,47.949,33.997,16.421,30.56,0.32203,5.0973,6.7154,10.296,38.263,32.813,43.966,41.034,14.1,25.381,6.6831,13.307,14.576,3.2379,0.36894,0.66859,7.8186,7.2311,13.214,12.584,13.295,16.419,32.219,34.152,32.222,26.433,27.534,28.563,22.624,20.008,20.463,19.333,17.66,21.571,15.939,6.2394,8.0272,13.112,13.921,13.862,14.577,13.461,11.782,10.756,11.365,11.252,10.101,12.702,14.44,11.195,15.978,6.5497,7.2115,9.0173,9.3457,8.8153,10.072,6.4009,5.7032,1.3074,6.6602,2.6991,2.3693,3.3303,5.2844,2.6149,2.5853,13.942,14.583,17.626,16.868,17.955,18.085,0.60245,1.9797,16.92,15.377,20.904,10.528,11.047,10.621,10.994,7.7437,8.951,8.9331,8.3926,8.2972,8.7037,16.879,15.802,10.246,11.326,11.406,17.565,10.855,11.83,12.253,11.49,9.7469,9.301,16.798
216.73,134.36,92.739,45.929,42.617,36.555,36.576,0,1.713,2.1509,2.9828,5.3207,19.369,9.4856,3.5338,87.367,75.093,84.556,92.04,92.44,99.979,101.59,73.997,62.249,42.456,61.784,58.913,58.023,94.887,84.538,88.631,91.216,267.02,300.69,238.63,256.98,292.01,161.81,173.74,35.32,33.891,24.173,26.853,19.583,11.423,7.7902,10.662,25,8.1403,11.239,0.69237,0.79856,8.8636,14.401,5.3925,1.0828,10.485,14.199,4.4948,13.877,11.896,36.636,48.172,35.106,76.788,98.461,96.955,90.606,79.962,84.334,198.02,180.93,159.61,166.73,193.25,152.77,165.1,205.46,143.33,146.47,145.79,116.67,135.46,114.94,91.113,95.058,96.516,97.758,102.27,90.371,96.035,123.4,74.613,76.824,76.305,72.021,77.045,104.4,98.284,70.806,68.523,67.514,65.576,67.124,72.377,70.129,66.759,70.271,76.03,68.392,56.92,55.573,60.961,55.84,52.828,58.327,93.639,94.239,102.61,96.52,112.87,90.08,89.231,274.68,254.37,274.21,310.67,276.66,238.33,227.57,144.62,123.82,98.277,132.91,36.426,44.568,13.663,33.941,5.485,3.0837,14.613,3.299,6.6524,9.4771,46.899,46.505,59.388,44.971,41.211,29.657,75.042,61.23,93.28,91.477,92.451,98.32,137.35,139.76,136.04,125.1,127.41,129.78,109.48,106.41,109.4,87.965,102.66,114.14,100.79,73.023,78.721,93.473,95.627,95.431,97.334,94.401,89.732,74.776,76.309,77.318,74.95,80.212,86.474,76.609,81.523,64.362,68.019,67.978,68.464,66.534,65.165,60.454,57.467,30.199,63.192,59.108,57.336,60.561,67.166,57.54,57.524,94.007,95.541,89.003,86.573,89.07,88.97,32.893,21.56,100.88,94.918,101.11,75.141,76.472,75.645,75.535,61.744,68.572,73.996,67.751,67.566,68.28,103.07,99.181,74.271,75.917,76.472,101.44,78.561,78.345,79.449,77.923,73.781,71.549,100.6
223.5,125.21,91.834,38.227,38.638,33.928,34.409,1.713,0,6.2182,8.4738,1.306,11.864,3.2401,7.6605,90.834,79.714,80.913,89.265,89.549,100.2,96.784,76.057,65.219,41.599,56.704,53.752,53.453,87.645,77.331,92.769,82.094,268.63,304.12,235.72,250.33,283.89,161.97,171.59,32.61,29.617,20.094,23.898,21.486,7.6617,4.4645,11.674,17.514,13.035,13.436,3.1839,4.3507,13.455,18.574,1.9868,3.0463,10.696,21.462,10.811,18.296,7.7666,35.823,41.77,37.517,82.464,95.757,93.741,87.307,74.895,80.707,202.27,183.25,162.34,168.56,194.22,156.81,163.87,195.9,138.02,150.84,142.73,118.63,135.85,114.98,88.299,92.566,96.642,93.349,98.069,87.202,90.644,117.14,75.977,79.844,78.666,74.257,78.783,110.38,103.7,72.893,70.719,70.489,68.42,69.763,76.284,72.878,66.576,73.436,68.46,68.172,58.444,51.095,55.383,50.14,48.144,53.673,86.371,86.971,107.93,103.64,103.77,94.331,93.378,265.8,258.92,269.43,307.46,271.5,242.32,228.99,151.51,128.53,97.646,124.72,32.847,36.55,10.921,40.137,1.1067,0.21493,6.3608,9.6763,4.4764,3.5955,38.023,53.747,66.317,46.967,37.563,29.223,68.248,63.901,90.163,88.555,90.437,97.66,132.33,130.74,133.22,120.37,122.86,124.39,110.51,106.02,107.79,93.001,94.682,109.96,95.767,69.126,75.42,89.215,91.109,91.28,92.727,89.639,86.099,77.162,78.783,79.433,76.747,82.703,88.562,78.869,85.941,65.794,69.104,70.624,71.251,69.335,69.07,62.63,59.649,30.852,65.002,56.149,53.584,55.664,61.239,52.977,53.039,86.976,88.334,92.749,90.414,93.016,93.024,32.705,20.108,99.383,94.687,103.76,77.248,78.649,77.694,77.915,64.694,71.036,74.987,69.961,69.742,70.617,98.85,96.842,76.377,78.46,78.935,100.59,79.963,80.651,81.792,80.067,75.596,73.577,99.091
181.6,118.9,74.499,41.243,34.418,28.218,27.81,2.1509,6.2182,0,0.33988,13.099,21.74,15.966,0.23067,66.713,55.334,69.617,75.406,75.855,80.03,85.593,55.983,45.291,31.449,51.414,49.078,47.743,82.062,73.035,67.411,80.872,231.38,261.51,208.41,228.49,262.29,135.59,148.2,27.31,27.753,20.131,20.94,11.352,11.185,8.7214,5.755,25.233,2.1245,5.3025,0.50779,0.40626,2.6265,6.3436,8.1594,0.66095,6.2853,5.3191,0.7387,5.8764,11.969,26.68,41.513,23.064,56.218,80.994,80.101,74.599,66.944,69.411,165.9,151.5,131.81,138.88,163.7,124.77,139.63,183.69,123.27,118.85,123.57,93.627,111.59,93.449,74.627,77.819,77.041,81.859,85.657,74.28,81.252,106.28,56.994,57.803,57.78,54.156,58.843,80.251,75.158,53.207,51.168,49.794,48.216,49.674,53.406,52.188,51.358,52.046,66.105,52.788,41.723,45.6,51.223,47.065,43.517,48.081,81,81.523,79.029,72.703,99.783,68.613,67.93,246.87,217.71,242.89,275.59,245.49,203.21,194.97,115.74,98.265,79.166,116.63,29.039,40.56,11.274,20.11,12.435,8.0557,24.415,1.4295,6.5912,14.463,43.526,29.834,40.708,31.394,32.952,20.811,64.436,44.614,76.787,75.037,75.133,79.225,117.64,123.6,114.58,106.4,108.31,111.18,87.865,86.177,89.782,66.304,89.62,96.149,85.08,59.864,64.247,77.96,80.086,79.582,81.666,79.234,74.127,56.439,57.711,58.825,56.985,61.09,66.826,58.111,61.035,48.121,51.502,50.403,50.731,49.064,47.208,44.278,41.737,20.382,46.86,47.145,46.38,50.2,56.826,47.33,47.242,81.079,82.598,67.974,65.787,67.911,67.758,23.169,15.5,82.149,75.899,79.334,56.941,58.048,57.417,57.1,44.873,51.033,56.723,50.495,50.36,50.866,86.377,81.325,56.189,57.324,57.858,82.122,60.393,59.589,60.524,59.33,55.962,53.888,81.902
186.46,128.79,80.44,48.399,40.2,33.294,32.716,2.9828,8.4738,0.33988,0,16.005,27.511,20.312,0.74728,70.731,58.565,76.438,82.066,82.568,85.674,93.234,60.282,48.907,36.053,58.183,55.795,54.221,90.444,81.159,71.168,89.82,239.11,268.9,217.61,239.4,274.21,142.4,156.14,32.372,33.321,25.213,25.754,13.962,15.407,12.496,8.2443,31.381,2.7182,7.3388,1.3424,0.7057,3.4237,7.6971,11.644,1.8238,9.0795,5.1525,0.15493,7.0861,16.333,31.07,48.324,26.091,59.027,87.767,87.038,81.428,74.187,76.221,171.57,157.72,137.52,145.08,170.68,129.81,147.06,194.95,131.92,123.64,131.4,98.889,117.85,99.47,81.281,84.435,82.649,89.268,93.087,81.054,88.989,114.91,61.597,61.766,62.009,58.333,63.35,83.544,78.572,57.415,55.273,53.545,51.973,53.557,56.88,56.101,56.394,55.786,74.139,57.881,45.8,51.973,58.147,53.881,49.881,54.598,89.363,89.9,82.574,75.322,109.22,72.353,71.697,258.85,224.05,253.29,285.83,256.08,209.57,202.25,119.4,102.5,85.117,126.15,34.457,47.764,15.335,21.417,15.687,10.851,29.242,0.47075,9.9244,18.883,51.078,31.091,42.497,34.923,38.566,24.795,72.175,48.329,83.606,81.74,81.506,85.188,126.08,133.54,122.14,114.49,116.38,119.61,93.371,92.199,96.355,69.656,98.439,103.82,92.784,66.5,70.799,85.217,87.489,86.843,89.14,86.702,81.064,60.62,61.892,63.181,61.416,65.357,71.406,62.389,64.508,52.438,56.055,54.306,54.587,52.863,50.5,48.181,45.556,23.955,50.989,53.058,52.539,56.869,64.048,53.791,53.675,89.366,90.983,71.909,69.625,71.761,71.56,27.179,19.529,88.502,81.618,83.996,61.248,62.358,61.761,61.302,48.483,55.028,61.465,54.576,54.45,54.907,93.831,87.971,60.475,61.467,62.047,88.226,65.076,63.89,64.835,63.688,60.358,58.139,88.252
251.81,137.33,107.67,43.894,47.408,43.108,43.969,5.3207,1.306,13.099,16.005,0,13.132,2.219,15.281,109.23,97.822,94.011,103.64,103.86,117.37,110.27,92.455,81.168,52.884,66.58,63.27,63.393,98.552,87.412,111.68,90.988,296.03,334.18,258.62,271.25,305.24,183.08,191.72,41.564,37.018,26.221,31.473,31.682,11.467,7.6375,19.562,20.134,22.548,22.256,8.4492,10,23.036,29.201,3.9839,8.335,17.946,33.346,19.24,28.947,11.288,46.457,48.992,50.235,101.33,110.67,108.15,101.16,86.442,93.799,228.08,206.91,185.06,191.1,217.62,179.97,184.18,211.89,153.94,173.85,160.55,138.18,155.55,133.09,102.57,107.39,113.5,106.87,112.09,101.14,103.23,130.99,91.959,97.105,95.457,90.602,95.222,131.58,124.12,89.036,86.734,86.919,84.592,85.943,93.726,89.394,80.792,90.23,77.461,82.506,72.938,60.863,64.741,58.862,57.446,63.572,97.154,97.801,128.61,124.9,114.39,113.43,112.34,285.76,287.66,292.58,333.35,294.46,269.96,254.43,175.91,150.31,114.09,137.57,41.201,41.715,16.326,54.886,0.23596,0.95077,2.7675,16.931,8.5494,3.6035,42.583,70.536,84.297,60.553,46.45,39.248,77.863,79.563,104.37,102.77,105.42,114.09,148.1,143.32,150.62,135.58,138.36,139.37,128.93,123.23,124.32,112.41,105.55,124.85,109.02,81.042,88.307,102.53,104.38,104.83,106.05,102.61,99.619,93.841,95.647,96.145,93.051,99.901,106,95.619,104.46,80.923,84.326,86.884,87.644,85.567,85.871,77.897,74.636,41.748,80.28,67.535,64.145,65.577,70.894,62.876,63.001,97.997,99.324,111.45,108.98,111.84,111.91,43.341,28.134,115.38,111.17,122.66,93.773,95.332,94.223,94.654,80.584,87.23,90.662,85.916,85.658,86.702,112.92,112.09,92.828,95.337,95.807,117.11,96.3,97.574,98.831,96.849,91.812,89.745,115.07
172.65,67.37,54.499,9.6417,14.175,13.552,14.55,19.369,11.864,21.74,27.511,13.132,0,4.8447,20.75,62.236,56.918,42.187,49.501,49.521,62.624,51.859,48.893,43.425,20.905,23.706,21.711,22.322,42.012,34.823,65.066,35.993,199.85,233.21,164.53,170.91,196.93,109.91,113.57,12.708,8.8888,4.78,7.9761,16.107,2.0457,2.9319,10.966,0.84119,22.442,14.239,18.054,22.202,21.373,20.978,4.3771,15.656,8.988,32.056,29.998,21.636,1.6636,17.663,12.924,25.105,61.256,54.323,52.042,47.265,35.904,42.065,150.11,130.95,115.05,118.26,137.26,113.3,108.96,122.31,82.203,109.34,89.297,79.693,89.888,73.308,48.742,52.345,59.849,49.938,53.68,47.394,46.578,64.919,47.447,53.513,51.322,48.007,50.143,82.003,75.809,46.767,45.504,46.976,45.297,45.775,52.956,48.127,38.063,49.389,28.369,39.076,35.953,20.961,22.205,18.756,18.847,22.345,41.076,41.501,78.707,79.725,51.46,66.435,65.523,180.71,197.36,189.68,224.29,190.82,182.45,166.52,115.28,92.823,59.217,68.144,11.534,8.4797,3.7225,35.976,9.8608,9.3789,8.9989,33.362,4.4272,2.978,8.6038,46.52,53.492,29.702,14.035,14.828,29.129,41.912,49.604,48.757,51.591,59.178,78.23,71.71,82.321,69.536,71.685,71.62,71.798,65.837,65.013,67.217,46.162,62.512,50.811,33.627,38.865,47.177,48.158,48.824,49.199,46.744,45.884,50.326,51.632,51.354,48.844,54.418,57.765,51.257,60.816,40.624,42.179,46.373,47.094,45.826,48.046,40.032,38.089,17.783,40.857,26.428,23.575,23.284,25.549,22.031,22.176,41.796,42.545,64.206,62.737,64.826,65.066,17.114,8.7456,58.978,57.772,69.943,49.815,50.933,50.007,50.837,43.035,46.272,46.035,45.015,44.796,45.722,54.226,55.71,49.207,51.552,51.719,60.999,50.304,52.596,53.475,51.858,48.079,47.117,58.752
223.6,107.97,86.721,27.893,32.826,30.24,31.28,9.4856,3.2401,15.966,20.312,2.219,4.8447,0,17.015,91.756,82.882,72.783,81.815,81.934,96.172,86.326,75.829,66.908,39.636,48.192,45.336,45.802,74.6,64.902,94.535,67.067,260.2,297.12,222.27,231.58,262.27,155.18,161.37,28.926,24.203,15.886,20.709,25.159,5.58,3.5829,15.319,9.6185,22.477,18.556,11.222,14.014,22.315,25.983,1.7555,10.131,13.346,33.513,23.509,26.13,5.2237,34.376,32.699,40.391,86.99,88.067,85.488,79.277,65.279,72.608,199.59,178.61,159.04,163.8,187.35,155.52,155.15,175.3,125.02,150.28,132.44,116.11,130.44,110.01,80.848,85.317,92.67,83.572,88.315,79.348,79.756,103.86,74.792,80.739,78.708,74.376,77.955,113.88,106.72,72.887,70.992,71.863,69.734,70.711,78.632,73.794,63.836,74.902,56.117,65.286,58.545,43.722,46.335,41.303,40.72,45.901,73.362,73.928,110.6,109.11,87.597,96.174,95.125,243.76,254.79,252.52,291.49,254.01,237.94,221.54,154.45,129.38,92.605,108.68,28.024,25.994,9.572,48.364,1.0808,1.787,1.2906,23.274,5.0302,0.30817,26.35,62.457,73.668,48.518,32.257,28.86,56.867,65.252,82.22,80.952,83.926,92.582,119.94,113.4,123.65,108.89,111.49,111.88,107.1,100.9,100.95,96.029,80.356,99.658,85.088,61.341,68.039,79.847,81.309,81.942,82.73,79.602,77.7,77.324,78.973,79.089,76.117,82.7,87.685,78.759,88.469,65.303,67.938,71.53,72.315,70.535,71.845,63.369,60.588,31.831,65.084,50.385,46.967,47.451,51.371,45.369,45.523,74.227,75.295,93.963,91.886,94.497,94.657,32.367,19.283,93.098,90.332,102.88,77.017,78.436,77.356,78.025,66.389,71.662,73.349,70.297,70.043,71.09,89.035,89.576,76.193,78.766,79.104,95.115,78.606,80.503,81.634,79.729,75.055,73.448,92.812
168.89,110.08,66.737,37.278,29.994,24.097,23.634,3.5338,7.6605,0.23067,0.74728,15.281,20.75,17.015,0,59.121,48.42,62.491,67.81,68.248,71.86,77.718,49.107,39.096,26.696,45.795,43.66,42.299,74.849,66.379,59.762,74.184,217.09,246.24,195.15,214.95,247.85,124.81,137.08,23.303,24.104,17.402,17.735,8.4858,10.116,8.2524,4.0276,23.362,0.97557,3.4653,1.1316,1.2275,1.305,4.1562,8.4294,1.0453,4.6366,3.6169,0.90561,3.7786,10.93,22.373,37.078,18.756,49.251,73.071,72.296,67.122,60.232,62.295,153.77,139.97,121.05,127.87,151.76,114.28,128.78,172.15,113.58,108.62,113.58,84.642,101.83,84.593,67.081,70.047,69.043,74.131,77.684,66.803,73.723,97.548,50.096,50.767,50.774,47.39,51.804,71.881,67.062,46.511,44.602,43.285,41.82,43.187,46.627,45.527,44.965,45.378,60.006,46.301,35.87,40.307,45.734,41.941,38.443,42.628,73.857,74.349,70.72,64.777,91.963,60.893,60.252,233.02,203.78,228.67,260.25,231.23,189.77,181.88,105.65,88.977,71.116,107.73,25.057,36.791,9.586,16.072,14.177,9.3825,26.303,2.3941,6.0187,14.99,39.79,24.9,34.857,26.338,28.59,17.065,58.262,38.48,69.157,67.482,67.456,71.174,108.17,114.53,104.97,97.423,99.22,102.07,79.223,77.728,81.261,58.713,82.122,87.613,77.269,53.407,57.404,70.432,72.477,71.944,73.98,71.714,66.727,49.517,50.704,51.765,50.06,53.871,59.281,51.089,53.764,41.812,44.985,43.867,44.166,42.611,40.849,38.195,35.841,16.525,40.614,41.433,40.874,44.635,50.993,41.916,41.819,73.88,75.345,60.301,58.239,60.237,60.091,19.127,12.636,74.023,67.995,71.059,50.001,51.034,50.45,50.136,38.708,44.463,49.87,43.974,43.85,44.313,78.368,73.338,49.297,50.338,50.842,73.932,53.278,52.472,53.347,52.237,49.102,47.15,73.79
29.381,25.47,2.8542,31.016,18.124,17.73,16.602,87.367,90.834,66.713,70.731,109.23,62.236,91.756,59.121,0,0.7261,7.5039,5.6993,5.9148,1.9756,10.184,0.8098,2.1322,11.031,14.283,15.319,13.81,16.777,17.242,0.067866,23.639,49.749,64.078,42.227,55.73,73.565,13.046,18.857,18.71,24.502,32.636,25.888,24.35,52.087,60.051,37.708,50.757,45.748,35.943,73.171,76.929,43.171,31.953,72.027,69.001,39.2,40.641,67.425,33.128,53.222,13.88,23.905,11.75,1.1914,5.765,6.6314,6.6802,11.213,7.4803,22.326,17.212,11,13.27,21.84,9.0789,15.317,43.693,16.738,7.6098,13.047,2.5144,6.6941,3.6163,5.7619,5.2673,1.8618,9.1329,8.8766,6.425,11.459,15.654,1.1161,0.35661,0.52776,0.9247,0.73367,1.5058,0.79307,1.1048,1.332,1.2907,1.5859,1.3942,0.7627,0.99291,3.3466,0.93212,19.618,3.1628,3.715,14.291,16.055,18.062,15.837,13.965,16.893,16.878,1.0095,2.0252,23.287,0.10384,0.073589,67.788,43.589,59.613,73.772,61.305,37.135,33.808,8.1541,3.272,2.7534,22.277,20.468,33.524,42.129,15.184,100.9,90.161,113.54,81.72,56.698,81.54,36.655,10.139,5.2791,7.1687,17.88,17.738,17.039,2.3622,6.3512,5.961,4.4184,2.7881,14.978,25.873,10.655,12.321,12.304,14.483,2.1574,3.0907,4.8857,0.36027,19.129,9.7957,10.654,9.0167,7.1188,8.7128,9.3307,8.5034,9.5712,9.8886,7.362,0.63202,0.49487,0.54905,0.84953,0.27724,0.27809,0.54046,0.25679,2.2974,1.9919,1.2772,1.1887,1.4493,1.7027,2.6449,3.2838,15.921,2.2876,9.4293,11.785,14.058,15.65,13.929,13.714,16.132,16.653,0.017639,0.023467,0.039265,0.05478,15.154,26.956,4.0189,2.1487,0.62449,0.69993,0.57906,0.68597,0.57628,2.2278,1.2432,1.4201,1.4275,1.4643,1.3168,8.9591,5.1849,0.76909,0.50359,0.48662,3.2066,0.83426,0.42205,0.35462,0.50241,0.93608,1.0503,4.0099
36.68,32.636,5.4261,30.29,16.743,15.396,14.184,75.093,79.714,55.334,58.565,97.822,56.918,82.882,48.42,0.7261,0,10.105,8.6994,8.9729,4.7587,14.346,0.95779,0.91507,9.0138,15.116,15.876,14.194,20.818,20.425,0.6343,27.566,61.331,76.485,53.886,69.179,88.908,19.821,26.981,16.234,22.051,28.715,22.281,18.462,45.529,52.422,30.414,46.769,36.164,28.385,61.767,64.839,33.959,24.21,63.304,58.153,32.078,31.037,55.325,25.159,46.751,11.169,23.42,7.8691,0.16369,9.2355,10.109,9.6891,13.702,10.06,29.662,24.337,16.793,19.779,30.076,13.996,22.698,55.152,23.842,12.019,19.784,5.9022,11.818,7.5086,8.6995,8.4303,4.4179,12.928,12.968,9.3862,15.308,21.641,1.5508,0.39891,0.76447,0.8428,1.2474,2.4978,1.5762,0.96963,0.95948,0.54905,0.71919,0.74039,0.090862,0.56407,3.5762,0.36253,22.086,3.5484,2.5029,14.41,16.873,18.368,15.698,14.392,20.838,20.871,2.1486,1.9314,28.929,0.73798,0.68293,82.516,53.558,73.396,88.705,75.294,46.566,43.623,11.43,6.1227,5.663,29.217,18.268,32.614,36.14,9.516,90.295,79.637,104.12,68.386,48.808,73.327,36.006,5.4537,2.0989,4.5744,16.283,14.037,19.339,1.1602,9.5264,8.9518,7.2638,5.7088,21.645,33.383,16.725,18.125,18.224,20.734,5.3618,6.5174,8.868,0.51311,23.872,14.735,14.797,10.694,9.1648,12.149,12.985,12.069,13.373,13.496,10.375,0.73162,0.69246,0.95655,1.1677,0.79033,1.4327,0.83808,0.14721,1.8128,1.9475,0.69678,0.60042,0.68405,0.39434,1.5469,1.8998,11.994,1.5695,9.6324,11.965,14.744,17.117,14.262,14.034,20.075,20.742,0.76499,0.54414,0.71481,0.68052,11.815,22.284,7.3615,4.692,2.6846,0.92811,0.89442,0.97677,0.74194,0.97105,0.78071,1.9232,0.98219,1.0147,0.87381,13.113,8.6193,0.92444,0.64337,0.7012,6.4089,1.5856,0.84777,0.85763,0.94972,1.1497,0.99988,7.3334
47.507,7.8758,1.4694,12.781,7.9102,10.077,9.9374,84.556,80.913,69.617,76.438,94.011,42.187,72.783,62.491,7.5039,10.105,0,0.33479,0.32006,3.2103,0.8403,4.878,7.5682,7.5007,2.6897,3.4084,3.1383,1.9152,2.0357,8.9975,4.5097,58.431,77.246,40.797,46.803,62.299,16.107,17.408,10.801,13.101,20.952,16.874,25.103,39.817,48.231,35.773,31.404,51.386,36.532,72.531,78.329,48.314,36.878,59.491,67.451,35.554,51.577,75.013,38.496,40.171,10.106,8.7021,14.625,12.785,0.78984,0.51679,0.14625,0.46132,0.00015549,34.835,25.307,19.342,19.96,27.453,19.909,15.551,27.268,7.7091,18.959,8.8742,7.9575,9.465,4.9953,0.27844,0.61782,2.7788,0.49761,0.84228,0.16003,0.65007,3.9503,3.7655,6.5242,5.3153,5.2742,4.2598,14.773,12.688,5.0965,5.4511,6.972,6.9113,6.3677,8.5675,6.3227,2.43,7.1232,3.2492,2.2397,5.9137,3.6945,3.3387,4.8197,4.6522,3.1264,1.9255,1.9325,12.872,17.307,5.0334,9.3205,9.0452,54.512,58.054,55.062,73.31,55.981,50.078,41.2,24.57,14.609,2.1476,6.7218,10.748,14.49,32.423,25.663,85.261,77.943,89.806,88.839,47.326,63.707,15.827,23.444,18.622,9.745,8.2994,14.327,2.3244,7.136,0.30579,0.26436,0.68315,2.1254,6.373,8.7291,6.7008,3.9579,4.3893,4.8524,5.4252,3.2878,2.6097,11.098,2.9616,2.229,0.82307,0.4892,0.10803,0.24039,0.38215,0.33328,0.49679,0.36882,0.081227,5.408,5.513,4.8668,4.4142,5.4898,4.903,5.1314,9.4809,4.6465,3.7824,6.3018,6.5229,6.7306,9.1898,6.3605,6.8731,14.834,5.3704,2.2787,2.8458,2.8022,2.4696,3.2501,3.2,1.6946,1.8931,8.1575,8.2669,8.5914,8.8248,12.473,20.787,1.6768,2.2597,6.9507,4.9133,4.9918,4.7988,5.3708,7.6009,5.9169,3.2689,5.5405,5.498,5.7147,0.91613,1.0099,4.9432,5.6503,5.4914,2.2621,3.7234,5.1764,5.2317,4.9059,4.4876,4.9509,1.6435
39.865,7.8407,0.52962,17.199,10.996,13.144,12.841,92.04,89.265,75.406,82.066,103.64,49.501,81.815,67.81,5.6993,8.6994,0.33479,0,0.002117,1.6024,0.7089,4.1144,7.2629,9.5243,4.8545,5.7904,5.3547,3.0136,3.6765,6.9796,6.571,50.438,67.855,34.894,41.503,56.455,11.93,13.444,13.999,17.022,25.736,20.924,28.342,46.168,55.074,40.347,37.843,55.616,40.718,79.081,84.824,52.445,40.251,67.082,73.889,40.395,54.7,80.208,41.9,46.64,12.56,12.349,16.317,11.078,0.11561,0.079116,0.053308,1.5422,0.34154,28.358,19.877,14.589,15.163,21.938,15.11,11.638,24.638,5.9024,14.329,6.2439,5.1312,6.2525,2.7502,0.0029269,0.043138,1.3622,0.4177,0.47336,0.036417,0.9991,3.3178,3.1441,5.3756,4.3514,4.577,3.4103,11.608,9.9264,4.5038,4.9614,6.3549,6.4377,5.8518,7.4643,5.6085,2.6729,6.3044,5.526,2.3987,6.2885,6.0391,5.7486,7.6201,7.2619,5.3542,3.0992,3.0751,9.9224,14.311,5.9715,7.205,6.9949,49.429,49.725,48.656,65.412,49.625,42.364,34.446,19.491,10.833,0.85872,6.3802,14.176,19.177,37.922,26.729,94.538,86.453,100.14,94.809,53.795,72.137,20.749,23.377,17.723,10.796,11.369,17.247,4.3442,6.9622,0.018776,0.0047367,0.089409,0.84244,4.7159,8.4113,4.3895,2.7216,2.9948,3.6387,3.158,1.5467,1.0862,8.9254,3.9515,1.2979,0.80495,1.5455,0.64246,0.32273,0.44542,0.28113,0.50561,0.57841,0.14333,4.5215,4.5218,3.9085,3.6636,4.285,3.4711,4.1756,7.7707,4.5915,3.6043,5.735,5.895,6.2107,8.5019,6.3529,7.0486,17.387,5.2884,3.851,4.8083,4.9762,4.6225,5.4952,5.4177,2.7571,2.944,6.2071,6.4187,6.5934,6.8081,15.041,24.819,0.5172,1.0201,4.6646,4.0751,4.0638,3.9476,4.4443,7.3306,5.3595,2.7789,5.092,5.0686,5.2048,0.51476,0.18661,4.1532,4.6637,4.4938,0.88452,2.8783,4.1161,4.1032,3.9077,3.797,4.3312,0.49944
40.055,7.5919,0.59115,17.132,11.043,13.246,12.957,92.44,89.549,75.855,82.568,103.86,49.521,81.934,68.248,5.9148,8.9729,0.32006,0.002117,0,1.6912,0.63402,4.3013,7.4996,9.6694,4.8317,5.7702,5.354,2.8735,3.5527,7.2166,6.3809,50.408,67.861,34.737,41.211,56.089,11.946,13.372,14.101,17.08,25.827,21.04,28.632,46.314,55.251,40.639,37.84,56.056,41.047,79.487,85.271,52.869,40.638,67.277,74.27,40.661,55.206,80.733,42.298,46.774,12.719,12.314,16.586,11.386,0.11126,0.060526,0.040773,1.49,0.32761,28.477,19.946,14.693,15.23,21.95,15.266,11.605,24.301,5.7608,14.503,6.1711,5.2575,6.3041,2.8142,0.0050736,0.050179,1.4525,0.36037,0.41633,0.028347,0.91363,3.17,3.3067,5.591,4.5451,4.7729,3.5819,11.888,10.195,4.6967,5.1615,6.5831,6.6645,6.0692,7.7171,5.8249,2.7964,6.5348,5.405,2.5184,6.485,6.0457,5.7123,7.5895,7.2674,5.3504,2.9601,2.9351,10.182,14.642,5.7511,7.4439,7.2314,49.052,49.804,48.41,65.188,49.364,42.438,34.443,19.755,11.045,0.92177,6.162,14.249,19.105,38.086,27.135,94.739,86.695,100.21,95.357,54.009,72.254,20.648,23.794,18.105,11.031,11.429,17.434,4.2477,7.1903,0.0082854,0.002976,0.11535,0.90452,4.5901,8.1599,4.3354,2.6195,2.8954,3.5102,3.2618,1.6073,1.1028,9.1946,3.7784,1.2263,0.72452,1.5403,0.64713,0.27602,0.3876,0.23506,0.44268,0.51467,0.12147,4.7184,4.7194,4.0923,3.8403,4.4774,3.6408,4.3654,8.0276,4.7725,3.7678,5.9512,6.1153,6.4346,8.766,6.5654,7.2664,17.608,5.484,3.8981,4.8339,4.9611,4.5649,5.4957,5.4205,2.6245,2.804,6.43,6.6483,6.8231,7.0417,15.229,24.995,0.54842,1.1007,4.8336,4.262,4.2511,4.1317,4.6398,7.5674,5.5686,2.93,5.2937,5.2695,5.4101,0.45612,0.193,4.3413,4.8642,4.6907,0.93637,3.0363,4.3049,4.2917,4.0917,3.976,4.5208,0.53083
27.531,13.505,0.34767,27.122,17.218,18.556,17.799,99.979,100.2,80.03,85.674,117.37,62.624,96.172,71.86,1.9756,4.7587,3.2103,1.6024,1.6912,0,3.7292,2.4037,5.5465,12.708,10.665,11.897,10.927,8.8645,10.128,2.6197,14.622,40.708,55.462,30.202,39.683,54.864,7.4204,10.525,19.611,24.373,33.963,27.654,31.306,56.004,65.218,45.362,49.953,57.971,44.597,85.496,90.556,54.862,42.047,78.132,80.483,46.183,54.406,82.839,43.586,56.825,16.213,20.629,17.214,6.1754,1.288,1.8201,2.2384,6.1038,3.2157,18.825,12.665,7.9174,8.9642,15.418,7.6262,8.2454,27.574,7.2982,6.837,5.3847,1.1146,2.7115,0.52221,1.6962,1.2054,0.03259,3.2657,2.8717,2.1102,4.9113,6.6124,2.0028,2.6638,2.2354,2.8398,1.7895,4.8579,3.9696,2.9729,3.4849,4.2782,4.602,4.0867,4.2867,3.5523,3.4242,3.886,12.918,3.0754,6.1949,11.705,12.131,14.521,13.351,10.988,9.0517,8.992,3.8044,7.0912,12.727,2.6673,2.5926,49.154,37.897,44.472,58.602,45.725,31.568,26.246,10.021,4.1258,0.11726,11.133,20.559,29.592,46.187,24.701,108.09,98.241,117.16,98.291,62.84,85.592,31.934,19.44,13.017,11.203,17.38,21.212,10.989,5.5707,1.8756,1.7785,0.95107,0.12401,6.1169,13.678,3.7534,4.431,4.4212,5.7616,0.32488,0.14427,0.64811,3.8638,10.108,3.0388,4.0795,5.3958,3.5472,3.2681,3.5209,3.0103,3.5705,3.9643,2.7011,2.4797,2.3096,1.9432,2.1209,1.8178,0.979,2.128,3.6002,4.0595,3.1331,3.9076,3.916,4.3467,5.8013,5.4409,6.3426,20.297,4.5045,7.7451,9.6123,10.691,10.914,11.096,10.942,8.4436,8.7202,2.1535,2.4262,2.3686,2.4988,18.459,30.652,0.43144,0.10142,0.86677,2.2517,2.0968,2.1434,2.3602,5.6656,3.6495,2.0055,3.6548,3.6734,3.6236,2.8862,0.97525,2.3857,2.4157,2.2798,0.16707,1.4587,1.9225,1.8095,1.8795,2.3131,2.8037,0.43541
42.853,3.867,2.256,17.408,13.142,16.314,16.252,101.59,96.784,85.593,93.234,110.27,51.859,86.326,77.718,10.184,14.346,0.8403,0.7089,0.63402,3.7292,0,8.2377,12.401,13.333,5.5201,6.5436,6.447,1.2839,2.3477,11.832,4.0633,49.228,67.078,31.65,35.807,49.264,12.238,12.127,17.197,19.518,28.979,24.522,35.107,50.735,60.314,47.351,39.612,65.361,48.363,88.584,95.102,61.889,48.851,72.779,82.909,46.968,65.5,91.711,50.711,51.005,16.7,13.024,22.405,17.325,0.64442,0.3798,0.52713,1.4691,0.86331,30.219,20.984,16.472,16.33,21.95,17.961,11.058,18.551,3.6497,17.559,5.1477,7.7567,7.4041,4.3,0.72252,0.80394,3.5504,0.048551,0.060638,0.58923,0.17265,1.1475,6.8316,9.97,8.568,8.8812,7.2273,17.082,15.244,8.7667,9.3789,11.282,11.362,10.591,12.771,10.295,5.7701,11.237,4.3582,5.4095,10.786,7.2903,6.2012,8.2482,8.538,6.39,1.4015,1.3554,15.04,20.775,2.7002,12.077,11.832,42.178,50.534,43.639,60.572,44.342,43.168,33.947,24.338,14.913,2.5541,2.9315,16.866,19.329,42.683,35.29,100.65,93.195,104.01,106.89,59.659,76.512,20.405,31.958,25.49,16.123,13.757,22,3.5939,11.961,0.49799,0.65333,1.2036,2.5205,2.7853,4.339,3.7005,1.3095,1.6074,1.7329,5.4552,3.1179,1.867,14.359,1.5816,0.51472,0.010545,2.3539,1.548,0.18182,0.091546,0.12916,0.04612,0.13782,0.46766,8.8107,8.8051,7.9393,7.5949,8.4344,7.1546,8.3202,13.05,8.7217,7.3841,10.444,10.67,11.071,14.094,11.087,11.914,22.72,9.6905,5.7351,6.353,5.7886,4.6296,6.6135,6.5756,1.1645,1.2083,10.805,11.161,11.312,11.596,19.739,29.558,1.6343,3.0566,8.1888,8.1833,8.1636,8.0018,8.701,12.478,9.9354,6.2714,9.548,9.5114,9.7157,0.066146,0.89267,8.2933,9.0039,8.7652,2.3534,6.4401,8.2229,8.192,7.9337,7.7828,8.5298,1.6222
39.156,23.267,2.2373,22.073,11.304,10.973,10.104,73.997,76.057,55.983,60.282,92.455,48.893,75.829,49.107,0.8098,0.95779,4.878,4.1144,4.3013,2.4037,8.2377,0,0.64781,5.9059,8.836,9.5389,8.2977,12.898,12.538,1.2193,18.248,59.928,76.431,49.111,61.603,80.227,17.383,22.81,11.751,16.403,23.227,17.626,17.447,40.303,47.53,28.749,38.745,37.411,27.604,61.243,65.111,34.977,24.901,58.364,57.23,29.815,34.047,57.655,26.037,41.25,8.0996,16.169,7.2117,1.9095,4.6984,5.1919,4.714,7.4158,4.8448,30.265,23.511,16.278,18.592,28.233,14.46,19.215,45.429,17.329,12.744,14.948,4.8409,9.5685,5.0097,4.0858,4.0546,1.9966,7.1188,7.3074,4.5087,8.7669,14.434,0.071987,0.15689,0.03033,0.018207,0.046252,4.4505,3.1091,0.03537,0.1086,0.28107,0.35459,0.22204,0.51631,0.12517,0.94811,0.23415,13.937,0.89119,1.1592,8.5853,10.223,11.632,9.7225,8.4331,12.899,12.931,3.6091,4.7412,19.605,1.4066,1.2745,73.274,54.356,67.216,83.685,68.822,46.951,42.098,14.033,7.1125,2.6746,20.565,13.135,24.164,31.667,11.694,84.649,75.114,95.582,70.773,44.775,66.538,26.915,8.4007,4.7982,3.5952,11.092,11.26,11.769,0.67029,4.6849,4.258,3.2468,2.6996,15.349,24.104,12.077,12.058,12.287,14.169,3.6094,3.7064,5.1392,1.7706,15.396,9.0826,8.5301,5.2865,4.1978,6.4556,7.0959,6.4536,7.417,7.425,5.1513,0.017346,0.041683,0.036759,0.013174,0.14959,0.48577,0.028063,0.94699,0.39322,0.26621,0.18271,0.19058,0.28722,0.82432,0.68741,1.0479,10.028,0.43407,4.9376,6.6797,8.6014,10.2,8.3728,8.2016,12.313,12.847,1.0563,0.90907,1.1555,1.2022,9.2176,18.759,3.7214,2.0051,2.1463,0.0046699,0.022126,0.0091043,0.022397,0.68974,0.12965,0.16661,0.14187,0.14879,0.12774,7.4388,4.3543,0.00054718,0.045321,0.043058,3.2574,0.13168,0.06991,0.10718,0.051531,0.008895,0.020699,3.6885
47.257,30.118,5.0908,21.164,10.004,8.8187,7.8992,62.249,65.219,45.291,48.907,81.168,43.425,66.908,39.096,2.1322,0.91507,7.5682,7.2629,7.4996,5.5465,12.401,0.64781,0,4.1923,9.6641,10.088,8.714,16.77,15.557,2.4299,21.873,71.932,89.384,60.874,74.885,95.293,24.496,31.106,9.4494,14.017,19.392,14.181,12.072,33.863,40.054,21.912,34.604,28.566,20.588,50.416,53.676,26.481,17.838,49.793,46.92,23.092,25.348,46.403,18.766,34.871,5.6979,15.592,3.8721,1.6405,8.3204,8.7849,7.8345,9.8946,7.5149,38.226,31.126,22.595,25.559,36.86,19.996,26.835,56.525,24.386,17.798,21.798,8.7085,15.054,9.2445,7.1693,7.3853,4.9067,10.944,11.443,7.591,12.577,20.313,0.95644,0.7669,0.78769,0.44942,1.0357,6.2143,4.6251,0.40315,0.24766,0.10717,0.046927,0.11202,0.47744,0.24695,1.5196,0.24493,16.219,1.6155,0.41468,8.7455,11.001,11.892,9.6114,8.8867,16.672,16.752,5.4732,5.5036,24.939,2.6926,2.5284,87.673,64.958,80.963,98.688,82.747,56.979,52.328,18.135,10.638,5.8837,27.257,11.049,23.051,25.866,6.8403,74.134,64.787,85.976,58.297,37.121,58.301,26.001,4.5988,2.4735,1.5074,9.6011,7.8983,13.938,0.016488,7.9838,7.387,6.2948,5.9178,21.99,31.305,18.279,17.862,18.219,20.372,7.229,7.4476,9.3478,2.6323,19.915,14.063,12.659,7.0385,6.3593,9.9338,10.773,10.068,11.236,11.038,8.2528,0.63991,0.76792,0.94685,0.81207,1.1913,2.1381,0.83898,1.5039,0.36685,0.654,0.14626,0.1562,0.077589,0.15133,0.10239,0.17852,6.5184,0.20175,5.2876,6.9505,9.2959,11.599,8.7398,8.5608,16.102,16.769,2.4195,2.0532,2.4612,2.4659,6.2341,14.36,7.3006,4.8775,4.7398,0.73566,0.84485,0.79834,0.7103,0.0010593,0.19784,1.0931,0.20933,0.20953,0.20637,11.635,7.966,0.65889,0.7189,0.78552,6.7429,1.3341,1.0116,1.1285,1.0033,0.70486,0.46866,7.2482
