0,1.3088,0.12282,4.0014,13.453,11.86,27.36,25.536,32.589,32.877,34.612,88.46,145.9,112.42,372.75,207.5,151.31,98.106,83.186,61.143,55.449,55.532,58.977,3.0573,5.6604,4.7499,4.7388,43.827,27.429,31.916,34.555,14.632,39.307,30.65,43.553,54.552,50.744,44.801,5.2858,10.391,13.277,15.797,27.934,19.747,16.721,19.997,17.039,20.336,26.542,24.851,24.163,24.985,25.687,28.454,33.676,24.426,18.635,30.641,42.564,34.311,40.529,43.854,46.33,39.751,39.975,72.792,48.208,96.276,95.181,125.03,121.7,169.41,258.68,257.15,224.39,151.42,164.61,100.25,101.7,103.7,94.055,100.47,61.741,62.551,93.805,41.06,59.005,63.683,57.571,56.527,51.074,57.884,54.931,40.561,58.355,58.584,53.339,43.048,68.243,78.07,13.445,14.874,42.062,36.572,28.366,35.693,27.147,43.139,41.945,47.214,64.298,57.785,69.619,68.368,69.799,69.815,51.235,44.307,52.319,58.107,48.75,50.252,61.564,56.988,41.673,47.803,46.941,44.833,40.652,43.019,35.044,40.452,41.227,41.316,39.982,41.005,41.249,42.874,1.0451,0.54077,13.581,14.328,11.293,26.393,25.558,16.164,27.207,24.551,22.074,32.485,27.614,38.97,33.049,46.921,34.826,39.416,33.09,104.19,80.141,106.49,101.22,97.204,133.9,142.83,281.43,213.6,158.42,146.68,134.19,160.3,81.264,133.23,90.36,59.197,72.056,78.747,84.766,99.238,89.764,101.84,86.687,91.004,75.776,57.918,53.763,53.472,53.04,52.096,80.58,5.2508,6.9729,9.5907,6.657,7.0399,7.451,24.721,25.397,43.257,42.577,37.158,30.068,58.04,67.712,54.099,54.972,50.156,59.112,44.3,60.265,47.443,54.084,56.497,50.678,59.065,54.697,56.37,50.183,55.656,51.725,55.072,43.281,49.67,51.012,49.297,58.656,43.682,45.196,41.212,40.704,41.125,10.785,9.6839,19.471,27.614,106.65,103.2,53.227,58.393,69.845,62.147,78.473,82.275,79.925,80.435,79.254,23.525,21.893,22.177,23.438,24.639,23.33,43.85,44.3,45.644,75.72,96.848,111.86,109.73,72.728,58.263,64.373,73.15,43.112,42.947,55.441,41.461,44.524,72.736,70.848,73.822,23.494,23.215,79.033,77.19
1.3088,0,1.233,0.84019,10.702,10.695,22.836,22.002,29.78,26.779,32.582,73.399,137.14,105.55,347.28,188.2,135.77,87.338,71.596,57.007,51.616,50.503,55.334,5.0791,11.332,1.5558,4.713,37.989,24.138,28.912,29.255,18.344,34.212,25.599,33.446,43.3,47.045,34.594,9.5457,10.02,13.577,18.432,18.021,13.387,13.055,15.797,14.003,16.44,22.365,20.284,20.321,21.265,21.282,23.877,29.139,19.192,14.065,26.453,33.873,26.89,32.461,34.753,40.324,34.382,34.373,69.132,44.151,89.917,85.04,108.77,114.48,156.92,243.97,241.98,210.61,143.78,147.58,86.685,88.32,87.864,80.014,95.945,58.627,58.662,88.24,37.552,53.476,60.38,53.148,51.504,46.501,53.058,50.719,36.673,54.34,54.286,48.208,42.653,54.998,74.437,6.438,8.0244,30.379,33.928,23.524,26.392,22.73,33.154,32.529,36.607,51.129,56.096,56.136,55.029,56.31,56.324,47.348,39.918,48.015,54.56,46.022,47.083,58.194,46.755,39.94,37.216,36.563,34.74,31.522,33.013,24.067,31.011,32.279,32.334,31.026,31.626,32.26,33.74,3.383,2.4668,10.828,13.156,9.9243,23.992,22.149,11.909,19.063,21.116,18.55,28.409,22.667,37.027,28.122,43.223,29.148,34.078,28.275,96.247,69.599,97.27,91.724,86.466,120.09,135.76,262.14,193.47,145.55,132.99,122.24,144.18,66.533,123.03,85.727,53.285,65.724,66.851,73.67,85.009,75.598,88.375,73.435,86.023,69.425,52.808,49.769,49.522,49.033,47.705,75.899,9.2475,4.0868,3.8481,7.9183,6.2415,6.6354,20.911,21.158,33.479,32.574,28.111,20.15,45.476,54.487,49.499,50.402,45.694,56.467,41.902,48.075,42.901,50.222,52.878,46.951,55.682,51.087,52.283,47.378,53.694,48.996,42.749,32.2,38.266,39.354,48.622,46.194,33.509,34.882,32.31,31.84,32.02,5.1449,11.093,15.305,21.392,97.33,88.02,49.199,53.877,65.276,58.361,74.31,76.921,75.298,75.89,74.641,19.653,18.201,18.412,19.557,20.445,19.514,33.769,33.187,35.106,72.684,87.966,103.79,102.89,61.045,55.848,51.2,70.05,33.198,31.922,43.278,30.921,33.662,68.526,66.291,69.535,19.617,19.404,75.185,73.672
0.12282,1.233,0,3.4933,11.088,9.5747,23.938,22.176,28.721,29.224,30.612,83.195,137.62,105.14,360.41,198.42,143.46,91.621,77.461,55.795,50.36,50.476,53.72,2.0659,5.1481,3.8952,3.3361,39.443,23.919,28.096,30.699,12.439,35.134,27.039,39.877,50.366,45.883,41.053,4.3401,8.2547,10.867,13.351,25.868,17.307,14.115,17.143,14.344,17.42,23.152,21.626,20.928,21.678,22.381,24.957,29.817,21.315,15.957,26.961,38.639,30.753,36.632,39.919,41.817,35.572,35.801,66.935,43.486,89.555,88.748,118.3,114.13,160.65,247.75,246.3,214.23,142.95,156.54,94.072,95.43,97.834,88.258,93.565,56.356,57.135,87.154,36.708,53.804,58.213,52.395,51.422,46.222,52.707,49.876,36.249,53.133,53.357,48.396,38.615,63.683,72,13.266,13.38,39.07,32.459,24.899,32.453,23.732,39.462,38.219,43.389,59.977,52.596,65.037,63.826,65.208,65.224,46.354,39.805,47.396,52.89,43.979,45.409,56.187,52.421,37.275,43.928,43.077,41.054,36.958,39.358,32.542,36.848,37.45,37.539,36.301,37.343,37.48,39.016,0.62259,0.24587,11.203,11.8,9.0738,22.924,22.188,13.69,24.45,21.258,18.98,28.674,24.214,34.719,29.261,42.256,30.989,35.255,29.29,97.244,74.406,99.54,94.487,90.752,126.43,134.59,270.37,204.47,150.03,138.75,126.5,152.24,76.321,125.43,83.822,54.007,66.3,73.29,78.895,93.232,84.207,95.58,81.09,84.447,69.861,52.75,48.76,48.482,48.072,47.186,74.417,4.2416,5.487,9.3856,5.0242,5.3131,5.6695,21.441,22.099,39.519,38.949,33.722,27.676,53.978,63.18,49.097,49.926,45.347,53.847,39.758,55.938,42.779,49.062,51.356,45.821,53.802,49.641,51.243,45.341,50.558,46.807,51.155,39.927,45.883,47.2,44.538,54.518,40.013,41.447,37.427,36.948,37.39,9.5315,7.7013,16.661,24.384,99.704,97.215,48.25,53.181,64.122,56.748,72.389,76.059,73.788,74.277,73.143,20.342,18.827,19.093,20.262,21.395,20.158,40.143,40.866,41.921,69.746,90.238,104.65,102.55,67.545,53.039,60.049,67.28,39.419,39.603,51.446,38.086,40.987,66.885,65.082,67.927,20.314,20.052,72.925,71.155
4.0014,0.84019,3.4933,0,7.7629,8.8273,17.475,17.323,24.901,20.163,28.013,59.259,123.04,93.876,317.82,166.64,118.07,74.28,58.998,49.444,44.569,42.764,48.19,6.7976,15.89,0.25688,4.6587,30.607,19.419,23.975,22.87,19.577,27.551,19.675,24.346,32.856,40.367,25.345,12.691,8.8266,12.448,18.684,11.079,8.1443,9.2508,11.352,10.47,12.103,17.256,15.146,15.613,16.541,16.141,18.388,23.217,13.79,9.6148,20.969,25.325,19.585,24.331,25.942,32.675,27.545,27.401,61.217,37.429,79.257,72.432,92.045,102.22,139.94,222.89,220.69,191.06,130.11,128.68,72.306,73.932,72.498,65.824,86.179,51.644,51.165,78.154,31.634,45.248,53.173,45.629,43.708,39.299,45.289,43.481,30.574,47.011,46.778,40.551,38.537,42.86,66.269,3.6626,3.6801,21.184,28.842,17.912,18.338,17.442,24.13,23.79,27.014,39.342,50.231,43.826,42.858,43.984,43.997,40.53,33.272,40.887,47.524,40.051,40.751,51.065,36.453,35.052,27.573,27.059,25.52,22.999,23.995,15.923,22.411,23.762,23.797,22.624,22.99,23.726,25.007,6.0149,5.0083,7.8701,10.976,8.0142,19.87,17.535,7.9129,12.329,16.583,14.215,22.829,17.076,32.193,22.051,36.793,22.555,27.283,22.257,84.339,57.629,84.573,79.137,73.469,103.92,122.74,238.09,171.36,128.8,116.31,106.92,125.84,53.003,108.65,76.355,44.836,56.302,54.404,61.188,70.44,61.636,73.945,59.981,76.413,59.79,44.878,42.729,42.527,42.031,40.541,66.973,12.151,2.1773,1.8126,8.3599,5.3042,5.6184,16.165,16.127,24.503,23.602,19.966,12.793,34.386,42.398,42.09,42.957,38.614,49.922,36.422,36.877,35.956,43.241,45.893,40.26,48.688,44.216,45.03,41.27,47.779,42.839,31.992,22.913,28.235,29.134,43.923,35.07,24.378,25.563,23.81,23.401,23.46,1.8458,11.182,10.937,15.234,84.573,72.887,42.174,46.254,56.973,50.949,65.799,67.515,66.437,67.051,65.821,14.992,13.799,13.944,14.9,15.512,14.902,24.648,23.78,25.684,65.003,75.904,91.459,91.353,49.074,49.496,39.406,62.461,24.197,22.683,32.52,21.939,24.278,60.282,57.942,61.189,14.958,14.806,66.837,65.619
13.453,10.702,11.088,7.7629,0,0.48411,2.4427,2.0175,4.873,4.4581,6.2949,37.329,71.518,49.1,246.09,116.81,75.374,39.019,30.603,18.33,15.349,14.74,17.443,6.5698,16.745,5.2077,2.6569,8.7207,2.6993,4.4878,4.8878,8.1981,6.8096,3.5001,11.569,16.801,12.908,12.065,11.096,1.0873,1.9436,6.062,11.341,2.5744,0.22408,0.71277,0.22255,0.71784,2.2106,1.7591,1.5723,1.8159,1.963,2.777,4.6105,1.8516,0.69967,3.5515,9.4094,5.69,8.1609,10.269,9.8583,6.9667,7.0486,25.566,11.381,38.629,37.108,59.044,55.267,87.408,154.32,153.06,128.09,76.088,85.303,41.743,42.443,46.282,38.738,42.639,19.437,19.305,37.482,8.1862,16.422,20.41,16.152,15.278,12.592,16.11,14.83,7.7536,16.837,16.787,13.536,12.007,25.285,28.852,17.117,6.2389,15.244,6.6859,2.7607,8.5067,2.3793,11.257,10.071,13.409,23.675,18.514,26.266,25.507,26.349,26.358,13.048,9.2908,13.38,17.024,12.57,13.017,19.126,16.482,9.8514,13.546,12.953,11.89,9.3203,11.262,13.44,9.709,9.2592,9.3263,8.9077,9.7616,9.3158,9.9878,10.2,10.559,0.00037345,0.64955,0.36822,2.7949,2.0588,0.43209,5.5562,1.7538,1.0875,4.2591,2.553,8.3524,4.333,10.935,5.0214,6.8271,4.3546,43.121,28.336,44.311,40.878,38.457,62.916,70.247,172.05,121.78,79.547,71.489,62.683,81.801,33.453,62.134,35.889,16.4,23.554,28.442,31.206,41.8,36.62,42.593,33.925,36.053,25.759,15.996,14.33,14.2,13.934,13.216,29.616,10.241,1.719,14.066,3.4718,1.2491,1.1291,1.7276,1.8818,10.964,11.145,8.3343,10.392,20.363,25.041,14.172,14.655,12.171,18.334,10.557,20.39,10.76,14.586,16.073,12.855,17.688,15.089,15.69,13.264,17.027,14.153,18.975,13.532,15.569,16.448,14.941,20.344,11.715,12.353,9.2013,9.0033,9.4219,5.4375,3.3146,0.62979,3.0875,44.403,45.121,14.021,16.554,23.123,19.146,28.677,30.241,29.244,29.621,28.835,1.4046,1.0287,1.0881,1.3822,1.6794,1.36,11.601,13.767,12.86,27.913,38.154,48.171,47.3,25.181,18.061,23.709,26.266,11.135,13.343,18.738,11.97,13.237,25.11,23.731,25.716,1.3965,1.3318,29.276,28.4
11.86,10.695,9.5747,8.8273,0.48411,0,3.8393,2.8122,5.1297,6.789,6.046,44.928,74.682,51.271,258.89,126.37,82.816,43.745,35.971,19.148,16.025,16.162,17.972,4.3396,12.339,6.2315,1.6225,10.762,3.3168,4.8734,6.6889,4.7101,8.428,5.1902,16.379,22.231,13.541,16.923,7.4881,0.13759,0.53047,3.1965,16.313,5.2807,1.2327,2.0086,0.82554,1.8142,3.3983,3.2172,2.5792,2.7346,3.3063,4.1936,5.9383,3.7426,2.2559,4.695,13.298,8.8569,11.668,14.41,11.981,8.7541,8.9809,26,12.261,40.583,41.454,67.126,57.604,92.798,160.71,159.75,134.04,78.53,93.631,48.255,48.826,54.253,45.612,43.424,19.616,19.959,38.957,8.7906,18.128,20.691,17.178,16.689,13.769,17.386,15.747,8.6001,17.602,17.727,15.042,10.669,31.882,29.232,20.621,9.4143,21.149,6.7971,4.3462,12.894,3.711,15.99,14.444,18.503,30.268,17.845,33.007,32.167,33.093,33.102,13.794,10.415,14.377,17.5,12.617,13.325,19.465,21.213,9.348,18.618,17.898,16.672,13.522,16.012,18.994,14.119,13.333,13.421,13.004,14.123,13.417,14.163,7.8739,8.5103,0.48383,0.12737,0.022293,2.8682,2.7743,1.8285,9.3113,2.4989,1.923,5.3102,4.2153,8.0056,5.915,11.602,7.0602,8.5982,5.8654,46.015,33.053,47.996,44.771,43.17,69.351,72.375,181.25,131.84,85.238,77.773,67.931,89.568,40.904,66.277,36.807,18.346,25.661,34.047,36.242,48.753,43.613,49.03,40.345,37.183,27.85,17.449,15.121,14.966,14.739,14.27,30.629,6.7846,2.4412,16.782,1.5999,0.63626,0.51731,2.707,3.1239,15.559,15.898,12.529,15.31,26.627,31.631,15.338,15.795,13.286,18.243,10.44,26.375,11.95,15.292,16.608,13.506,18.055,15.633,16.518,13.347,16.543,14.175,25.114,19.002,21.162,22.195,13.719,26.531,16.567,17.278,13.246,13.029,13.6,7.9059,1.29,1.9119,5.5696,48.151,52.669,14.838,17.631,24.144,19.739,29.383,31.662,30.228,30.551,29.815,2.4397,1.9726,2.0739,2.424,2.9027,2.3622,16.389,19.241,17.928,27.941,41.69,51.102,49.47,30.702,17.836,30.304,26.351,15.822,18.779,24.764,17.1,18.539,25.886,24.737,26.531,2.4348,2.3325,29.783,28.715
27.36,22.836,23.938,17.475,2.4427,3.8393,0,0.18737,1.2838,0.50067,2.4684,23.575,48.07,30.37,200.17,86.246,51.121,21.994,16.31,8.3288,6.5014,5.574,7.9941,16.289,29.745,13.522,9.9663,1.9417,0.3625,1.016,0.42013,13.748,1.1496,0.10175,6.018,8.7871,5.0203,6.1932,21.835,5.3358,5.3484,10.193,12.301,3.3664,1.3598,0.65869,1.2368,0.52907,0.022966,0.087248,0.1279,0.12959,0.027387,0.011672,0.41355,0.38412,1.2077,0.19734,3.3937,1.6185,2.4914,4.0622,2.4981,1.1793,1.1963,13.71,3.9134,22.308,20.524,38.985,35.211,60.658,118.08,116.91,95.264,52.259,59.594,24.903,25.289,29.855,23.236,26.28,9.6739,9.1263,21.738,2.401,6.4874,10.232,6.7344,5.9196,4.4135,6.5329,5.9734,1.9886,7.3857,7.2119,4.7871,7.0636,15.025,16.153,26.709,10.63,11.843,2.1829,0.020207,5.0012,0.0021802,5.7509,4.5818,7.0772,14.405,10.064,15.834,15.287,15.876,15.882,5.009,2.581,5.0134,7.7665,5.4032,5.3947,9.3005,7.3256,4.5499,7.0229,6.5486,5.9332,4.066,5.8088,12.259,4.697,3.7396,3.7969,3.7657,4.5389,3.8099,4.0761,22.311,23.027,2.3889,3.031,3.9096,0.95582,0.23961,1.8787,4.4163,0.23081,0.32817,0.42701,0.040459,3.5551,0.27541,3.8302,0.48731,1.1231,0.29114,25.32,14.394,26.013,23.351,21.576,40.795,47.596,133.58,90.718,54.111,47.592,40.38,56.45,21.111,40.044,20.949,6.368,11.101,15.106,16.51,25.397,22.034,25.441,19.52,20.902,12.665,6.3507,5.7604,5.7007,5.5028,4.8729,16.157,20.627,7.6253,24.025,10.343,6.9736,6.6287,0.11344,0.037834,5.2892,5.8288,4.1421,10.049,12.352,14.904,5.3808,5.7003,4.2043,9.2253,4.4278,11.456,3.3423,5.9932,7.0927,4.9723,8.3103,6.4541,6.5924,5.7834,8.8416,6.398,11.637,8.9053,9.0948,9.7726,8.5906,12.066,6.1692,6.4334,3.6645,3.5985,4.0109,11.245,8.8423,0.76379,0.77309,26.072,28.424,5.548,6.9564,11.46,9.0737,15.723,16.316,15.906,16.228,15.607,0.15848,0.31724,0.28062,0.16327,0.07152,0.17863,5.9386,8.8067,6.9611,15.825,21.336,29.257,28.945,13.015,9.2016,14.422,14.566,5.5911,8.7786,11.146,7.4628,7.9648,13.072,11.901,13.474,0.16,0.18723,16.346,15.886
25.536,22.002,22.176,17.323,2.0175,2.8122,0.18737,0,0.78735,1.276,1.6656,27.68,49.573,31.214,207.82,91.735,55.247,24.379,19.057,8.2477,6.3202,5.8527,7.7296,14.123,26.212,13.361,8.5585,2.5718,0.072563,0.597,0.87734,10.861,1.5086,0.47922,8.3262,11.501,4.8023,8.5348,18.816,4.0142,3.753,7.7019,14.635,4.3178,1.2698,0.75765,0.90034,0.50765,0.079775,0.3035,0.065867,0.016384,0.17646,0.21487,0.57851,0.86261,1.4594,0.24028,5.1442,2.906,4.005,5.9691,3.1845,1.643,1.7493,13.415,3.841,22.992,22.673,43.455,36.17,63.558,121.69,120.71,98.573,53.326,64.278,28.378,28.688,34.217,26.917,26.25,9.1992,8.9463,22.122,2.1418,6.9484,9.8247,6.7736,6.1929,4.5307,6.7266,5.9397,1.8771,7.2661,7.2002,5.1119,5.6079,18.479,15.835,28.049,11.828,14.796,1.6079,0.32635,7.028,0.14912,8.0118,6.6222,9.5673,17.845,9.056,19.378,18.778,19.421,19.428,4.8615,2.6495,5.0232,7.4681,4.8194,4.975,8.9243,9.6259,3.6082,9.5021,8.9488,8.2292,5.9989,8.0791,14.973,6.7545,5.5977,5.6679,5.633,6.5693,5.6844,6.0003,20.06,20.941,1.9639,1.9916,2.9648,0.32769,0.0037394,2.0223,6.0303,0.0096976,0.1537,0.41883,0.3909,2.7034,0.59414,3.624,1.0906,1.5759,0.56649,26.595,16.74,27.777,25.233,23.952,44.283,48.458,138.94,96.519,57.18,51.007,43.144,60.788,25.109,42.13,20.984,6.9763,11.834,17.988,19.06,29.137,25.778,28.873,22.912,21.069,13.396,6.6534,5.6466,5.5707,5.3959,4.9168,16.234,17.705,7.3069,24.879,8.4279,5.8413,5.4996,0.036514,0.12402,7.4675,8.0997,6.0593,12.365,15.576,18.351,5.4989,5.8039,4.2815,8.5788,3.732,14.521,3.4591,5.8274,6.8269,4.7655,7.9462,6.1899,6.5065,5.2245,7.9441,5.8051,14.778,11.606,11.892,12.666,7.2215,15.247,8.5032,8.8163,5.5046,5.4258,5.9316,11.995,6.8494,0.85221,1.6223,27.875,32.531,5.4484,7.0292,11.521,8.8552,15.606,16.646,15.963,16.253,15.661,0.11144,0.20854,0.19851,0.12003,0.14357,0.11079,8.2345,11.515,9.431,15.284,22.992,30.567,29.784,15.832,8.4696,17.862,14.056,7.8241,11.458,14.221,9.9552,10.57,12.987,11.955,13.416,0.1148,0.11804,16.107,15.525
32.589,29.78,28.721,24.901,4.873,5.1297,1.2838,0.78735,0,2.5344,0.19536,29.146,40.765,23.983,196.83,85.859,50.632,20.882,17.796,4.4611,3.0282,3.1924,3.9387,18.127,29.699,20.109,12.504,1.9275,0.38227,0.01565,1.2729,11.151,1.0346,1.3565,11.38,13.842,2.0045,11.462,21.897,6.3289,5.0891,7.8692,21.532,8.6578,3.9592,3.0893,3.0807,2.5468,1.0927,1.9005,1.3009,1.0194,1.5004,1.1513,0.61245,3.0449,4.3903,0.54864,6.9363,5.0085,5.5778,7.9279,2.3014,1.2809,1.508,8.1659,1.5464,16.881,19.014,41.895,28.373,55.309,109.17,108.58,87.508,43.518,59.805,26.925,26.918,34.582,26.611,18.848,4.8515,4.8803,15.815,0.49597,4.1643,5.3547,3.5407,3.4105,2.1585,3.6755,2.9047,0.5056,3.7318,3.7853,2.7762,2.3265,20.824,10.053,38.209,18.703,20.251,0.1481,1.4603,10.775,1.2119,11.009,9.2363,12.49,20.742,4.5263,21.783,21.212,21.806,21.811,2.1003,1.0473,2.3505,3.7288,1.7915,1.9732,4.7153,10.564,1.0311,12.294,11.669,11.025,8.5591,11.123,21.295,9.6772,7.8702,7.9578,8.1419,9.321,7.994,8.1618,25.306,26.689,4.7881,3.7195,5.5371,0.3264,0.71129,5.3079,10.422,0.91613,1.5882,0.35772,1.7364,0.58032,0.98266,1.3031,1.7071,1.243,0.87447,20.672,14.971,22.433,20.55,20.523,39.773,38.973,128.23,90.908,49.997,45.335,37.244,55.908,27.207,35.148,14.523,4.3967,8.0659,17.523,17.212,28.411,26.118,27.164,22.731,14.72,9.2497,3.7563,2.6363,2.5721,2.4786,2.3186,10.711,20.752,12.371,34.39,11.217,9.3527,8.8855,1.1461,1.3896,10.219,11.225,9.2106,18.468,18.824,20.758,2.7716,2.9554,1.9621,4.3075,1.11,16.948,1.5301,2.7107,3.307,1.9902,4.02,2.8743,3.2376,2.0579,3.7647,2.4182,18.27,15.897,15.277,16.104,3.2735,18.262,11.606,11.789,7.7351,7.7104,8.3786,18.9,8.7164,3.2747,3.97,22.582,32.285,2.5193,3.7513,7.0187,4.7825,10.035,11.304,10.477,10.678,10.234,1.4887,1.7879,1.7691,1.5199,1.5216,1.4888,11.202,15.624,12.57,9.4623,18.32,24.058,22.762,15.935,4.1913,20.751,8.5159,10.749,15.748,17.448,13.946,14.316,8.008,7.3419,8.364,1.5009,1.5151,10.332,9.7759
32.877,26.779,29.224,20.163,4.4581,6.789,0.50067,1.276,2.5344,0,4.0944,17.231,43.817,27.672,184.51,75.655,43.249,17.479,11.701,8.1104,6.5811,4.9941,8.0993,21.667,37.416,16.023,13.988,1.2325,1.5159,2.18,0.27159,19.496,0.96223,0.21223,3.2424,5.1178,5.2861,3.3272,28.499,8.8063,9.0643,15.209,10.419,3.3077,2.7412,1.618,2.9301,1.63,0.7344,0.65924,1.1041,1.1396,0.65152,0.44518,0.69403,0.63494,2.0431,0.76099,1.2968,0.4174,0.76026,1.7292,1.631,0.8339,0.72236,13.513,4.0445,20.167,16.388,31.252,32.168,54.068,109.18,107.78,87.263,48.537,50.77,18.959,19.402,22.785,17.208,25.087,10.015,9.0146,20.078,3.0217,5.5544,10.425,6.4385,5.3194,4.19,6.008,5.8548,2.4148,7.297,6.9615,4.2049,9.4025,10.048,15.868,27.386,10.755,8.5118,3.4083,0.31975,2.8931,0.5662,3.0448,2.1726,3.9472,9.5883,11.304,10.713,10.266,10.746,10.751,5.1589,2.632,4.9067,7.9444,6.2605,5.9678,9.5012,4.0463,6.1513,3.8803,3.5285,3.116,1.8339,3.0978,9.5643,2.3331,1.5699,1.6083,1.6374,2.1813,1.6201,1.762,28.145,28.689,4.3963,5.8583,6.7757,2.6319,1.3946,2.9925,3.197,1.4083,1.5522,0.99079,0.31333,5.108,0.37033,4.1919,0.1342,0.80424,0.44319,22.178,10.372,22.148,19.437,17.094,34.082,44.315,122.03,79.64,47.482,40.723,34.607,48.14,15.109,35.207,19.871,5.2242,9.4442,10.455,12.108,19.162,16.053,19.509,14.035,19.618,10.92,5.6703,5.79,5.7618,5.5427,4.7239,15.235,27.111,9.9922,25.403,14.979,10.402,10.021,1.0853,0.75903,2.6693,3.1365,2.0826,8.0064,8.0019,9.9519,5.0688,5.3843,4.0645,9.8895,5.5826,7.1883,3.2278,6.0887,7.2667,5.224,8.5587,6.6751,6.5092,6.5626,9.9727,7.1835,7.4949,5.737,5.5344,6.0554,10.613,7.737,3.36,3.5055,1.5162,1.4862,1.773,12.171,13.392,1.764,0.40786,22.149,21.657,5.5721,6.5901,10.814,9.0287,15.131,14.988,15.027,15.384,14.749,1.1429,1.4602,1.3744,1.1465,0.84526,1.2,3.1635,5.5816,3.9199,15.923,17.826,25.909,26.307,8.6166,10.015,9.6007,14.679,2.9169,5.6474,7.0562,4.59,4.8317,12.567,11.242,12.905,1.1433,1.2157,15.92,15.683
34.612,32.582,30.612,28.013,6.2949,6.046,2.4684,1.6656,0.19536,4.0944,0,32.6,39.443,22.814,198.17,87.68,52.116,21.776,19.617,3.9066,2.58,3.2025,3.2822,18.968,29.621,22.944,13.742,2.7876,1.0486,0.32064,2.3772,10.386,1.8014,2.574,14.367,16.818,1.6972,14.425,21.969,7.0827,5.3737,7.2813,25.785,11.319,5.511,4.6281,4.3313,3.9242,2.1786,3.2642,2.3939,2.0087,2.7381,2.2925,1.4384,4.7433,6.2083,1.3971,9.2055,7.1247,7.6455,10.337,3.1146,2.1417,2.4572,7.0172,1.4831,15.988,19.724,44.564,27.082,54.935,107.8,107.43,86.441,41.631,61.641,29.082,28.931,37.819,29.255,17.143,3.8981,4.1804,14.694,0.54163,4.2341,4.3982,3.2327,3.3778,2.1739,3.5115,2.6213,0.72174,3.2385,3.3901,2.9174,1.1824,24.208,8.7181,42.981,22.326,24.374,0.081099,2.7224,13.832,2.3634,13.95,11.932,15.533,24.298,3.2212,25.235,24.646,25.253,25.258,1.8436,1.287,2.209,3.0706,1.2085,1.4888,3.8612,12.857,0.39871,15.289,14.597,13.921,11.179,14.085,25.57,12.483,10.355,10.455,10.709,12.057,10.5,10.647,26.506,28.143,6.2,4.4368,6.5817,0.70574,1.5369,7.1822,13.464,1.8147,2.6845,1.0577,3.0917,0.14531,2.0086,1.1577,2.9635,2.1073,1.8504,20.165,16.405,22.383,20.78,21.433,40.941,37.078,128.4,92.986,50.064,46.083,37.561,57.422,30.81,34.742,13.161,4.614,7.9643,19.677,18.733,30.95,29.007,29.214,25.257,13.466,9.0237,3.7023,2.3169,2.2477,2.1934,2.22,9.677,20.866,14.571,38.684,11.8,10.6,10.094,2.19,2.5739,13.035,14.214,12.014,22.453,22.377,24.158,2.6718,2.8081,1.9728,3.2847,0.59784,20.145,1.6897,2.3281,2.7381,1.6964,3.2648,2.3729,2.8493,1.4433,2.6342,1.7132,21.856,19.502,18.64,19.537,1.9596,21.714,14.623,14.79,10.196,10.182,10.955,22.287,8.956,4.8374,5.9258,22.57,35.182,2.2343,3.4471,6.309,4.0593,8.8791,10.468,9.4447,9.5982,9.2188,2.6362,2.9675,2.9604,2.6769,2.7348,2.6252,14.153,19.173,15.673,7.9921,18.43,23.379,21.658,18.238,3.1194,24.305,7.1542,13.652,19.341,20.912,17.338,17.691,7.063,6.592,7.4098,2.6524,2.657,9.0426,8.4282
88.46,73.399,83.195,59.259,37.329,44.928,23.575,27.68,29.146,17.231,32.6,0,34.061,27.858,106.26,29.815,14.093,8.7033,3.4362,24.604,25.075,19.888,26.505,74.969,104.03,53.616,59.245,16.323,28.075,28.377,19.173,73.216,19.22,20.875,7.8758,4.1266,25.115,7.3662,88.964,50.024,51.267,64.542,22.168,24.621,31.783,27.994,33.574,28.704,25.016,24.394,27.057,27.182,24.565,23.047,21.96,22.75,27.972,23.832,9.3424,13.908,10.865,8.458,15.674,18.21,17.396,29.438,23.317,24.183,9.777,4.3722,30.051,30.758,70.182,67.596,54.263,41.438,16.048,2.7096,3.3327,0.74159,1.0064,34.096,29.551,26.007,26.851,25.499,18.301,29.024,22.739,20.035,21.329,21.04,23.298,23.873,24.679,23.444,19.24,41.261,1.3258,31.013,55.824,34.367,11.006,29.55,22.223,11.804,24,8.0626,8.7635,6.4227,2.0755,36.07,1.1649,1.327,1.1386,1.1365,24.321,21.761,22.593,26.805,29.478,27.517,28.273,4.6931,33.983,6.2184,6.5568,7.3813,9.4464,8.1087,16.236,9.3393,9.4135,9.3491,9.8393,9.1427,9.3631,8.6995,84.732,84.508,37.205,42.993,44.543,32.134,28.153,30.737,17.671,28.395,29.066,23.887,22.16,32.87,20.708,24.816,17.931,18.351,21.08,20.364,5.3344,16.331,13.65,8.5469,11.826,39.982,68.236,31.046,24.452,16.985,17.247,16.265,0.21207,22.865,30.012,16.822,17.444,2.3181,4.789,1.5327,0.43376,3.2053,1.103,28.592,18.218,19.857,24.121,24.285,23.979,22.195,26.743,86.499,45.994,57.676,63.318,51.939,51.284,26.953,25.219,8.08,8.2971,10.997,18.427,3.4181,1.408,21.515,21.749,21.723,31.372,30.753,2.6971,21.222,24.759,26.209,24.98,27.747,25.992,24.05,29.252,34.26,29.805,4.2557,8.6382,5.6851,5.3038,40.284,3.164,7.8182,7.1995,9.467,9.6754,9.2968,40.529,60.778,28.425,18.959,16.02,1.1122,23.91,22.452,24.441,26.412,28.567,24.178,26.805,27.327,26.674,27.212,28.564,28.183,27.219,25.669,27.489,7.7591,8.0602,7.0236,33.321,14.427,22.6,26.949,2.2464,32.379,2.0597,32.297,8.0886,8.7671,3.9982,9.0956,7.6804,26.799,24.735,26.723,27.21,27.555,30.243,31.332
145.9,137.14,137.62,123.04,71.518,74.682,48.07,49.573,40.765,43.817,39.443,34.061,0,2.2864,70.214,21.236,10.741,8.9994,18.178,18.523,21.854,21.414,20.056,112.99,136.32,112.27,98.319,30.92,46.836,41.409,39.853,87.02,34.361,44.373,48.376,40.986,24.87,47.145,119.71,79.213,73.919,78.328,86.381,70.515,65.573,59.932,63.77,58.616,48.753,52.026,51.941,50.542,50.389,46.585,39.869,54.475,63.885,43.204,41.032,46.647,40.762,41.465,28.905,34.236,34.332,13.952,26.441,5.2076,8.6297,20.481,1.2012,2.7379,17.202,17.341,9.664,0.40954,14.609,17.623,16.15,28.502,23.364,5.8421,19.282,18.021,6.1133,32.272,19.403,18.126,20.292,20.799,24.329,20.001,21.935,32.61,20.08,19.782,22.852,35.732,39.595,12.204,138.29,96.338,67.491,36.881,47.17,56.046,48.211,48.121,46.055,46.45,43.715,23.688,39.966,40.211,39.816,39.809,24.431,29.413,23.542,20.611,27.135,25.64,19.041,32.147,33.75,45.421,45.171,46.27,46.206,48.475,77.623,48.564,44.261,44.328,46.161,47.263,44.471,42.987,130.25,133.42,71.202,69.093,76.02,48.35,49.464,68.633,65.118,50.959,54.969,40.888,48.492,35.601,41.087,27.529,40.244,34.536,40.883,3.6492,16.194,4.0914,5.6973,9.2406,7.9373,0.55829,29.634,24.678,3.3153,5.7955,3.442,11.677,37.974,1.1396,7.6788,19.459,12.992,22.212,15.549,21.413,26.888,16.458,23.694,7.1926,11.434,19.969,22.761,22.966,23.205,23.666,10.264,117.22,93.985,135.24,94.325,88.852,87.429,51.036,50.566,46.473,49.165,51.368,77.721,46.818,40.039,22.33,21.79,24.974,21.253,30.7,40.744,26.951,22.646,21.427,24.895,20.28,22.472,21.149,26.101,24.241,25.233,49.003,57.485,49.135,49.258,30.811,45.046,48.668,47.335,44.023,44.541,45.337,101.85,85.96,60.903,52.392,4.1661,24.635,23.076,19.791,14.216,18.313,11.426,9.2806,10.514,10.427,10.739,53,55.481,55.096,53.153,51.684,53.242,47.702,55.803,48.347,13.852,6.1228,2.3401,2.6556,25.516,22.058,43.651,14.617,47.651,57.568,46.992,55.705,52.99,13.366,13.814,12.893,53.056,53.424,11.622,12.643
112.42,105.55,105.14,93.876,49.1,51.271,30.37,31.214,23.983,27.672,22.814,27.858,2.2864,0,94.959,31.106,14.382,5.4686,12.169,7.8455,10.072,10.036,8.8196,83.352,103.3,84.407,71.116,17.386,28.928,24.535,24.113,61.126,19.716,27.613,34.075,29.085,12.18,33.151,88.924,54.897,50.332,53.855,65.984,49.959,44.456,39.973,42.711,38.756,30.785,33.611,33.248,32.065,32.206,29.192,23.808,35.928,43.435,26.326,27.038,30.725,26.39,27.686,15.928,19.734,19.912,4.9641,13.392,0.6275,4.6305,20.27,0.18432,8.4383,31.968,32.056,21.151,2.9524,19.743,14.168,12.972,24.863,18.702,1.1336,8.2911,7.4869,0.92425,17.602,8.7871,7.5391,9.0955,9.6,11.989,8.9888,10.195,17.956,8.8782,8.7208,11.094,20,29.968,3.9998,109.58,72.465,51.322,20.938,29.776,39.763,30.441,33.767,31.635,32.922,33.157,11.345,30.521,30.556,30.409,30.406,11.9,15.685,11.354,9.1866,13.685,12.655,8.1319,21.223,18.472,32.07,31.691,32.346,31.541,34.073,59.319,33.7,29.828,29.907,31.375,32.591,30.028,28.936,98.348,101.23,48.834,46.592,52.454,29.898,31.084,47.279,46.524,32.304,35.609,24.446,30.895,19.87,24.931,14.109,24.6,19.953,24.722,0.59148,9.7638,1.6111,2.5213,5.5723,9.4339,1.9505,46.882,35.085,7.8233,8.9397,4.9435,16.395,30.424,2.287,1.6566,8.968,4.7993,15.337,9.8724,17.609,21.381,13.287,17.938,1.398,3.8414,9.0458,10.733,10.87,11.049,11.463,2.8623,86.785,68.345,106.07,67.417,63.196,61.985,32.5,32.283,32.258,34.635,35.704,58.541,35.032,30.297,10.564,10.174,12.426,9.6094,16.253,29.785,13.897,10.63,9.7497,12.203,8.9531,10.472,9.6238,12.951,11.674,12.333,36.566,42.408,35.81,36.145,16.417,33.5,34.367,33.396,29.601,29.993,30.815,76.545,60.292,40.766,34.724,1.7252,21.19,10.963,8.77,5.1283,7.6708,3.5077,2.3751,2.9955,2.9523,3.1152,34.125,36.092,35.802,34.254,33.175,34.302,33.502,41.039,34.408,5.0257,2.2308,0.3332,0.01728,17.53,10.162,33.11,5.4329,33.326,42.428,34.778,40.467,38.496,4.5961,4.8815,4.3205,34.173,34.449,3.6539,4.257
372.75,347.28,360.41,317.82,246.09,258.89,200.17,207.82,196.83,184.51,198.17,106.26,70.214,94.959,0,24.193,49.103,89.917,103.8,149.44,157.58,150.99,154.79,330.26,379.35,302.68,299.43,164.21,204.61,196.99,182.47,299.02,174.26,191.3,166.86,147.06,164.08,164.24,349.78,269.57,264.63,281.36,225.41,224.44,232.22,220.67,232.78,220.26,203.13,206.27,210.02,208.42,204.54,197.48,186.61,206.45,224.71,194.01,164.26,181.26,167.74,162.34,159.71,172.56,171.45,141.33,165.37,107.37,93.602,68.42,88.337,46.795,22.898,21.296,29.729,74.287,42.086,86.975,85.34,89.272,94.697,115.86,155.36,149.48,113.46,178.67,144.49,152.13,151.74,149.82,158.87,149.21,155.99,177.42,153.19,151.29,153.25,198.18,130.24,137.15,316.03,259.03,185.66,190.9,197,184.22,200.98,167.28,167.73,160.41,137.68,169.91,129.06,130.56,128.75,128.73,162.37,169.19,158.68,156.34,172.74,167.95,153.82,139.19,189.31,158.89,159.9,163.6,169.83,167.7,205.56,171.58,167.88,167.77,170.88,169.9,167.94,164.61,356.13,358.6,245.6,250.32,259.9,211.49,208.29,233.67,205.47,210.57,216.5,190.73,198.55,191.77,186.56,169.11,181.02,173.24,186.82,94.479,107.42,87.877,90.629,90.725,60.257,80.49,8.7382,22.569,49.687,53.241,63.252,44.171,115.87,69.195,121.5,142.58,126.97,109.4,102.09,89.205,100.45,85.279,101.77,118.87,123.39,147.74,158.63,159.24,159.44,158.49,128.36,345.08,278.45,319.57,299.69,281.82,279.64,208.74,205.72,166.01,168.82,178.57,212.79,147.21,131.14,154.9,154,160.64,161.34,180.87,139.97,163.93,159.02,157.68,164,156.35,159.81,155.01,170.42,170.08,169.05,152.48,174.55,159.21,157.62,187.79,145.08,166.89,163.81,167.78,168.87,168.6,274.07,287.9,222.36,197.52,87.411,87.393,159.09,150.29,138.23,150.54,133.3,123.05,129.22,129.31,129.83,211.55,216.43,215.44,211.75,207.75,212.23,165.97,171.72,163.92,143.23,95.846,89.218,96.583,117.16,163.9,137.55,144.89,167,175.07,150.4,175.48,169.05,137.8,137.38,136.38,211.62,212.55,134.93,138.64
207.5,188.2,198.42,166.64,116.81,126.37,86.246,91.735,85.859,75.655,87.68,29.815,21.236,31.106,24.193,0,4.6271,22.084,27.933,58.305,62.855,57.593,61.828,177.48,215.52,155.74,154.57,63.824,89.983,85.718,74.913,158.36,70.254,80.428,64.055,52.066,66.403,62.427,193.23,134.1,131.51,145.33,102.81,101.27,107.19,99.399,107.92,99.312,88.325,90.023,92.862,91.956,89.042,84.547,78.004,89.782,101.85,82.738,62.426,73.151,64.67,61.207,61.134,69.022,68.182,55.668,66.529,36.066,24.239,11.452,28.611,8.9576,14.527,12.765,10.697,26.124,2.4796,19.431,18.693,21.167,23.243,44.103,63.186,58.801,40.167,74.561,53.57,61.27,58.918,57.004,62.338,56.999,61.403,73.37,60.347,58.911,58.617,90.571,42.65,54.031,166.38,125.1,76.809,82.649,84.067,74.964,86.818,64.298,64.523,60.119,47.072,73.328,42.064,42.889,41.887,41.875,65.209,68.156,62.638,62.765,72.577,69.309,61.914,47.345,83.199,59.173,59.763,62.012,65.826,64.563,89.774,66.929,64.618,64.548,66.48,65.878,64.658,62.595,196,197.52,116.49,120.76,126.88,95.085,92.131,107.87,88.691,93.518,97.164,80.877,84.965,84.194,77.648,69.063,73.778,69.449,77.893,28.139,30.172,23.431,23.928,22.445,8.7929,28.583,8.4969,0.12968,7.9845,7.1241,11.775,3.2,35.054,16.541,45.488,52.081,43.936,30.725,27.296,20.538,26.256,18.654,26.747,43.6,42.303,55.824,63.107,63.492,63.5,62.41,47.872,189.68,138.72,168.43,155.77,142,140.51,92.085,89.887,63.481,65.268,71.318,94.137,52.607,43.175,60.234,59.819,63.431,67.043,77.467,48.045,65.082,63.528,63.286,66.313,63.097,64.368,61.123,71.236,72.78,70.678,55.764,69.234,59.595,58.692,84.532,51.248,64.081,62.182,64.563,65.235,65.06,135.48,148.01,100.51,83.719,23.094,19.907,63.29,58.04,52.261,59.511,51.118,44.176,48.341,48.579,48.616,93.796,97.001,96.325,93.915,91.187,94.264,63.492,67.427,62.294,58.084,26.812,26.291,31.587,34.881,68.775,46.994,58.59,64.112,69.546,54.398,69.636,65.627,52.862,51.911,52.084,93.835,94.466,52.585,54.936
151.31,135.77,143.46,118.07,75.374,82.816,51.121,55.247,50.632,43.249,52.116,14.093,10.741,14.382,49.103,4.6271,0,6.5163,10.181,30.623,33.766,29.719,33.214,125.05,157.02,108.62,106.13,34.111,53.832,50.516,42.436,108.93,38.844,46.672,36.261,27.641,36.233,35.034,138.09,89.039,86.819,98.159,68.207,64.199,67.763,61.59,68.156,61.414,52.681,54.141,56.208,55.459,53.31,49.791,44.682,54.187,63.745,48.295,34.054,41.845,35.479,33.334,32.14,37.946,37.345,29.528,36.196,16.499,7.7529,3.0689,13.505,4.6128,21.549,20.035,13.528,15.194,0.4532,5.7533,5.2017,8.752,8.5501,23.21,34.5,31.117,19.421,42.1,26.854,33.148,30.851,29.323,33.117,29.395,32.606,41.17,32.012,30.912,30.393,54.933,22.004,28.734,120.79,84.71,47.986,48.233,49.482,44.478,51.546,36.365,36.151,33.495,25.358,42.24,21.77,22.272,21.641,21.633,35.335,37.295,33.408,33.883,40.949,38.473,33.482,23.331,48.922,32.729,33.043,34.621,37.001,36.593,58.155,38.088,35.928,35.894,37.411,37.206,35.986,34.445,140.89,142.34,75.104,78.204,83.289,57.763,55.539,68.568,54.924,56.643,59.574,46.84,50.225,49.558,44.474,38.092,41.65,38.264,44.642,11.262,11.282,8.0133,7.9248,6.7077,0.69762,16.02,21.199,5.8756,2.5805,0.75974,2.4875,0.13237,17.643,5.7323,23.227,25.751,20.395,12.223,9.5897,6.9067,10.719,5.2245,10.346,21.813,19.431,28.501,33.854,34.135,34.115,33.222,24.131,135.09,93.832,121.53,106.82,95.752,94.504,55.582,53.937,35.568,37.154,41.344,60.874,29.155,22.39,31.659,31.388,33.91,37.339,44.532,25.258,35.059,34.202,34.175,36.16,34.216,34.896,32.48,39.985,41.624,39.652,31.444,41.218,33.708,33.201,50.541,27.993,36.33,34.918,35.857,36.366,36.376,92.742,100.32,62.482,49.725,7.7856,7.2875,33.963,30.226,26.6,31.64,26.476,21.413,24.435,24.67,24.588,56.962,59.486,58.962,57.059,54.962,57.323,35.791,39.774,35.175,31.718,9.6294,10.653,14.459,15.024,38.645,25.3,31.874,36.166,41.424,30.218,41.094,38.108,27.318,26.412,26.805,56.994,57.483,27.684,29.364
98.106,87.338,91.621,74.28,39.019,43.745,21.994,24.379,20.882,17.479,21.776,8.7033,8.9994,5.4686,89.917,22.084,6.5163,0,1.5969,9.2707,10.832,8.4328,10.725,75.613,100.05,66.385,61.532,11.117,23.248,20.851,16.349,62.174,13.827,19.156,16.583,11.88,12.113,15.811,85.104,48.134,46.099,54.111,41.257,33.563,33.822,29.52,33.661,29.159,22.9,24.226,25.256,24.636,23.503,21.073,17.472,24.775,31.47,19.791,13.338,17.638,13.709,13.272,9.9591,13.367,13.089,9.669,12.011,4.42,0.075068,5.8178,6.4127,10.511,40.165,39.056,27.424,12.656,10.175,2.0805,1.6716,7.0992,3.9448,9.1728,11.777,9.6881,5.8526,15.492,6.9457,11.08,9.1777,8.239,10.265,8.3341,10.096,14.953,9.9317,9.2737,8.7664,24.023,10.848,9.7586,81.32,50.704,27.691,19.294,21.024,21.704,22.231,16.504,15.654,15.208,13.045,16.543,11.059,11.175,10.982,10.978,11.583,12.649,10.467,11.083,14.99,13.488,11.105,7.6996,19.857,14.627,14.586,15.367,15.937,16.699,34.685,17.099,14.954,14.967,16.037,16.379,15.042,14.099,88.51,90.027,38.811,40.197,44.239,25.67,24.523,34.931,28.325,25.334,27.534,18.732,21.634,20.176,17.537,13.122,16.047,13.56,17.59,2.5097,1.1753,1.1905,0.56381,0.0022584,3.0169,11.579,47.213,24.766,7.4705,4.8797,2.9853,8.4785,10.363,4.0913,7.7718,6.3657,4.0921,2.9345,0.90443,3.4833,5.2567,1.7864,3.6918,6.9649,3.8454,7.823,10.795,10.951,10.919,10.35,7.1207,82.779,53.869,80.277,61.296,53.713,52.728,24.779,23.851,15.666,17.107,19.038,35.341,14.82,11.079,9.4994,9.3731,10.706,13.395,17.089,11.515,11.347,11.024,11.153,12.065,11.368,11.49,10.096,14.45,15.935,14.331,16.114,21.598,16.442,16.431,21.461,13.835,16.718,15.865,14.852,15.175,15.455,55.883,56.093,30.17,22.308,1.1091,5.2232,10.835,8.8498,7.5224,9.9838,8.3547,5.6423,7.2353,7.4413,7.2537,25.828,27.577,27.235,25.906,24.57,26.058,16.204,20.55,16.342,11.432,0.83507,3.2546,5.1089,4.2344,14.181,13.01,11.235,16.27,21.674,14.989,20.755,18.95,8.2547,7.5012,8.0463,25.855,26.172,9.1948,10.064
83.186,71.596,77.461,58.998,30.603,35.971,16.31,19.057,17.796,11.701,19.617,3.4362,18.178,12.169,103.8,27.933,10.181,1.5969,0,10.689,11.5,8.2859,12.105,65.085,89.944,52.32,51.274,8.0963,18.602,17.481,11.76,56.92,10.491,13.84,8.5448,4.9889,12.046,7.9676,75.722,40.293,39.627,49.135,27.584,23.305,25.732,22.001,26.258,22.04,17.307,17.814,19.307,19.016,17.476,15.627,13.342,17.569,23.108,15.229,7.0149,10.747,7.6501,6.7429,7.3031,9.8913,9.4582,13.182,11.241,9.4383,1.8531,5.0814,13.974,19.211,55.306,53.674,40.357,23.193,13.769,0.9434,0.98206,3.511,1.1754,15.911,13.923,11.493,11.085,13.724,7.0252,13.422,9.8127,8.27,9.6552,8.74,10.422,12.819,10.97,10.163,8.1542,24.363,4.1298,14.047,62.613,36.783,16.287,17.176,15.314,12.58,16.587,8.538,8.1959,7.4073,5.514,18.825,4.2762,4.336,4.2294,4.2275,11.48,10.898,10.272,12.379,15.171,13.672,13.071,2.7649,19.289,7.0155,7.0598,7.7041,8.5319,8.666,21.947,9.1922,7.9524,7.9433,8.6903,8.7163,7.9903,7.2764,76.138,76.959,30.441,33.285,36.111,21.397,19.306,26.022,18.153,19.829,21.265,14.7,15.624,18.964,12.924,12.358,11.17,10.039,13.085,7.3963,0.22719,5.3469,3.78,1.4979,6.3696,21.594,60.129,30.302,14.647,9.9228,8.2036,12.583,4.1404,10.731,13.143,6.1809,5.6831,0.20196,0.1202,1.345,1.5543,1.0161,0.66755,12.205,5.9906,8.0296,11.065,11.201,11.055,10.054,11.126,73.47,42.237,62.404,52.613,44.161,43.361,19.011,17.894,8.0403,8.9549,10.761,22.828,6.7207,4.2705,9.4115,9.4596,10.009,15.387,16.647,4.582,10.087,11.438,12.135,11.968,12.922,12.172,10.753,14.842,17.73,15.037,7.6365,11.84,8.0369,7.9713,22.801,6.0677,8.6142,7.9645,7.9079,8.1486,8.2122,41.809,48.744,22.515,14.949,5.2006,2.4693,10.99,9.559,10.027,11.789,12.384,9.4455,11.182,11.511,11.114,19.675,21.111,20.789,19.72,18.445,19.898,8.2902,11.06,8.219,15.724,3.9795,9.0103,11.501,0.65284,16.162,5.4914,15.122,8.4031,11.913,6.8839,11.387,9.9693,11.423,10.166,11.328,19.689,19.984,13.493,14.294
61.143,57.007,55.795,49.444,18.33,19.148,8.3288,8.2477,4.4611,8.1104,3.9066,24.604,18.523,7.8455,149.44,58.305,30.623,9.2707,10.689,0,0.13958,0.43348,0.053055,40.053,54.685,42.577,31.863,3.1496,6.9612,4.7509,5.681,25.983,3.5547,7.239,16.603,15.959,0.48487,16.255,44.216,21.282,18.44,21.124,36.399,21.474,15.924,13.545,14.545,12.646,8.3439,10.121,9.4941,8.7889,9.2439,7.7408,5.039,11.909,15.874,6.0601,10.746,11.084,9.5898,11.66,2.7392,3.7496,3.9973,0.68728,0.83534,4.0891,7.746,28.524,10.428,30.015,70.789,70.586,53.782,20.145,38.373,17.007,16.438,26.43,18.937,5.0705,0.22789,0.027875,3.4844,2.0252,0.509,0.20724,0.097603,0.3596,0.64532,0.19886,0.19536,2.2572,0.032535,0.043915,0.69189,3.5384,20.592,1.301,64.519,37.153,29.488,3.1579,8.2208,18.65,8.301,16.237,14.201,16.797,21.951,1.1455,21.414,21.086,21.378,21.379,0.44792,1.6392,0.4201,0.082462,0.85888,0.58205,0.12833,10.455,2.3841,16.306,15.752,15.634,13.731,16.441,33.497,15.369,12.553,12.643,13.394,14.666,12.718,12.352,50.653,52.777,18.165,16.285,19.938,7.1989,8.1247,18.036,21.25,8.786,10.646,5.097,8.8909,2.7948,5.8154,0.95352,6.2077,3.8205,5.642,6.4668,7.8588,8.1317,7.5413,9.1116,22.077,17.071,88.84,63.029,26.863,24.923,18.336,34.555,24.61,15.67,2.9226,0.78857,1.0473,12.003,9.2528,19.484,19.878,16.73,16.299,2.9806,1.2818,0.32092,0.246,0.26327,0.30142,0.46708,1.3516,42.677,31.079,60.609,29.267,26.731,25.936,9.0694,9.1864,15.09,16.746,15.929,31.388,21.61,20.697,0.35652,0.27948,0.71039,0.42673,1.5626,18.166,1.1399,0.21697,0.11213,0.49223,0.11018,0.19134,0.10318,0.69425,0.91926,0.60536,21.941,22.995,19.775,20.43,2.5211,20.597,16.871,16.566,12.369,12.522,13.303,38.855,24.682,13.994,12.068,8.2837,23.403,0.28914,0.086837,0.29007,0.036508,1.1689,1.5873,1.2713,1.3485,1.1872,9.9941,11.002,10.876,10.07,9.6485,10.063,16.244,22.24,17.49,1.3202,6.0626,8.256,7.1701,12.058,0.56608,21.936,0.98768,15.884,22.911,20.66,20.95,20.337,0.53669,0.3573,0.62551,10.023,10.142,1.3411,1.2403
55.449,51.616,50.36,44.569,15.349,16.025,6.5014,6.3202,3.0282,6.5811,2.58,25.075,21.854,10.072,157.58,62.855,33.766,10.832,11.5,0.13958,0,0.30629,0.079379,35.477,49.477,38.059,27.788,2.3614,5.1781,3.2765,4.3295,22.578,2.5218,5.6267,15.251,15.174,0.10605,14.98,39.508,17.975,15.388,18.021,33.383,18.707,13.226,11.121,11.915,10.275,6.471,8.0927,7.4495,6.8136,7.2929,5.9933,3.6621,9.7894,13.285,4.4866,9.5959,9.5074,8.3866,10.535,2.0907,2.7335,2.9844,1.3319,0.32788,5.7254,9.2299,30.547,12.975,33.979,77.067,76.811,59.232,23.638,41.804,18.358,17.88,27.543,19.916,6.8231,0.36576,0.22757,5.0185,1.1167,0.55043,0.44067,0.070463,0.28243,0.29074,0.18919,0.035982,1.3215,0.037631,0.064452,0.45167,2.5942,20.268,2.1638,59.452,33.432,27.492,1.9698,6.4515,16.818,6.4629,14.88,12.873,15.617,21.378,1.0284,21.121,20.747,21.095,21.097,0.097361,0.91734,0.12946,0.064893,0.351,0.16577,0.26733,10.023,1.4543,15.175,14.604,14.387,12.359,15.069,30.97,13.917,11.26,11.35,12.003,13.272,11.419,11.149,45.48,47.488,15.198,13.411,16.754,5.3395,6.2016,15.224,18.877,6.7852,8.4435,3.653,7.0569,1.7231,4.38,0.37349,4.8512,2.7848,4.2146,8.392,8.6399,10.11,9.3057,10.638,24.773,20.294,95.423,67.658,30.467,28.082,21.186,37.946,24.736,18.568,4.3041,0.833,1.6902,12.55,10.196,20.684,20.614,18.167,17.041,4.396,2.0885,0.31238,0.025435,0.027416,0.04459,0.16539,2.3491,38.044,27.199,55.521,25.38,23.019,22.281,7.0702,7.2215,13.788,15.34,14.289,28.707,20.748,20.344,0.15779,0.12471,0.30763,0.4233,0.80702,17.563,0.59131,0.010338,0.019032,0.11052,0.13315,0.0099595,0.013262,0.2627,0.71803,0.24883,20.92,21.349,18.585,19.277,1.9227,19.81,15.513,15.296,11.083,11.204,11.973,34.841,21.149,11.524,10.109,10.265,24.623,0.042007,0.10047,0.83208,0.2149,2.0666,2.6658,2.2409,2.3369,2.129,7.8967,8.7776,8.6721,7.9655,7.6255,7.9518,14.922,20.678,16.202,2.0608,7.6802,10.46,9.3018,12.316,0.51205,21.367,1.6245,14.541,21.252,19.713,19.304,18.87,1.196,0.94294,1.3329,7.9228,8.0216,2.2511,2.0625
