0,1.2633,0.8853,3.2842,39.952,20.21,18.539,21.495,34.874,32.823,39.105,86.169,40.402,37.738,31.077,22.163,18.246,0.36537,9.26,7.9302,5.7886,12.663,7.6967,6.9107,29.878,2.7876,1.2906,0.21737,3.8029,14.275,39.103,19.453,44.667,4.8559,31.164,2.0156,10.464,10.869,3.2118,5.5654,4.6218,17.421,17.17,9.1936,4.9615,2.4832,18.403,22.078,25.004,17.449,11.243,25.03,21.864,17.811,19.559,20.565,20.396,20.652,19.583,19.681,20.649,22.249,66.155,86.535,47.386,39.225,52.55,49.525,54,44.721,17.763,20.108,33.88,15.647,23.892,18.251,19.177,188.06,185.15,196.24,171.11,85.306,110.56,125.64,166.37,121.78,115.23,47.249,51.542,37.86,40.721,35.706,37.324,23.461,24.328,31.695,31.833,33.812,28.704,29.143,31.56,31.129,31.121,31.184,31.064,32.269,29.657,18.863,26.051,35.921,44.321,21.314,27.04,22.175,23.13,18.036,25.946,1.9018,27.797,3.6173,1.2286,1.5108,17.321,0.0044984,18.396,15.977,23.85,28.532,28.581,8.2951,4.6473,3.8547,11.416,10.924,6.021,39.963,39.471,44.977,44.09,14.933,10.784,11.637,17.311,0.43742,28.566,2.9491,18.6,18.987,5.5063,21.363,23.354,18.917,22.548,63.501,79.528,75.98,61.654,29.759,25.515,24.189,21.583,178.21,178.45,180.6,211.23,174.91,158.98,153,132.56,133.83,107.92,123.62,86.473,54.302,44.585,39.259,38.386,32.568,30.678,35.582,31.911,31.084,32.103,33.685,31.432,31.294,62.287,40.98,52.665,33.315,32.59,24.776,40.73,15.989,25.343,23.261,38.395,50.119,28.649,12.621,9.2795,13.053,12.652,16.181,34.381,2.3701,1.7946,17.189,21.22,0.6486,0.44236,0.026837,1.5834,43.83,46.029,45.904,45.401,42.555,43.302,43.433,42.148,20.597,23.951,5.4501,6.373,27.815,21.403,43.062,18.326,38.445,38.756,32.012,43.37,44.446,43.871,21.129,20.567,18.721,38.28,38.87,39.418,37.602,38.788,36.983,38.707,30.221,31.416,38.824,41.976,44.224,40.059,40.006
1.2633,0,3.4342,2.9228,54.25,17.445,28.021,32.132,46.474,39.412,50.964,92.155,49.089,46.04,34.001,30.368,28.173,2.9874,15.804,10.994,9.2432,21.917,14.217,13.315,43.211,7.735,0.68083,2.4787,8.587,23.594,52.27,29.888,59.5,2.4839,34.106,5.0339,16.542,12.591,3.2722,10.939,10.629,27.909,26.928,17.233,10.96,2.2543,29.284,33.559,36.998,27.315,19.235,36.558,32.76,27.755,30.122,31.337,30.832,30.975,29.926,29.984,31.017,33.107,76.846,100.97,50.555,42.289,63.489,54.38,67.436,57.733,27.86,30.584,46.138,24.976,35.036,28.265,29.436,204.39,200.36,211.42,189.76,93.745,125.35,133.12,177.72,136.47,120.93,56.832,61.95,46.627,49.438,43.694,47.013,29.066,30.937,38.343,38.832,40.71,34.646,35.636,38.523,33.975,33.851,34.085,34.071,34.941,31.928,22.14,29.784,44.899,54.845,29.392,36.053,31.838,33.409,27.317,36.799,5.5913,40.842,8.8554,0.27132,0.80948,27.146,1.379,27.738,19.533,36.041,41.787,36.773,14.767,5.8922,3.7632,19.773,19.607,6.8634,54.332,53.564,59.813,58.934,22.495,19.084,20.498,27.757,2.2863,41.829,8.0532,26.438,30.045,11.387,32.075,34.404,29.428,33.387,78.913,96.258,88.888,68.979,32.341,30.616,35.594,32.481,191.99,194.2,200,231.68,185.19,167.75,163.92,148.22,145.23,117.88,136.86,98.425,67.419,56.487,48.482,47.471,39.326,37.278,43.86,38.772,37.875,34.849,36.519,34.401,34.069,74.715,47.514,63.853,36.558,40.611,32.112,49.446,21.547,34.1,30.565,49.411,62.976,38.056,19.417,15.501,17.619,18.073,18.955,48.134,3.2086,1.786,27.604,32.816,0.12333,0.39125,1.5155,0.74527,58.564,60.942,60.881,60.251,57.124,57.883,58.175,56.584,28.571,34.629,7.5567,4.7044,36.743,26.805,48.709,14.711,47.496,47.918,39.677,58.01,59.31,58.713,23.024,22.502,20.121,47.381,47.973,48.673,46.984,47.904,45.7,47.926,35.898,38.663,48.057,56.348,58.847,49.271,49.104
0.8853,3.4342,0,7.4795,37.964,16.985,18.642,20.639,36.036,38.793,40.738,98.163,45.625,42.939,39.373,24.826,17.474,0.55364,10.348,11.933,8.8456,9.7334,8.1374,7.1174,26.151,1.322,4.2829,0.3822,1.1606,12.848,38.901,18.174,42.934,5.3544,22.929,0.23602,5.2773,6.6038,2.1535,2.1317,2.479,12.472,11.193,6.1402,2.3553,6.2634,14.861,19.543,22.654,16.458,10.964,23.748,20.642,16.825,18.046,19.056,19.506,20.063,18.549,18.765,19.98,21.251,72.656,91.514,57.51,48.476,57.228,58.824,56.115,45.861,16.43,19.026,33.887,14.917,22.945,17.312,18.141,199.15,197.04,208.82,178.92,95.489,117.46,139.59,180.2,129.7,129.62,52.556,56.613,42.652,45.961,40.899,41.13,28.775,28.95,37.453,37.319,39.67,34.586,34.647,37.036,39.479,39.539,39.51,39.31,40.874,38.139,25.074,33.127,40.224,48.308,23.935,29.798,23.068,23.392,18.285,26.112,2.8352,23.542,3.5266,3.9951,2.1043,11.343,0.90085,18.669,21.471,18.476,23.719,32.467,9.0857,8.7631,8.2214,6.8873,7.7825,10.776,37.83,37.751,43.318,42.18,8.6367,6.6053,7.9652,12.344,1.9331,23.742,2.1376,20.875,14.825,5.7364,20.313,22.392,17.209,21.694,64.49,81.02,81.415,70.474,38.078,31.551,22.84,20.243,190.85,189.45,188.32,219.94,190.03,174.21,166.3,140.41,145.47,118.79,133,93.86,56.847,47.096,43.818,42.95,38.362,36.325,40.495,37.524,36.634,40.643,42.381,39.75,39.708,66.656,48.083,57.105,41.716,37.289,28.818,45.972,19.938,28.051,27.057,40.928,52.351,31.278,14.52,10.781,17.191,15.962,22.223,31.712,5.7546,5.1416,14.592,16.392,2.2577,2.4701,0.99108,4.7966,42.066,44.491,44.215,43.823,40.768,41.691,41.545,40.506,12.96,16.263,2.4632,5.5205,18.788,13.84,32.354,16.18,43.051,43.302,36.946,41.664,42.595,41.906,28.548,27.873,26.002,42.814,43.487,43.969,41.761,43.382,41.694,43.189,36.532,36.627,43.31,40.408,42.769,44.744,44.791
3.2842,2.9228,7.4795,0,43.255,34.607,19.548,24.071,32.49,22.194,35.545,62.437,30.409,27.981,17.064,18.1,20.98,4.5358,9.5113,3.3994,3.171,20.528,9.4001,9.1914,37.522,9.5002,0.80371,4.6163,13.213,18.764,38.987,23.067,47.144,10.778,53.916,10.37,24.902,25.385,11.407,16.447,12.323,29.173,31.564,17.927,13.697,0.057614,26.833,27.976,30.24,20.701,13.829,28.118,25.126,21.016,23.63,24.527,23.146,22.785,22.699,22.552,22.94,25.031,52.339,74.276,29.19,23.021,42.669,32.339,48.6,41.694,21.664,23.267,33.745,18.582,26.423,21.315,22.336,161.27,157.15,166.7,150.51,64.398,93.873,96.82,135.95,102.86,86.299,36.631,41.045,28.788,30.676,26.121,29.992,14.773,16.687,21.508,22.08,23.281,18.588,19.599,21.847,17.035,16.934,17.119,17.125,17.693,15.55,9.3167,14.356,27.834,36.178,17.408,22.37,21.336,23.392,18.814,26.143,3.893,36.755,7.1294,1.4137,6.4043,31.687,3.2097,19.094,7.89,35.715,38.63,21.802,9.2436,0.75456,0.057139,23.277,19.537,0.90258,43.554,42.279,47.287,46.952,31.112,21.892,21.344,29.124,2.0777,38.685,8.1302,15.578,28.71,7.9905,24.334,25.962,23.451,25.018,59.639,73.902,63.452,44.325,15.865,15.466,27.486,25.108,149.22,152.16,159.82,187.75,142.11,126.68,123.94,113.3,108.23,84.753,102.17,70.069,48.1,39.055,30.481,29.662,22.246,20.761,26.479,21.941,21.291,17.637,18.829,17.35,17.092,52.364,27.856,43.189,18.912,24.089,18.07,30.681,10.359,20.908,17.118,33.247,44.74,24.074,10.948,8.7685,7.4901,8.5114,7.2547,39.466,0.3029,0.22496,23.747,32.162,3.1971,1.8278,3.0253,0.71665,46.423,48.032,48.211,47.523,45.279,45.63,46.296,44.615,39.558,41.702,16.935,14.956,49.402,41.455,69.99,30.737,29.645,30.039,23.163,45.879,47.169,46.856,9.5697,9.2424,7.7137,29.616,30.02,30.642,29.636,29.984,28.116,30.101,19.277,22.154,30.203,44.309,46.183,31.007,30.785
39.952,54.25,37.964,43.255,0,101.69,4.6486,2.8916,2.8542,19.051,3.7146,56.262,14.727,14.783,34.652,8.4229,4.2352,33.327,12.235,25.006,23.367,10.549,13.018,13.818,2.4117,25.337,47.02,35.737,31.437,6.6463,0.90901,3.6598,0.18087,71.095,90.295,38.881,37.775,65.011,57.977,31.814,22.172,13.626,21.843,15.843,24.129,42.942,7.1661,3.3272,2.1053,4.5951,8.879,1.7407,2.7059,4.4128,3.6687,3.2362,3.2885,3.2992,3.5965,3.5709,3.2638,2.5997,22.403,22.178,43.132,38.632,13.234,36.46,6.1586,3.0685,4.4773,3.3749,1.2329,5.6096,2.1111,4.2032,3.7721,90.068,92.232,101.16,68.296,44.623,37.369,78.852,93.447,45.771,79.187,15.132,14.549,13.094,14.787,14.939,9.5304,18.663,14.958,18.232,16.873,18.293,19.678,17.602,16.883,35.062,35.627,34.83,34.249,36.545,37.097,27.042,28.179,11.35,10.182,8.5884,7.4203,4.3725,3.2137,5.0244,2.4212,25.018,4.089,19.539,50.106,55.947,21.544,39.155,4.8908,24.653,9.7808,5.2593,10.807,12.768,33.846,41.393,20.852,13.441,35.833,0.0063122,0.020248,0.21977,0.1161,35.777,19.429,14.721,13.86,34.309,5.2778,22.219,8.6836,8.6218,15.928,2.8969,2.2622,4.0557,2.5417,5.8694,11.139,20.581,33.226,35.618,21.745,1.967,2.811,92.512,84.785,72.911,93.022,104.89,99.02,84.753,50.082,67.849,54.485,52.692,31.069,7.2003,5.9508,12.135,12.189,18.221,17.917,13.766,17.47,17.341,36.088,36.544,34.635,35.499,13.778,23.763,12.432,34.35,13.26,12.361,14.793,16.11,7.6522,11.898,5.7715,5.8552,6.761,11.139,13.08,19.36,15.866,28.38,0.47043,36.825,42.198,5.9786,9.4034,50.455,45.58,38.164,48.138,0.12662,0.33525,0.27728,0.27408,0.065874,0.13714,0.086859,0.081308,43.131,28.065,52.646,72.327,48.476,61.356,91.927,102.02,12.345,12.1,14.339,0.11634,0.14411,0.099021,34.735,34.285,36.197,12.078,12.37,12.101,10.733,12.283,12.831,11.866,21.562,15.677,11.877,0.094952,0.2395,12.59,12.98
20.21,17.445,16.985,34.607,101.69,0,70.61,73.363,102.12,104.54,110.09,188.47,117.23,112.75,99.498,82.744,67.457,22.711,53.84,53.273,47.631,46.999,48.597,46.009,77.774,26.245,24.882,20.846,20.048,57.195,105.72,68.101,110.17,6.9266,8.433,15.247,18.363,4.6785,7.4004,20.038,29.005,46.047,36.917,37.5,26.751,32.099,56.525,68.397,74.602,65.182,54.648,78.469,72.858,65.906,67.482,69.423,71.191,72.618,69.176,69.751,72.366,74.311,158.86,187.32,126.97,113.53,136.29,131.98,134.58,118.07,64.622,70.017,97.644,62.452,77.49,66.922,68.393,330.94,327.46,342.26,306.04,188.42,223.45,245.33,302.38,239.92,229.52,128.49,135.11,112.66,117.77,109.29,110.75,87.222,88.694,102.5,102.68,106.27,97.083,97.862,102.2,99.502,99.355,99.659,99.565,101.28,96.227,77.326,91.299,108.95,122.42,81.102,91.706,79.409,79.598,70.038,84.403,33.059,71.512,35.941,22.044,11.462,37.352,20.766,70.792,71.712,57.629,70.091,95.858,50.915,42.604,37.312,32.978,41.582,45.734,101.22,101.79,110.9,108.67,23.247,34.03,40.149,45.656,26.594,70.098,30.705,75.429,54.468,42.432,72.491,76.462,65.523,75.323,146.57,171.18,172.56,152.34,96.793,91.044,76.719,71.932,318.42,318.24,318.35,359.04,313.41,291.42,284.25,254.61,258.05,221.5,243.4,189.62,135.86,120.6,114.79,113.34,104.06,100.66,108.9,102.86,101.37,101.08,103.91,100.17,99.708,150.88,118.71,136.19,103.72,103.59,89.143,117.79,72.013,88.607,86.128,110.64,128.8,94.334,62.779,54.721,65.747,64.546,71.503,89.963,34.502,29.99,58.47,55.39,16.979,21.171,21.665,25.388,108.73,112.96,112.28,111.83,106.6,108.37,107.68,106.41,23.32,38.304,8.0053,4.0854,27.068,13.218,18.597,0.33043,113.47,113.94,102.74,108.17,109.43,108.14,80.178,79.163,74.824,113.13,114.19,115.04,111.62,114.04,111.12,113.79,99.809,101.84,113.99,106.36,110.34,116.23,116.23
18.539,28.021,18.642,19.548,4.6486,70.61,0,0.32567,2.935,10.31,4.4847,48.217,10.088,9.3397,19.075,1.9583,0.22668,14.502,1.8233,8.3304,7.1938,4.4484,2.3469,2.8309,4.5011,10.793,22.41,16.158,16.175,1.1681,3.7932,0.53924,6.02,42.029,69.411,20.241,24.37,42.884,33.445,17.517,9.6028,9.428,15.804,7.1875,11.393,19.375,4.2375,1.9668,1.8667,0.38974,1.0213,0.88112,0.55966,0.36876,0.73895,0.73762,0.29533,0.17114,0.36516,0.29485,0.20143,0.44658,22.327,29.363,28.651,23.651,13.082,25.204,10.348,6.0664,0.63895,0.40219,2.3019,0.37552,0.5654,0.32184,0.36622,103.16,103.25,112.34,85.113,41.075,45.892,74.538,97.097,54.435,71.331,12.376,13.425,8.4796,10.214,8.8419,6.5093,7.6714,5.822,9.5433,8.8239,10.155,9.5672,8.5112,8.7554,19.34,19.686,19.212,18.825,20.543,20.227,11.52,13.882,7.0152,8.9477,1.8475,2.6613,0.35583,0.26974,0.0088631,0.6313,8.6444,5.4109,6.0413,24.704,30.372,15.642,17.976,0.0082743,9.477,8.9725,6.8363,4.7116,2.1104,13.44,18.3,12.378,6.0913,14.8,4.7567,4.3328,6.0892,5.9223,25.087,10.951,7.5674,9.5714,14.306,6.8673,8.2112,1.3349,5.8596,3.8659,0.42377,0.51876,0.95177,0.39635,13.787,21.949,24.751,26.93,19.337,9.9443,0.83219,0.63053,100.83,96.637,91.258,113.86,106.77,97.789,87.353,60.738,70.915,54.309,58.817,33.89,10.869,7.0923,8.392,8.1624,9.7738,9.0937,8.1792,9.1761,8.8814,20.22,20.907,19.155,19.651,16.609,15.275,12.72,19.465,7.0717,4.5438,10.22,4.5797,2.3463,3.9334,5.0861,8.8852,2.775,1.5101,2.1334,5.8357,3.8464,11.763,3.7699,15.341,18.947,2.3892,7.539,25.573,21.815,17.244,23.126,5.751,6.4031,6.4292,6.1984,5.3401,5.4937,5.6888,5.1282,32.86,23.378,31.728,44.282,39.73,45.784,75.845,69.521,8.2602,8.2256,7.4893,5.5649,6.0091,5.8824,16.742,16.337,17.134,8.0743,8.3984,8.4216,7.19,8.3293,8.0878,8.0906,11.043,8.0528,8.1307,5.0346,5.7345,8.8639,9.0504
21.495,32.132,20.639,24.071,2.8916,73.363,0.32567,0,3.0014,13.417,4.6329,53.498,12.342,11.698,24.012,3.5021,0.13393,16.835,3.3234,11.802,10.238,3.8334,3.639,4.0788,2.4449,11.906,26.605,18.586,16.945,1.033,2.955,0.13159,4.193,45.905,68.855,21.806,23.922,43.998,36.102,17.853,10.185,7.787,14.033,6.8818,11.824,23.722,2.9501,0.84029,0.65367,0.24176,1.6502,0.15728,0.037744,0.19978,0.21654,0.15652,0.01632,0.024676,0.065056,0.045592,0.015449,0.010077,24.428,29.878,34.123,28.864,14.506,29.916,10.201,5.7184,0.31076,0.047768,1.7951,0.46905,0.063339,0.14813,0.089995,105.16,105.83,115.17,85.352,45.048,46.943,80.038,101.44,55.853,77.49,14.4,15.133,10.568,12.466,11.288,8.0045,10.845,8.4764,12.564,11.653,13.136,12.832,11.491,11.591,24.317,24.719,24.165,23.721,25.655,25.413,15.662,18.18,8.8802,10.262,3.4138,4.0033,0.89148,0.41833,0.44122,0.58285,10.916,3.2627,7.5267,28.924,33.798,13.85,20.903,0.43074,13.301,6.6991,4.4421,6.6652,3.5325,17.473,22.802,11.491,5.5706,19.161,2.9308,2.7234,4.2859,4.0336,23.842,10.196,6.8194,7.9363,17.296,4.4671,9.496,2.8557,4.3152,5.2723,0.011999,0.038815,0.37972,0.013156,12.696,20.646,25.858,30.771,24.38,13.503,0.12141,0.068707,104.07,98.771,91.251,113.87,111.84,103.34,91.645,61.853,74.516,58.069,61.137,35.921,10.957,7.5192,10.271,10.083,12.774,12.091,10.449,12.087,11.791,25.288,26.002,24.086,24.67,17.501,18.775,13.993,24.345,9.3443,6.7958,12.472,7.3137,3.7459,6.1133,5.7761,8.9441,3.9606,3.2065,3.8638,8.9184,6.4078,15.995,1.944,19.248,23.087,1.5498,5.6185,29.285,25.529,20.161,27.461,3.9424,4.6178,4.5754,4.4182,3.5717,3.7799,3.8367,3.446,31.051,20.773,33.156,47.506,37.185,44.742,73.688,72.877,10.205,10.118,9.9426,3.8027,4.1341,3.9761,21.685,21.23,22.173,9.9808,10.332,10.289,8.8908,10.251,10.164,9.9457,14.527,10.719,9.983,3.3952,4.0605,10.788,11.041
34.874,46.474,36.036,32.49,2.8542,102.12,2.935,3.0014,0,7.253,0.17647,34.72,4.6577,4.6495,18.207,2.3044,4.0268,29.708,8.1953,15.43,15.397,13.602,10.003,11.145,7.786,24.95,38.105,32.062,32.881,7.3246,0.62962,4.3899,2.7684,65.695,100.17,38.496,43.604,68.249,55.682,34.67,23.136,20.211,29.876,18.78,25.829,32.871,11.613,6.3272,4.943,4.7202,7.3883,2.7578,3.4644,4.5515,4.8043,4.4196,3.4007,2.9021,3.914,3.6896,3.0064,2.9917,10.816,13.979,23.841,20.702,4.6133,18.916,2.2608,0.61228,5.2069,3.8038,0.38738,5.1813,2.4963,4.2845,4.0698,72.626,73.235,81.051,56.683,26.594,26.211,54.578,70.373,32.96,53.753,5.1608,5.1659,3.7322,4.6982,4.7369,1.9747,7.6557,5.3098,6.7849,5.9504,6.7519,7.8529,6.5218,5.9665,18.511,18.938,18.332,17.905,19.542,20.187,14.006,13.884,2.8214,2.5532,2.5048,1.359,1.4474,1.451,3.0245,0.95936,20.488,10.229,17.039,41.462,50.827,29.597,34.088,2.8701,12.831,17.482,12.342,2.7377,9.183,23.621,30.424,26.22,16.684,24.487,3.1102,2.396,2.6902,2.9866,43.753,24.225,18.854,20.464,28.411,12.381,20.832,3.0876,14.102,13.083,3.335,2.6463,5.4896,2.6993,4.2726,9.0815,11.262,17.081,19.048,9.4583,3.0592,3.7588,71.95,67.343,61.633,80.443,79.477,73.04,62.401,37.624,48.266,35.764,37.186,18.396,2.5353,1.0283,3.2613,3.2704,6.7454,6.6349,4.0855,6.3087,6.2637,19.209,19.439,18.166,18.827,6.0319,10.146,4.2528,17.818,3.8533,3.8239,4.7018,7.2622,1.6038,3.7432,0.58416,1.622,1.0069,5.8747,8.2985,9.9566,8.001,15.483,4.2684,27.66,32.874,8.8022,16.082,43.764,38.345,33.019,38.813,2.7374,2.6328,2.8312,2.6182,2.6701,2.4654,2.8964,2.4211,53.348,39.06,53.949,69.26,61.151,70.791,106.43,100.5,3.351,3.2324,4.467,2.6102,2.9272,3.0567,19.42,19.161,20.975,3.2123,3.3723,3.248,2.5371,3.3261,3.5855,3.1135,8.9845,5.2562,3.1213,2.3007,2.3295,3.5132,3.713
32.823,39.412,38.793,22.194,19.051,104.54,10.31,13.417,7.253,0,6.7228,14.708,0.91713,0.5853,2.7524,3.2816,13.593,30.364,10.773,8.7921,11.045,26.892,13.867,15.372,26.581,31.17,30.006,32.421,41.325,17.637,12.136,15.467,18.962,60.958,118.17,43.51,58.429,77.053,56.415,45.276,31.736,38.762,49.81,31.161,35.358,23.541,27.693,20.945,19.676,14.672,14.112,14.885,14.867,14.569,16.478,16.284,13.693,12.477,14.41,13.908,12.787,13.905,6.4013,16.218,4.9234,3.4498,4.1252,3.2758,9.3379,9.2558,16.072,14.524,10.605,14.093,13.58,14.274,14.488,64.308,62.235,68.626,57.222,12.584,24.906,32.033,51.774,29.497,28.618,2.106,3.3753,0.94037,0.95136,0.38888,2.056,0.79134,0.80129,0.015438,0.067185,0.01983,0.161,0.12078,0.068924,2.8731,3.052,2.795,2.6316,3.2214,3.7333,3.1053,1.6678,1.2207,3.0644,3.447,2.9158,7.3965,9.2635,9.9099,9.5129,20.655,29.816,20.755,33.487,47.492,49.597,32.121,9.767,3.647,38.518,33.26,1.2282,12.294,15.019,20.039,41.889,29.857,14.207,19.67,17.857,18.737,19.547,62.237,39.13,33.27,39.012,25.684,33.328,25.878,4.4991,31.605,16.764,14.215,13.67,17.508,13.303,15.512,20.562,11.121,4.7647,3.2208,0.65192,15.205,15.403,58.071,58.661,63.069,80.881,57.243,49.134,44.452,35.22,34.14,21.828,29.388,13.393,8.4377,5.8422,1.3754,1.2415,0.009255,0.045052,0.58173,0.035912,0.053234,3.0916,3.0887,2.7086,2.9918,7.588,0.54848,4.4816,2.4538,0.53753,1.1832,0.95146,3.1127,3.0163,1.5682,4.5064,7.9106,3.2006,7.0539,9.7315,4.4794,5.0136,4.4431,21.323,20.149,24.63,22.527,35.446,38.543,32.729,31.023,30.048,18.899,18.508,19.073,18.513,18.719,18.172,19.316,18.051,74.938,63.333,60.534,67.926,86.462,89.777,132.01,99.929,1.205,1.316,0.33596,18.564,19.389,19.726,4.7554,4.7647,6.1202,1.2599,1.2537,1.4084,1.6118,1.2673,0.90977,1.3793,0.17103,0.16626,1.3922,17.721,17.76,1.3625,1.2495
39.105,50.964,40.738,35.545,3.7146,110.09,4.4847,4.6329,0.17647,6.7228,0,31.161,3.7389,3.8879,17.803,2.9518,5.8805,33.802,10.321,17.295,17.626,16.877,12.488,13.801,9.9512,29.06,41.904,36.306,37.689,9.7621,0.95174,6.3261,3.2892,71.508,108.7,43.505,49.299,75.091,61.418,39.683,27.212,24.112,34.608,22.581,30.159,36.1,14.605,8.5476,6.8697,6.7154,9.7071,4.2831,5.1954,6.5154,6.8183,6.3533,5.1265,4.5071,5.7526,5.4793,4.6383,4.616,8.4486,11.021,22.357,19.73,3.1387,17.241,1.2289,0.26692,7.3002,5.6186,0.94022,7.2387,3.9855,6.1958,5.9408,65.646,66.25,73.701,50.606,23.086,22.086,49.395,63.799,28.316,49.004,3.8581,3.6791,3.0168,3.7591,4.0984,1.4432,7.8521,5.5007,6.3468,5.5269,6.1654,7.6149,6.2801,5.5622,18.108,18.542,17.921,17.498,19.067,19.929,14.597,13.834,2.2907,1.6085,3.2231,1.6495,2.5009,2.6126,4.5701,1.9568,23.776,12.788,20.295,45.514,55.958,34.304,38.27,4.3804,13.704,20.969,15.124,2.7284,11.497,26.112,33.284,30.699,20.289,26.784,4.022,3.1888,3.1698,3.5982,49.486,28.535,22.679,24.39,32.09,15.165,24.529,4.083,17.361,15.924,5.043,4.1785,7.6298,4.2527,3.1029,7.1416,8.6343,14.732,18.762,9.4544,4.667,5.5531,65.094,60.634,55.32,73.2,72.601,66.677,56.27,32.648,42.85,31.313,32.303,15.074,1.3909,0.36176,2.499,2.5569,6.2461,6.275,3.4891,5.8684,5.8845,18.741,18.853,17.733,18.416,4.1617,9.0235,2.812,17.237,3.4697,4.0539,3.762,8.2142,2.0179,4.1182,0.23986,0.74507,1.2186,7.4678,10.323,11.182,9.3502,16.354,5.703,30.699,36.254,11.459,19.499,48.279,42.454,37.121,42.579,3.3121,3.0179,3.2736,3.0484,3.3196,3.0154,3.5347,3.0423,59.652,44.369,59.954,75.537,67.845,78.025,115.27,108.22,2.6281,2.5007,4.0908,3.1889,3.5,3.6989,19.879,19.666,21.696,2.5095,2.6234,2.4779,1.931,2.5854,2.9326,2.394,8.6139,4.8877,2.3945,2.906,2.7789,2.6872,2.8755
86.169,92.155,98.163,62.437,56.262,188.47,48.217,53.498,34.72,14.708,31.161,0,14.484,15.175,14.22,31.098,54.919,84.064,50.582,41.913,48.085,80.863,57.049,60.027,74.981,87.835,76.996,87.095,104.4,63.756,42.88,58.189,53.604,124.89,214.24,106.35,131.47,155.68,122.56,111.01,89.363,100.15,118.19,88.64,95.377,65.596,80.948,67.625,64.195,57.265,57.499,55.038,56.205,56.959,60.092,59.389,54.424,51.928,56.096,55.083,52.546,54.186,8.6793,17.432,6.4565,9.7003,15.155,5.0416,27.583,33.49,59.872,56.146,42.432,56.623,52.926,56.252,56.379,29.723,26.247,29.153,33.998,1.3331,15.489,3.7564,15.002,15.054,2.294,13.122,13.647,16.53,14.361,15.763,20.505,21.189,22.362,15.666,16.282,14.568,16.852,17.444,16.42,14.25,14.358,14.171,14.165,13.706,15.795,24.417,17.468,18.815,18.61,31.781,28.331,40.825,44.462,47.536,43.85,68.013,81.6,69.692,82.456,106.98,117.82,85.147,47.132,27.971,98.054,87.406,22.809,53.798,51.867,58.765,106.17,86.26,48.733,57.454,54.181,52.993,55.063,137.45,101.75,91.97,100.59,74.519,87.512,78.823,35.167,87.616,62.536,55.112,53.311,62.254,52.889,34.844,34.197,13.612,3.1356,15.385,18.542,55.991,57.343,21.588,25.94,38.516,48.795,16.332,11.248,11.361,18.81,8.4086,3.4875,10.923,8.1496,25.232,25.691,17.073,17.236,15.214,16.379,16.706,15.924,16.435,13.735,12.726,13.961,14.208,16.674,9.5796,16.134,12.628,18.366,23.994,14.354,30.609,29.292,25.714,26.334,26.924,28.347,42.12,48.187,33.359,36.106,27.806,63.312,61.703,68.382,72.049,93.596,92.415,83.336,83.432,76.448,53.932,51.962,53.146,52.318,54.26,52.785,54.961,53.165,156.04,138.3,131.71,137.11,172.43,176.58,234.35,180.34,17.068,17.23,17.804,53.521,54.561,55.53,23.149,23.647,26.397,17.373,16.934,17.071,18.982,17.04,17.031,17.479,15.286,17.202,17.439,52.606,51.471,16.444,16.084
40.402,49.089,45.625,30.409,14.727,117.23,10.088,12.342,4.6577,0.91713,3.7389,14.484,0,0.050602,6.5794,3.5708,13.188,36.816,13.136,13.717,15.86,27.764,16.44,18.126,23.698,35.826,38.808,39.232,46.479,18.013,8.4029,14.711,14.042,72.198,126.73,50.141,63.05,85.663,65.727,50.082,35.553,39.009,51.064,33.254,39.316,31.746,27.152,19.528,17.705,14.389,15.455,13.062,13.644,14.209,15.663,15.265,12.825,11.632,13.673,13.176,11.921,12.655,3.1599,9.7574,7.9872,6.8669,1.1653,4.9299,4.6766,5.2878,15.661,13.672,7.6995,14.26,12.036,13.831,13.833,54.238,53.037,59.254,45.838,10.483,17.556,29.785,45.788,21.942,27.981,0.28949,0.82092,0.069827,0.00062771,0.16348,0.56701,2.8581,2.0863,0.93599,0.72293,0.66725,1.7355,1.2657,0.76291,6.7611,7.0343,6.6374,6.3934,7.207,8.1448,7.1877,5.056,0.28432,0.70831,3.8723,2.3879,6.77,8.2162,9.8413,7.9343,25.851,27.366,24.732,42.694,57.073,50.787,39.588,9.6326,7.6628,37.224,30.765,1.1783,14.813,21.688,27.941,44.096,31.347,21.085,15.317,13.655,13.793,14.666,65.728,41.292,34.738,39.304,32.516,30.829,30.193,5.2576,31.069,20.021,13.123,12.221,16.802,12.029,9.2443,12.862,6.0205,4.1443,7.3765,3.003,13.522,14.212,50.043,49.187,50.975,67.481,51.918,45.259,39.031,26.735,28.723,18.045,22.834,8.6655,3.9639,2.5648,0.12544,0.12437,0.81111,1.0441,0.15367,0.78983,0.89408,7.0233,6.8903,6.4867,6.9309,3.263,1.1929,1.3463,5.94,0.42167,1.9245,0.00066314,5.6175,2.753,2.4119,2.0876,3.7801,2.3255,8.9389,12.291,7.8992,7.8357,9.0646,17.727,27.424,32.744,22.17,34.577,47.66,41.263,38.359,39.011,14.084,13.454,13.999,13.532,14.073,13.462,14.528,13.492,78.412,64.18,68.402,78.867,89.404,95.74,138.64,113.14,0.10959,0.12985,0.50054,13.824,14.472,14.864,9.8402,9.8434,11.728,0.13629,0.10368,0.12949,0.3216,0.11202,0.11103,0.15498,1.88,0.65869,0.15337,13.203,12.964,0.08751,0.056795
37.738,46.04,42.939,27.981,14.783,112.75,9.3397,11.698,4.6495,0.5853,3.8879,15.175,0.050602,0,5.7791,3.0007,12.381,34.358,11.841,12.114,14.171,26.367,15.012,16.623,23.173,33.631,36.084,36.679,44.013,16.925,8.523,13.934,14.283,68.544,122.71,47.399,60.414,82.11,62.381,47.61,33.492,37.529,49.2,31.528,37.163,29.271,26.045,18.769,17.111,13.524,14.258,12.559,12.994,13.365,14.872,14.528,12.123,10.961,12.92,12.436,11.246,12.038,3.9643,11.207,7.6046,6.2876,1.6765,4.8109,5.3162,5.6308,14.788,12.943,7.6314,13.311,11.502,13.014,13.059,57.358,56.028,62.374,48.899,11.439,19.467,31.235,48.186,24.03,29.069,0.58204,1.2751,0.056192,0.061942,0.032192,0.5936,2.1505,1.4966,0.5777,0.39994,0.39142,1.2235,0.81869,0.42886,5.9515,6.2086,5.8366,5.6037,6.4031,7.2163,6.0691,4.2211,0.22847,0.98031,3.262,2.0399,6.2218,7.7001,9.0714,7.5435,23.807,26.665,22.878,39.838,53.858,48.939,36.954,8.8825,6.4746,36.089,30.008,0.84367,13.442,19.649,25.615,42.161,29.765,19.07,15.363,13.712,14.049,14.875,63.249,39.411,33.098,37.81,30.118,30.072,28.165,4.5196,29.886,18.392,12.459,11.661,15.96,11.436,10.162,14.209,7.175,4.5537,6.4941,2.3096,12.974,13.539,52.824,52.142,54.208,71.17,54.302,47.283,41.22,29.054,30.71,19.517,24.84,9.9602,4.6072,2.8956,0.18149,0.14687,0.48776,0.65214,0.040671,0.45696,0.53107,6.2253,6.1448,5.7016,6.1159,4.0887,1.0685,1.874,5.2402,0.2023,1.4047,0.062184,4.6319,2.3308,1.836,2.1998,4.2971,2.0514,7.865,10.995,6.7005,6.691,7.7867,17.513,25.141,30.24,21.13,33.399,44.687,38.491,35.767,36.272,14.294,13.753,14.284,13.807,14.236,13.664,14.716,13.651,75.775,62.214,65.195,75.126,86.736,92.47,134.82,108.66,0.13153,0.16778,0.23731,14.022,14.698,15.062,8.6095,8.6005,10.346,0.15678,0.14105,0.19205,0.33963,0.14788,0.069102,0.19514,1.3854,0.3445,0.19773,13.36,13.206,0.16521,0.1255
31.077,34.001,39.373,17.064,34.652,99.498,19.075,24.012,18.207,2.7524,17.803,14.22,6.5794,5.7791,0,9.4052,23.273,30.59,15.489,7.9885,11.117,36.63,18.821,20.279,41.706,34.963,25.065,32.21,45.403,26.834,25.597,25.986,35.122,54.865,122.27,45.042,65.163,78.006,53.981,50.412,37.123,50.865,61.434,39.444,40.926,18.747,39.701,33.28,32.571,24.367,21.188,26.759,25.935,24.358,27.253,27.315,24.053,22.573,24.714,24.113,22.971,24.833,14.019,29.108,1.7173,0.4746,12.805,2.5014,22.173,21.969,26.194,25.013,22.852,23.014,24.84,24.131,24.688,77.021,73.222,79.296,74.163,15.887,37.433,32.591,57.177,41.487,26.786,8.8448,11.234,6.8796,6.6432,5.1962,9.5471,2.5953,4.1357,2.9281,3.5281,3.2016,2.1477,2.9472,3.489,0.0013003,0.0077352,0.00024301,0.0013576,0.027216,0.094079,1.6519,0.42209,7.6244,11.515,9.431,10.003,16.06,18.953,18.366,19.951,21.897,44.802,24.339,28.209,43.43,61.305,30.508,18.289,2.8365,52.908,48.738,6.8301,17.044,11.913,15.173,51.176,38.975,10.337,35.42,33.095,34.87,35.794,71.271,48.202,42.827,51.071,24.411,48.82,29.595,10.329,44.089,21.013,24.983,24.821,28.298,24.147,31.262,37.739,21.929,7.2502,0.033674,1.5325,26.955,26.523,66.986,70.69,80.98,99.681,60.795,50.76,49.543,48.442,40.519,26.736,38.974,22.208,20.7,16.612,7.9772,7.6702,3.0446,2.9446,5.8647,3.2729,3.2297,0.016737,0.057499,0.0012456,0.0052099,18.241,2.7647,13.569,0.052022,5.5908,5.6596,6.6421,5.4228,9.8061,6.1056,14.169,19.98,10.829,11.747,13.877,5.4815,7.4183,2.4364,36.53,16.842,20.289,33.566,48.873,34.279,28.88,29.523,24.734,34.948,34.686,35.392,34.629,34.573,33.968,35.427,33.681,85.036,76.806,61.435,63.263,98.317,96.657,140.5,93.388,7.5736,7.8475,4.8503,34.473,35.635,35.993,1.0887,1.1943,1.8977,7.7205,7.683,8.0529,8.576,7.7216,6.8208,8.0083,1.6524,4.0486,8.0365,33.242,33.544,7.8983,7.6023
22.163,30.368,24.826,18.1,8.4229,82.744,1.9583,3.5021,2.3044,3.2816,2.9518,31.098,3.5708,3.0007,9.4052,0,3.5174,18.822,3.168,5.9586,6.2985,11.68,4.809,5.7361,11.606,17.094,23.112,20.65,24.55,5.803,4.9244,4.5127,9.1633,47.645,88.035,27.785,36.628,55.157,40.836,27.03,16.675,19.665,28.067,15.075,19.262,18.589,11.922,7.7088,7.1044,4.0782,4.1775,4.4608,4.2669,4.0222,5.0658,4.9824,3.6036,3.0038,3.9537,3.6954,3.1559,3.7842,12.888,21.161,15.763,12.296,6.675,13.111,7.4146,4.9558,4.8292,4.0254,3.4087,3.8144,3.7122,3.8678,3.9876,83.796,82.935,90.855,70.533,26.156,34.284,53.52,74.883,41.108,50.208,5.3879,6.539,2.6724,3.6573,2.6316,2.0508,2.1269,1.0935,2.8555,2.4741,3.2051,2.927,2.3168,2.4358,9.6068,9.879,9.5006,9.2118,10.437,10.478,5.2906,6.0042,1.9682,3.8738,0.0083133,0.24442,0.89425,1.662,1.788,1.9791,11.298,13.524,9.882,25.919,35.214,27.883,21.54,1.726,4.3735,19.314,15.829,0.66345,3.991,11.54,16.46,22.676,13.894,11.953,8.7534,7.7237,9.1046,9.3625,38.7,20.669,16.213,19.854,16.671,15.876,13.335,0.17419,14.541,6.9222,3.905,3.7243,5.6338,3.4939,12.058,18.877,16.327,14.753,9.7543,3.3472,4.5714,4.5399,79.747,77.65,76.554,97.079,82.717,74.107,66.188,47.166,52.417,37.667,43.527,22.474,7.3154,4.0431,2.8155,2.6265,2.984,2.6139,2.343,2.6585,2.4989,10.198,10.586,9.4315,9.8335,10.185,6.3264,6.6273,9.4982,1.6959,0.54253,3.6607,1.3883,0.10817,0.36464,2.3217,5.963,0.43549,1.376,2.8881,2.6849,1.7991,6.006,8.9097,14.842,18.822,8.6275,17.164,28.612,23.964,20.65,23.534,8.9829,9.1831,9.4437,9.0691,8.6714,8.5202,9.129,8.2602,48.618,38.234,41.672,51.953,57.519,62.356,97.711,80.118,2.6656,2.6952,1.8416,8.7315,9.3428,9.4179,8.9495,8.7248,9.7606,2.5848,2.7653,2.8469,2.2401,2.7322,2.4373,2.6469,3.7637,2.0832,2.6752,8.0632,8.4776,3.0766,3.132
18.246,28.173,17.474,20.98,4.2352,67.457,0.22668,0.13393,4.0268,13.593,5.8805,54.919,13.188,12.381,23.273,3.5174,0,13.966,2.2731,10.057,8.4182,2.8913,2.4187,2.7534,2.9655,9.5741,23.115,15.565,14.255,0.48967,4.2804,0.078807,5.8173,41.081,64.031,18.611,21.129,39.661,31.882,15.208,8.1168,6.8472,12.542,5.4148,9.6375,20.582,2.5186,0.90218,0.97006,0.028784,0.85033,0.5482,0.18691,0.019242,0.15822,0.18358,0.060031,0.097413,0.035479,0.029011,0.08626,0.19911,26.405,33.002,33.936,28.418,16.132,30.211,12.209,7.3132,0.1069,0.060077,2.8021,0.10186,0.38103,0.0083184,0.025891,110.57,110.98,120.47,90.889,47.02,50.682,82.553,105.5,59.808,79.39,15.631,16.641,11.338,13.327,11.841,8.9069,10.458,8.3272,12.711,11.876,13.41,12.723,11.513,11.797,23.559,23.93,23.423,23.003,24.89,24.454,14.551,17.468,9.6157,11.549,3.3669,4.3713,1.0621,0.68381,0.29725,1.0574,8.6661,3.5354,5.6532,25.237,29.677,12.386,17.702,0.31712,12.125,6.3472,4.6621,6.9782,2.3793,15.016,19.863,9.7877,4.3441,16.699,4.2676,4.0502,5.9298,5.619,21.379,8.5569,5.5338,6.9752,14.436,4.6875,7.3895,2.626,3.8024,3.7399,0.12846,0.315,0.25109,0.23026,15.23,23.841,28.474,31.952,23.507,13.09,0.44591,0.18932,108.83,103.92,97.072,120.37,115.79,106.7,95.399,66.188,78.056,60.829,64.862,38.631,12.942,9.0011,11.17,10.928,12.976,12.192,11.05,12.286,11.945,24.537,25.325,23.37,23.899,19.657,19.209,15.663,23.761,9.7885,6.799,13.334,6.5702,3.9973,6.0424,6.9033,10.746,4.4567,2.4591,2.7846,7.8177,5.4503,14.637,2.8971,16.445,19.929,1.1622,5.1595,25.487,22.028,17.023,23.932,5.5189,6.323,6.2693,6.0879,5.0751,5.3318,5.386,4.9314,28.423,19.233,29.291,42.634,34.601,41.086,69.353,66.893,11.046,10.989,10.3,5.3554,5.7417,5.547,20.31,19.843,20.562,10.824,11.197,11.199,9.7555,11.115,10.894,10.824,14.417,10.975,10.868,4.8732,5.6684,11.714,11.945
0.36537,2.9874,0.55364,4.5358,33.327,22.711,14.502,16.835,29.708,30.364,33.802,84.064,36.816,34.358,30.59,18.822,13.966,0,6.8,7.3474,4.992,8.7327,5.2463,4.5212,23.76,1.1693,2.6691,0.044934,2.2661,10.317,33.092,14.899,37.757,7.165,30.585,1.4282,8.2221,10.963,4.2113,3.7091,2.4331,12.82,12.953,5.9126,2.775,3.6618,13.598,16.958,19.61,13.2,8.0021,19.891,17.062,13.521,14.934,15.83,15.843,16.16,15.079,15.199,16.134,17.469,61.503,79.871,46.778,38.669,47.756,48.011,47.857,38.799,13.39,15.533,28.357,11.688,18.96,13.923,14.717,180.41,178.11,189.21,162.21,81.877,103.72,122.74,161.41,115,113.29,43.184,47.034,34.23,37.119,32.494,33.194,21.525,21.851,29.203,29.152,31.187,26.591,26.733,28.898,30.685,30.739,30.711,30.534,31.919,29.521,18.177,25.125,32.175,39.746,18.041,23.266,18.045,18.666,14.107,21.176,0.96885,21.831,1.8503,2.7919,2.9262,13.069,0.31039,14.435,15.138,18.335,22.45,25.253,5.8721,5.0388,4.9626,7.9579,7.2974,6.6312,33.298,32.956,38.065,37.172,11.89,7.3575,7.913,12.732,0.49242,22.48,1.2502,15.453,14.085,3.3968,16.662,18.472,14.321,17.779,56.295,71.618,70.136,58.815,29.456,23.852,19.115,16.78,171.93,171.11,171.29,201.37,170.51,155.4,148.25,125.25,128.82,103.68,117.62,81.15,48.332,39.265,35.383,34.583,30.017,28.211,32.214,29.304,28.515,31.714,33.25,30.922,30.888,56.694,38.555,47.736,32.659,29.358,21.907,37.128,14.071,21.706,20.408,33.549,44.285,24.665,10.031,6.9943,11.668,10.805,15.763,28.044,2.9754,2.8531,12.639,16.027,1.9749,1.517,0.272,3.0852,36.973,39.077,38.917,38.482,35.786,36.527,36.57,35.451,17.328,19.233,5.3445,8.2989,24.029,19.51,41.022,21.287,34.661,34.913,28.972,36.563,37.518,36.954,21.189,20.606,19.046,34.469,35.058,35.525,33.639,34.969,33.379,34.832,28.251,28.601,34.942,35.312,37.427,36.189,36.198
9.26,15.804,10.348,9.5113,12.235,53.84,1.8233,3.3234,8.1953,10.773,10.321,50.582,13.136,11.841,15.489,3.168,2.2731,6.8,0,2.9825,1.9594,4.5728,0.19509,0.41057,9.9506,5.5801,11.478,7.9417,10.198,2.0689,10.617,3.0629,14.469,27.505,58.317,12.194,19.038,31.898,21.603,12.001,5.5581,10.353,15.245,5.5619,7.1257,9.3335,6.3519,5.3767,6.0761,2.2515,0.59273,4.9266,3.753,2.3401,3.3355,3.6254,2.9972,2.854,2.8724,2.8002,2.9094,3.6886,28.751,40.315,26.237,20.693,19.022,24.765,18.601,13.286,2.6663,3.0721,7.9525,1.6065,4.2285,2.414,2.7556,119.54,118.42,127.8,103.22,46.039,58.201,79.883,107.77,67.083,74.395,16.712,18.804,11.442,13.311,10.901,10.31,6.4633,5.6987,9.9919,9.6383,10.998,9.0877,8.6279,9.5147,15.669,15.883,15.605,15.33,16.745,15.814,7.4743,10.867,10.049,13.995,2.861,5.0421,2.7928,3.2791,1.6201,4.3948,2.77,10.218,1.8598,13.185,18.221,15.175,8.8569,1.7146,5.4941,12.079,11.682,6.4611,0.051081,5.6064,8.7179,10.523,5.324,6.6964,12.377,11.757,14.576,14.307,21.32,9.1761,6.8059,10.431,6.1218,11.719,3.5144,1.857,7.9385,0.72714,3.4378,4.0453,3.3844,3.6779,24.283,34.514,33.782,29.717,15.283,8.3629,4.6764,3.7726,114.37,112.16,110.38,134.89,116.56,105.51,97.198,74.711,80.679,61.705,70.102,42.477,18.874,13.388,11.885,11.466,10.394,9.4251,10.515,9.8561,9.4344,16.495,17.375,15.64,15.91,24.485,16.179,18.9,16.371,8.9521,5.1705,13.317,2.6843,4.3471,4.4027,10.157,16.386,5.6456,0.40667,0.048465,2.6424,1.4689,6.9403,10.286,6.6075,9.0157,4.2834,10.064,14.129,11.223,8.3146,11.977,14.048,15.053,15.099,14.742,13.396,13.647,13.941,13.065,29.055,23.322,21.861,30.123,36.622,38.428,67.397,52.058,11.535,11.627,8.9799,13.757,14.447,14.239,11.32,10.919,10.959,11.386,11.752,11.956,10.723,11.689,10.944,11.544,10.391,9.0879,11.605,12.917,14.018,12.399,12.472
7.9302,10.994,11.933,3.3994,25.006,53.273,8.3304,11.802,15.43,8.7921,17.295,41.913,13.717,12.114,7.9885,5.9586,10.057,7.3474,2.9825,0,0.28026,13.991,3.8205,4.1764,23.678,9.8126,6.3865,8.2044,15.496,10.004,20.59,11.801,27.438,23.46,67.769,15.097,28.052,36.238,21.235,18.615,11.391,22.897,28.218,14.068,13.426,3.7603,17.791,16.298,17.247,10.208,6.2149,14.603,12.828,10.358,12.423,12.887,11.338,10.79,11.282,11.054,10.966,12.501,29.737,46.066,17.073,12.333,22.089,17.89,26.431,21.751,11.171,11.644,16.934,8.8354,13.234,10.444,11.094,120.65,117.75,126.4,109.68,41.325,62.286,70.488,101.82,70.041,63.025,17.974,21.014,12.532,13.899,10.913,13.2,4.3128,5.1157,8.278,8.5043,9.3964,6.6436,7.043,8.3599,8.0466,8.0913,8.0533,7.9508,8.7107,7.5641,2.4116,5.308,11.822,17.413,5.5866,8.4277,8.6455,10.305,7.8048,12.01,3.4677,24.24,4.9324,8.0269,15.508,28.206,7.611,7.9277,1.4053,26.516,26.456,7.9873,3.2769,0.95088,2.6615,20.812,14.471,1.041,25.359,24.079,27.472,27.466,32.74,19.058,16.648,22.957,4.6679,26.511,7.2109,4.7311,20.164,4.0214,12.179,12.985,12.627,12.327,34.957,45.801,37.758,25.446,7.4655,5.0409,14.317,12.971,111.71,112.87,117.57,141.97,108.37,95.911,91.414,78.568,77.012,57.595,70.323,43.635,25.99,19.499,13.605,13.062,8.7378,7.7845,11.063,8.4733,8.057,8.5917,9.3865,8.1539,8.1605,29.142,12.991,22.423,9.034,9.4994,5.8047,13.904,1.8915,7.5641,5.2607,15.487,23.601,9.5005,2.7746,2.331,0.8074,1.2138,1.62,23.288,2.3535,4.075,14.355,23.433,10.527,7.598,7.0969,6.4635,26.963,27.89,28.146,27.565,26.193,26.274,26.99,25.601,42.201,38.836,25.22,28.064,52.008,49.297,81.698,49.657,13.059,13.309,8.9815,26.533,27.563,27.452,3.8363,3.5853,3.1941,13.027,13.309,13.711,12.988,13.281,12.075,13.339,7.2805,8.4483,13.408,25.323,26.522,13.98,13.853
5.7886,9.2432,8.8456,3.171,23.367,47.631,7.1938,10.238,15.397,11.045,17.626,48.085,15.86,14.171,11.117,6.2985,8.4182,4.992,1.9594,0.28026,0,10.783,2.3595,2.5371,20.695,6.7829,5.3066,5.7662,11.649,7.8137,19.936,9.9176,26.068,20.383,59.835,11.499,22.741,30.735,17.568,14.347,8.1053,18.566,23.064,10.55,9.8288,3.2787,14.475,13.768,14.936,8.411,4.5458,12.921,11.069,8.5788,10.407,10.912,9.7149,9.3475,9.5448,9.3887,9.4776,10.885,33.109,49.115,21.469,16.126,24.287,22.048,27.377,21.967,9.1879,9.8997,16.25,7.1134,11.704,8.71,9.3407,128.15,125.57,134.67,115.41,46.743,66.682,78.25,110.21,75.105,70.751,20.34,23.376,14.401,16.059,12.906,14.581,5.9431,6.4701,10.4,10.509,11.632,8.7167,8.9656,10.352,11.196,11.264,11.196,11.06,11.998,10.695,4.2093,7.7699,13.403,19.071,5.8745,8.9817,8.0719,9.4246,6.7297,11.171,1.8097,20.85,2.877,6.7313,12.806,23.063,5.4974,6.8792,2.7749,22.218,22.732,9.1438,2.0412,0.96819,2.5981,16.366,11.015,1.4115,23.636,22.581,26.152,25.981,26.963,14.836,12.87,18.607,3.0438,22.78,4.6481,4.7434,16.467,2.3005,10.5,11.429,10.47,10.803,35.518,46.944,40.829,29.743,10.545,7.061,12.567,11.132,119.77,120.2,123.38,148.63,117.43,104.77,99.381,83.77,83.957,63.752,76.092,47.835,27.165,20.425,15.404,14.839,10.905,9.8233,12.922,10.538,10.066,11.849,12.765,11.305,11.34,31.41,15.992,24.509,12.292,11.168,6.9061,16.065,2.5997,8.0373,6.1915,16.263,24.518,10.041,2.3405,1.5246,1.4569,1.4686,3.2115,21.091,1.8056,3.3444,11.585,19.389,8.5369,5.9765,5.05,5.489,25.555,26.666,26.833,26.303,24.738,24.94,25.501,24.218,35.604,32.708,20.644,24.213,44.658,42.271,72.612,44.579,14.857,15.087,10.741,25.146,26.121,25.93,6.1859,5.8661,5.3585,14.786,15.125,15.51,14.549,15.083,13.88,15.086,9.5923,10.315,15.159,23.978,25.3,15.861,15.78
12.663,21.917,9.7334,20.528,10.549,46.999,4.4484,3.8334,13.602,26.892,16.877,80.863,27.764,26.367,36.63,11.68,2.8913,8.7327,4.5728,13.991,10.783,0,3.2338,2.8808,4.0256,3.9065,19.618,9.772,5.7214,1.0583,13.004,2.5479,13.453,29.519,40.376,9.5266,8.7143,23.185,20.254,5.7303,2.4217,1.1681,3.5357,0.53831,2.8927,19.386,0.54488,2.0274,3.231,2.3432,2.1217,4.5462,3.4328,2.4512,2.2843,2.6097,3.4005,3.9562,2.9233,3.1257,3.8268,3.8931,46.663,55.115,51.73,44.108,32.654,48.528,26.5,18.827,1.9785,3.0254,10.714,2.2442,4.5897,2.6469,2.7928,149.05,149.66,160.67,125.26,72.363,77.576,114.99,143.08,88.866,110.31,31.655,33.297,25.059,27.983,25.367,21.719,20.902,18.635,25.619,24.667,26.894,24.914,23.632,24.515,36.927,37.285,36.811,36.361,38.583,37.309,23.731,29.229,22.538,25.941,11.256,13.885,7.3108,6.387,4.5677,7.3497,6.6037,3.0079,3.4746,20.746,20.677,3.47,12.301,4.7242,20.091,2.1111,3.1793,17.864,3.9107,16.645,20.175,2.0519,0.17707,19.194,10.357,10.676,13.736,12.877,8.5675,1.5267,0.42783,1.1976,11.044,3.1906,3.4076,9.4052,0.68844,3.1845,3.4988,4.3603,1.8626,4.2211,29.779,41.371,49.462,52.671,36.432,24.444,4.1215,3.1724,147.2,141.37,132.3,159.28,154.8,143.82,131.22,96.468,110.83,89.838,95.141,62.649,27.749,22.022,25.013,24.59,26.12,24.783,24.356,25.168,24.586,38.188,39.448,36.837,37.31,37.582,34.972,32.005,37.802,22.253,16.83,27.993,13.891,13.039,15.477,18.729,24.487,14.234,6.9274,5.5569,14.165,11.147,22.733,6.9176,15.864,18.073,0.64821,1.3091,19.01,17.156,11.934,20.61,12.947,14.508,14.207,14.096,12.219,12.886,12.549,12.214,13.185,7.6865,16.22,29.034,17.591,22.4,43.964,47.658,24.752,24.714,22.79,12.782,13.157,12.678,30.254,29.588,29.499,24.44,25.003,25.07,22.926,24.885,24.364,24.49,27.199,23.499,24.562,12.232,13.633,25.822,26.119
