0,6.9902,6.1769,18.521,32.445,46.673,44.873,52.045,56.383,248.54,191.75,190.19,244.08,239.27,134.09,66.508,45.437,35.604,41.3,35.965,37.215,36.892,33.845,56.371,59.274,57.82,72.206,73.125,48.617,51.568,53.664,47.024,47.503,58.27,69.653,70.451,5.2308,18.638,12.771,12.762,15.079,25.821,21.715,21.997,37.878,16.897,26.001,27.707,60.389,23.518,37.07,11.791,25.573,36.723,46.134,34.305,44.952,52.718,51.027,58.678,53.207,53.774,95.249,67.955,82.703,98.573,134.18,109.89,132.52,110.02,96.384,120.18,40.318,2.6064,18.273,0.42246,0.40141,16.282,189.53,220.17,150.48,128.52,145.38,154.55,81.432,107.57,97.328,95.622,73.641,43.382,48.892,48.156,38.441,39.628,42.773,43.974,40.095,47.08,38.451,37.947,39.915,41.649,56.971,59.012,64.614,68.922,70.382,63.02,63.994,70.902,65.238,57.262,43.257,40.113,50.768,44.665,57.529,88.533,56.571,69.739,70.033,68.2,53.489,53.383,54.071,61.465,68.349,71.062,69.038,41.912,69.59,65.876,71.777,31.232,23.455,70.664,29.698,50.846,10.305,34.826,32.039,27.729,19.808,22.986,15.53,31.461,31.948,41.08,56.144,30.825,38.189,47.838,40.077,32.487,33.357,33.768,42.252,46.101,47.462,61.928,44.011,74.19,84.223,69.565,74.924,99.014,94.371,126.19,88.589,109.64,101.26,160.28,189.19,37.463,19.343,0.23985,1.751,13.287,0.28979,10.831,12.586,169.24,224.16,117.37,118.42,47.613,64.563,70.885,87.096,38.283,53.485,49.521,66.237,35.357,38.331,43.117,38.633,41.584,42.886,55.484,56.612,59.847,59.311,73.148,64.163,73.004,52.809,50.214,56.16,59.561,50.731,55.009,52.248,57.772,98.403,53.725,77.171,65.138,68.397,67.807,76.91,70.748,61.7,56.849,52.223,54.467,47.532,52.64,53.696,54.469,49.293,71.162,69.916,69.103,23.813,15.564,36.727,22.287,41.519,35.746,39.9,30.852,67.256,50.204,0.22156,2.534,48.868,20.118,17.484,17.014,41.215,70.842,64.864,201.5,184.04,223.35,189.05,39.91,15.827,21.137,2.5627,17.267,15.859,28.861,23.122,18.211,40.925,48.189,40.926,42.296,19.058,17.502,16.233
6.9902,0,0.22444,13.412,12.707,19.084,19.01,27.46,30.432,197.94,160.68,147.93,189.18,181.97,98.616,43.97,29.738,21.62,25.876,27.953,22.481,23.554,22.203,28.84,32.959,29.793,38.1,38.763,32.181,34.143,31.233,27.341,25.675,31.454,35.844,36.357,5.5884,2.9602,2.0473,6.4191,5.6554,12.856,9.044,10.212,21.102,9.7574,14.686,12.412,27.984,9.0659,14.298,6.3113,9.0046,15.313,21.425,15.643,24.537,27.931,26.295,30.142,29.509,29.009,58.797,43.895,57.873,63.241,106.34,79.361,91.467,89.34,79.438,82.977,34.344,6.2668,3.9982,10.754,5.8631,11.728,142.91,165.74,108.42,97.97,100.19,106.59,58.794,68.526,64.944,65.05,49.983,23.028,26.385,30.679,23.659,24.576,28.347,29.473,25.971,33.286,24.554,26.634,27.361,29.384,28.923,31.054,35.127,35.164,37.116,32.13,32.209,43.216,32.793,37.339,33.7,23.887,21.443,28.71,39.579,50.618,35.47,48.601,47.792,48.105,30.873,30.922,31.54,31.513,34.331,37.028,35.832,34.416,36.601,32.946,36.929,24.989,16.285,43.596,14.214,20.935,9.9522,18.138,15.336,8.0157,3.6058,7.0129,5.7212,9.0438,13.505,19.276,25.231,11.941,16.863,23.994,18.472,13.249,13.938,14.813,20.728,23.293,28.222,33.073,19.723,44.927,51.028,38.549,59.58,64.597,61.519,83.15,70.994,72.225,64.411,120.79,141.63,29.441,14.848,4.8951,2.2955,2.0956,6.9812,10.048,8.7276,126.89,181.45,93.19,90.783,25.227,35.512,43.423,53.743,23.981,38.858,30.779,49.009,19.931,24.173,28.936,28.673,28.536,29.872,27.882,28.649,31.654,30.726,39.323,34.227,39.128,27.831,22.85,40.987,40.696,31.128,37.346,37.268,39.611,64.462,38.617,54.368,44.522,48.452,49.469,58.174,50.482,34.866,33.368,28.8,30.298,25.235,29.349,30.203,29.81,32.988,49.578,35.972,35.496,11.154,13.362,14.872,4.5487,20.069,15.296,18.689,13.702,36.057,25.877,5.9974,1.1082,19.147,15.871,15.389,15.44,29.534,52.258,45.451,171.58,154.14,170.42,144.18,13.795,7.8767,3.8643,3.1351,15.92,14.92,19.406,16.133,16.917,14.216,18.699,29.055,30.098,16.299,15.33,14.379
6.1769,0.22444,0,16.64,16.142,22.543,22.795,32.482,35.679,211.23,172.89,159.55,201.88,194.17,108.15,50.474,35.093,26.208,30.892,32.81,27.169,28.305,26.764,33.787,38.436,34.802,43.3,44.002,37.75,39.885,36.712,32.513,30.639,36.747,40.802,41.332,6.9167,3.3892,3.6221,8.7779,8.0725,16.458,12.112,13.435,25.678,12.687,18.46,15.972,32,12.138,17.696,8.5761,12.003,19.028,25.719,19.564,29.426,32.99,31.18,35.139,34.784,34.182,65.752,50.376,65.301,70.635,116.33,87.988,100.32,98.42,87.914,91.562,29.442,6.9827,3.5136,9.561,5.6496,14.698,154.11,177.45,118.17,107.56,109.22,115.74,66.281,75.992,72.634,72.821,56.902,27.763,31.396,36.141,28.459,29.467,33.552,34.774,30.963,38.865,29.414,31.573,32.417,34.595,33.828,36.211,40.58,40.039,42.33,37.078,37.031,49.531,37.582,43.353,39.103,28.733,24.961,33.983,45.739,56.631,41.333,55.428,54.567,54.889,36.316,36.373,37.045,36.509,39.032,42.103,40.895,39.736,41.795,37.666,41.832,29.467,20.002,49.969,18.01,24.124,12.18,22.397,19.264,10.471,5.1656,9.656,8.1657,11.042,17.139,23.515,29.114,15.311,20.811,28.677,22.619,16.804,17.587,18.611,25.161,27.957,33.479,38.367,23.822,51.301,57.634,44.205,66.94,72.151,68.951,91.273,79.063,80.102,71.769,131.28,152.71,25.065,11.589,4.0725,1.5167,1.5882,6.6518,12.351,11.216,137.56,194.38,102.53,100.03,30.124,41.043,49.765,60.559,28.799,44.879,36.259,55.795,24.377,29.005,34.183,33.71,33.71,35.154,32.708,33.53,36.856,35.786,44.716,39.539,44.491,32.868,27.026,47.176,46.951,36.638,43.337,43.186,45.777,72.037,44.637,61.578,51.066,55.256,56.312,65.562,57.424,40.495,39.01,34.017,35.629,30.136,34.625,35.554,35.07,38.618,56.472,40.923,40.444,14.527,16.285,18.476,6.1277,24.427,19.08,22.887,17.409,41.429,30.742,5.6286,0.89441,21.763,19.298,18.537,18.534,34.73,59.283,52.047,184.17,166.1,182.46,155.53,16.168,10.588,4.6038,3.6985,19.041,17.877,23.591,19.821,20.142,16.384,21.259,34.222,35.363,19.622,18.48,17.383
18.521,13.412,16.64,0,8.692,20.855,16.706,13.728,15.835,134.13,91.093,91.943,133.61,132.44,55.044,16.148,6.4251,3.4772,5.2104,2.9867,4.0611,3.54,2.4952,17.983,16.695,18.792,30.115,30.641,7.6141,8.8659,11.986,8.5973,10.326,17.129,29.674,30.267,4.0701,21.262,6.889,1.296,2.3865,2.2662,2.7439,1.9307,5.1816,0.41925,1.3872,3.9522,28.708,4.0922,12.909,1.3249,6.2655,10.206,13.942,6.7005,8.7484,14.033,13.826,19.629,12.958,14.135,37.769,17.427,23.981,37.641,53.096,39.688,57.93,38.325,30.684,48.738,90.316,7.4087,28.955,22.946,13.489,0.07423,93.757,118.23,68.037,50.121,68.23,75.773,22.746,45.149,34.597,32.646,19.506,8.5004,11.152,7.8016,4.3277,4.6854,5.3252,5.6986,4.5183,6.6149,4.0503,3.4812,4.1699,4.6646,18.82,18.745,21.485,29.663,28.369,23.821,25.652,20.91,27.019,11.67,5.2869,5.2658,24.025,6.2753,11.165,38.658,11.968,16.988,17.455,16.058,12.086,11.943,12.157,22.081,30.499,30.044,28.319,5.136,27.813,28.122,32.012,1.8739,0.30445,20.332,3.9049,26.75,1.3727,4.8343,4.8421,12.261,12.748,6.8241,2.5141,19.213,6.8168,10.039,25.952,7.8296,9.7209,12.559,9.8582,7.8391,7.8776,7.1386,9.6372,11.224,8.4319,20.291,13.567,23.327,30.461,24.349,19.039,36.944,33.711,57.266,26.176,44.141,40.27,72.154,94.181,82.519,55.802,18.284,18.446,24.894,14.649,1.1596,0.61932,78.975,114.71,42.652,43.614,10.875,20.874,20.718,31.522,4.1313,9.092,8.716,14.756,4.0827,4.0974,5.3756,3.6651,4.7275,5.127,18.102,18.683,19.149,19.722,29.493,22.122,29.595,14.269,18.378,10.214,12.179,9.4697,10.145,8.6374,11.308,36.277,9.2249,20.776,14.9,16.112,15.581,19.976,17.227,17.715,13.554,12.529,13.631,10.778,12.48,12.859,14.122,7.8023,17.732,29.971,29.257,2.271,0.31287,11.041,14.7,9.5587,8.8727,9.341,5.4168,24.401,13.269,14.696,13.984,29.662,0.11958,0.35277,0.46895,4.4918,17.015,14.469,97.975,85.822,118.99,92.441,23.619,1.0014,20.757,7.9196,0.54619,0.62377,1.2167,0.26459,0.62596,26.227,29.516,4.4102,4.8672,0.29509,0.33513,0.37953
32.445,12.707,16.142,8.692,0,2.6253,1.3568,2.8634,3.8337,111.02,89.302,75.068,103.85,98.579,41.537,11.287,7.2025,4.5401,5.5253,11.981,4.4438,5.7772,6.3568,3.3433,4.7931,3.692,8.0388,8.3438,7.9982,8.4512,4.8352,4.078,2.6946,4.1787,7.3897,7.6731,14.952,10.426,4.8144,6.4257,3.8902,2.2438,1.8197,2.4546,2.8051,5.9239,3.7873,0.98432,5.9123,1.0004,0.4218,7.2875,0.41378,0.13262,1.2056,0.4719,2.6655,3.0109,2.4591,3.8787,3.775,3.4078,16.973,10.652,18.504,19.252,49.991,30.08,35.99,41.825,37.315,30.877,78.738,20.879,17.674,40.056,26.963,8.8344,70.568,86.7,46.993,42.777,41.678,46.105,20.084,22.399,20.509,20.962,14.257,2.1262,2.8021,6.6635,4.9166,5.1589,7.3056,7.8136,6.3637,10.253,5.8604,8.6379,8.0853,9.2993,3.447,4.0793,5.6505,7.2437,7.3531,5.0797,5.5172,9.3128,6.0009,8.8451,13.686,4.2,3.8175,6.5481,11.097,13.849,7.3478,14.599,13.598,14.843,4.6208,4.6877,4.9433,4.5993,7.3501,7.7603,7.0182,15.856,7.0884,6.3492,8.3284,12.135,7.6346,9.6266,1.263,5.0482,13.512,1.8159,1.0228,1.2853,3.9451,0.86023,3.6125,3.8528,0.17735,0.72195,4.663,0.026097,0.30023,1.7991,0.56734,0.042132,0.079108,0.25964,1.1212,1.6861,4.6521,4.8522,0.88315,9.9428,12.822,7.1265,24.991,20.052,18.442,31.183,31.053,24.343,19.94,56.014,69.565,69.684,49.914,29.334,24.577,17.327,29.352,12.95,9.0903,59.749,100.38,42.487,39.02,2.4024,5.7564,9.4586,14.185,5.3488,12.755,6.0741,17.049,3.0474,5.5239,7.7542,10.705,8.3181,9.0133,3.088,3.357,4.3012,4.0586,8.216,5.4043,8.1844,2.9599,2.1212,13.607,11.217,5.8461,10.029,11.626,10.996,20.015,12.297,17.26,12.481,15.129,16.652,21.85,16.177,5.5372,5.5026,3.5456,4.0052,2.4236,3.7962,4.1057,3.7294,8.4912,14.959,7.5035,7.195,2.0805,11.836,0.16062,4.0644,0.95598,0.13611,0.65327,0.52891,6.2842,2.3495,28.187,19.043,6.8367,10.334,12.539,13.163,9.8061,18.217,13.644,98.466,84.848,90.065,71.739,4.6254,4.9997,8.7064,17.256,13.582,13.769,6.8604,7.7469,13.972,6.0221,6.8409,9.4217,9.7129,12.083,12.433,12.52
46.673,19.084,22.543,20.855,2.6253,0,0.38419,4.6127,5.002,107.69,97.505,74.839,96.75,89.11,42.743,16.644,15.434,12.774,13.434,24.64,12.323,14.691,16.127,2.9969,6.0628,3.1047,3.6461,3.8375,16.056,16.104,8.7232,9.354,6.2135,4.8335,2.8334,2.9493,27.937,11.262,10.71,16.449,11.928,9.6802,8.6511,10.115,9.1413,16.27,12.593,6.7891,0.88372,6.6382,0.94851,17.751,4.5159,2.0532,1.7759,4.5529,7.0226,4.6808,3.9037,2.9304,6.5021,5.2632,13.64,14.951,23.709,17.335,57.021,33.25,32.41,52.312,49.404,29.491,78.087,35.166,18.08,55.962,41.065,20.982,66.775,78.411,44.089,47.39,35.595,38.328,26.852,18.093,21.021,22.815,19.484,6.2915,5.9346,13.861,12.932,13.129,16.17,16.771,15.11,20.106,14.561,19.199,17.986,19.627,2.6883,3.7614,4.7484,2.596,3.5473,2.4736,2.1177,10.92,2.1077,15.225,26.127,11.313,0.11411,14.485,19.025,8.1159,12.708,21.384,19.563,22.266,8.3282,8.5122,8.8019,2.6969,2.2654,3.2277,3.0249,29.559,3.4393,2.0264,2.9902,25.415,19.146,11.737,7.2952,0.4549,27.372,7.7342,6.4328,2.4538,6.1296,4.8286,11.432,2.5132,3.974,3.1657,0.43734,3.1277,2.6278,3.5373,3.0068,3.1849,3.2399,3.9573,4.0454,4.0941,10.353,4.1362,1.4432,10.577,11.158,5.5004,36.479,18.992,18.251,25.173,42.092,21.747,16.947,55.963,64.962,68.446,52.73,41.976,34.517,19.775,44.107,26.633,20.981,58.033,101.83,51.005,45.081,5.4443,5.2654,11.257,12.731,13.714,22.711,12.447,26.405,10.096,14.007,16.846,22.324,18.063,18.943,2.5111,2.6195,3.8919,3.1713,4.3029,3.9869,4.191,4.4669,0.72784,23.449,18.672,11.684,17.897,21.19,18.792,19.306,21.928,23.501,19.192,22.684,25.347,31.098,23.722,6.6853,8.9276,6.3711,6.4997,5.5314,6.7986,7.0847,5.7865,16.73,21.545,2.8447,2.7591,9.3778,25.496,1.6145,5.2432,3.8171,2.8074,3.4354,5.3054,4.108,4.0365,42.267,28.507,1.5087,23.376,26.611,27.503,20.506,27.02,21.243,108,93.451,83.284,69.347,1.3591,14.471,8.9358,29.234,28.117,28.331,17.537,19.336,28.698,2.0471,1.5835,19.948,20.168,25.97,26.456,26.538
44.873,19.01,22.795,16.706,1.3568,0.38419,0,2.4431,2.8496,100.98,87.935,68.397,91.683,85.167,37.391,12.224,10.955,8.8644,9.3091,19.123,8.4516,10.444,11.748,1.5494,3.7071,1.6879,3.2975,3.4957,11.473,11.521,5.5326,5.9504,3.5237,2.8103,2.7164,2.8735,24.94,12.798,9.7844,13.628,9.6947,6.757,6.3174,7.4028,5.8437,12.922,9.1068,4.4161,1.6174,4.6815,0.37508,14.86,3.1023,0.80068,0.52272,2.46,4.1222,2.5084,1.9323,1.6372,3.833,2.9474,11.65,10.885,18.65,14.567,49.478,27.948,29.089,44.345,41.377,25.669,84.06,32.21,20.432,53.911,38.859,17.031,61.776,74.463,39.884,40.909,32.933,36.119,21.254,16.032,17.261,18.568,14.798,3.5671,3.3323,9.6308,8.934,9.0781,11.601,12.101,10.737,14.944,10.301,14.287,13.198,14.588,1.4035,2.1484,3.1015,2.5703,3.0013,1.7438,1.7343,7.8336,1.9061,10.845,20.272,7.5678,0.79631,10.16,14.043,7.5887,8.7641,16.271,14.749,16.981,5.2231,5.3634,5.602,1.7074,2.5081,3.0164,2.6511,23.365,2.8584,2.0125,3.1624,19.981,14.841,8.4474,4.6745,1.6653,23.428,4.8056,3.912,2.377,6.3957,3.7218,9.2482,3.5739,2.1845,1.3571,1.0154,1.7565,1.0724,1.623,1.2677,1.6626,1.6425,2.0782,1.9396,1.9804,6.7516,2.5481,0.33821,7.7565,8.8958,3.9322,29.473,15.832,14.906,23.166,34.702,18.836,14.548,50.296,60.307,74.213,56.379,40.687,34.056,21.494,41.78,22.689,17.47,52.768,93.876,43.472,38.394,2.9565,3.4293,8.0898,10.246,9.5914,17.188,8.4657,20.504,6.6689,9.8368,12.174,17.004,13.237,13.978,1.2268,1.3457,2.2749,1.8121,3.6582,2.609,3.5946,2.363,0.1862,17.837,13.77,7.8507,13.06,15.868,13.848,16.02,16.509,18.275,14.312,17.342,19.614,24.783,18.281,4.2554,5.7639,3.7137,3.8628,3.0193,4.0412,4.2795,3.342,12.044,16.445,2.7661,2.6112,6.6695,21.098,0.59276,5.8149,1.7875,1.2647,1.5491,3.1504,2.9263,2.0029,40.183,27.776,3.3788,18.801,21.915,22.762,15.359,21.117,16.042,97.732,83.943,78.611,63.791,2.7544,11.564,10.434,27.126,23.294,23.621,13.15,15.028,23.737,3.8204,3.4733,14.879,15.048,21.203,21.774,21.966
52.045,27.46,32.482,13.728,2.8634,4.6127,2.4431,0,0.087485,78.225,62.053,48.659,72.559,68.686,22.682,3.7411,4.1468,4.187,3.6127,11.348,3.6827,4.9516,6.3277,0.42604,0.25089,0.52048,3.6177,3.7667,4.1589,3.9401,0.67929,1.2154,0.30092,0.19316,3.7955,3.9965,26.811,23.619,14.733,14.203,11.162,5.2449,6.6124,6.8277,2.2046,11.739,6.3899,3.8867,5.5687,5.5998,3.0989,15.463,5.0403,1.9026,0.7316,1.8419,0.66395,0.0021617,0.029926,0.69447,0.16517,0.026747,6.5249,3.0283,7.6749,7.4669,30.409,14.72,18.824,25.972,23.833,14.973,110.51,35.094,34.025,61.247,44.429,14.778,45.087,58.741,26.752,24.218,23.478,27.243,9.2885,10.001,8.0475,8.4211,5.2285,0.64107,0.18223,3.0683,3.781,3.6972,4.872,5.056,4.6628,6.6469,4.6205,7.3957,6.3324,7.0658,0.61731,0.42476,0.86548,3.9311,2.9701,1.816,2.5797,1.8653,3.106,3.1839,11.091,2.7653,5.429,3.7329,5.1515,6.3563,2.0617,6.1335,5.1897,6.6237,0.5704,0.62431,0.6942,1.2717,4.5849,3.7586,3.1406,13.746,2.7998,3.6313,4.8082,12.931,10.845,2.0521,3.368,7.6875,22.333,2.272,2.5694,7.3827,13.355,6.7198,10.755,11.183,2.5144,0.72261,4.914,3.1929,1.3093,0.12773,0.89067,2.561,2.2715,2.0075,0.51042,0.18093,1.5577,0.65503,1.0947,2.1414,3.8538,1.5133,15.353,7.8306,6.7851,16.21,18.848,10.755,8.1184,33.579,44.372,99.505,76.412,48.726,43.407,34.066,47.325,21.478,16.695,36.455,69.6,25.422,21.89,0.17492,0.75637,1.9447,4.5089,4.2023,7.6089,2.2918,9.1135,3.0138,4.347,5.2081,9.2791,6.1274,6.4705,0.56249,0.61464,0.47611,0.66274,3.1868,1.0397,3.2511,0.0058143,1.7626,7.85,4.8661,1.878,4.6718,6.7821,5.0106,7.7761,7.1051,7.3569,5.0003,6.8551,8.4159,11.773,7.4183,0.44159,0.70604,0.15503,0.16209,0.19034,0.22486,0.26853,0.072906,4.4627,6.2239,3.9213,3.6543,5.8699,18.173,2.2506,13.255,0.60132,1.7756,0.84746,2.7588,1.5911,0.027672,46.197,35.808,11.386,14.801,18.144,19.001,7.6796,9.3535,6.1126,70.106,58.558,61.173,45.945,10.344,11.452,20.713,31.661,19.354,20.124,8.2967,11.073,19.406,12.357,11.6,7.3742,7.3065,17.045,18.023,18.626
56.383,30.432,35.679,15.835,3.8337,5.002,2.8496,0.087485,0,73.655,59.269,45.258,67.871,63.99,20.47,3.4837,4.7722,5.1933,4.371,12.701,4.6007,5.9507,7.5135,0.32327,0.060179,0.36091,2.9504,3.0675,4.6589,4.3102,0.77121,1.6104,0.60881,0.027217,3.2304,3.4052,29.951,25.888,16.981,16.511,13.225,6.6539,8.221,8.4496,3.0106,13.798,7.8623,5.1396,5.4202,7.0772,3.8601,17.865,6.3877,2.6575,1.0528,2.7288,1.1001,0.062272,0.152,0.50162,0.2328,0.050597,5.1014,2.6675,6.9419,5.9784,28.602,13.171,16.433,24.991,23.326,12.951,115.26,38.68,36.701,65.956,48.456,17.012,41.506,54.419,23.987,22.345,20.723,24.247,8.6965,8.2182,6.6756,7.155,4.751,1.1333,0.4246,3.5277,4.658,4.5244,5.6402,5.7868,5.5239,7.3363,5.5426,8.4796,7.2869,7.9898,0.49092,0.22065,0.45124,3.3976,2.3593,1.4674,2.2079,1.2949,2.6972,3.281,12.149,3.5215,5.6713,4.3666,5.3437,5.1396,2.1229,5.871,4.8639,6.4516,0.66145,0.72373,0.77044,0.9755,4.0904,3.1381,2.5847,14.982,2.216,3.21,4.1853,14.539,12.639,1.5076,4.5285,7.997,25.121,3.1903,3.597,8.6814,15.209,8.2291,12.78,12.436,3.5127,1.274,4.9192,4.2474,1.9926,0.38212,1.4871,3.5279,3.194,2.9142,1.0175,0.51709,1.9571,0.33978,1.5115,1.4364,2.7842,0.91933,15.336,6.3555,5.4653,13.916,18.43,8.954,6.5309,30.754,40.762,103.93,80.727,52.897,47.263,36.975,51.48,24.21,19.141,33.363,65.728,24.1,20.345,0.46463,0.34769,1.3817,3.3578,5.1083,8.0904,2.6529,9.1499,3.9617,5.259,5.9804,10.429,7.0066,7.3162,0.49479,0.50239,0.24001,0.44541,2.4757,0.63979,2.5465,0.059421,1.9288,8.2355,4.96,2.1664,4.9416,7.2719,5.1855,6.3292,7.5517,6.8446,4.8701,6.6868,8.3523,11.499,7.1809,0.16235,0.66737,0.2621,0.17658,0.48499,0.32188,0.32609,0.075562,4.9519,5.9063,3.349,3.1072,7.3779,20.595,3.0099,14.99,1.139,2.5776,1.4556,3.8274,1.0787,0.18601,50.298,39.332,11.9,16.905,20.498,21.411,8.6511,9.211,6.0528,67.282,55.944,56.852,42.443,11.203,13.525,22.762,35.072,21.772,22.627,9.7678,12.89,21.794,13.241,12.15,8.3418,8.2172,19.292,20.371,21.046
248.54,197.94,211.23,134.13,111.02,107.69,100.98,78.225,73.655,0,13.84,3.9978,1.7617,4.9679,17.521,57.921,82.004,96.127,87.395,102.27,93.463,94.497,100.11,78.165,69.681,76.911,73.124,72.449,77.916,74.157,72.378,79.79,81.146,72.463,77.595,77.35,182.86,185.43,159.97,148.69,142.82,114.59,125.23,123.34,92.67,136.03,113.79,112.55,96.26,123.09,110.08,152.07,122.52,104.29,91.292,102.35,83.635,77.462,80.488,76.983,74.596,75.564,44.73,56.694,44.729,38.843,22.028,27.965,21.998,37.359,47.735,24.94,368.96,203.55,212.24,266.2,229.8,139.91,4.9101,5.2113,13.971,20.935,21.016,21.169,46.671,37.951,36.139,36.23,51.668,86.284,79.812,78.013,91.622,89.835,86.033,84.538,89.63,81.797,91.986,94.931,91.142,89.412,78.772,74.325,68.817,79.189,72.732,77.528,79.914,56.188,80.614,67.283,91.766,88.96,106.44,82.815,67.923,59.723,68.016,55.657,54.935,57.496,72.802,72.799,71.905,76.72,82.652,75.437,75.518,97.067,73.07,82.02,78.916,111.35,121.67,55.763,107.9,113.97,162.63,98.202,104.13,132.24,155.58,130.62,141.71,142.22,108.04,93.94,98.782,112.97,99.77,84.563,95.789,108.97,106.98,104.45,90.589,85.548,78.966,71.688,95.226,54.526,49.935,65.079,59.232,37.018,38.999,30.577,49.304,32.674,39.196,9.6461,5.6211,347.76,307.74,243.99,235.47,214.51,235.4,160.23,150.46,7.8775,2.2992,30.305,26.196,81.84,67.628,55.941,46.918,92.022,74.743,76.181,61.653,96.503,92.019,85.805,95.958,88.64,87.167,80.32,79.226,73.478,75.855,69.571,71.132,70.128,77.734,92.732,71.788,65.478,74.747,70.502,75.452,67.557,36.907,73.966,49.339,59.651,57.456,59.323,53.142,55.491,66.976,69.021,75.738,73.355,81.832,74.883,73.539,74.195,77.252,54.328,77.773,77.744,119.31,145.51,106.26,154.23,92.008,103.55,95.106,107.82,69.897,81.069,234.4,217.07,127.54,132.33,141.7,143.8,90.621,57.005,60.588,16.232,15.381,2.9289,4.2771,132.8,138.98,176.28,200.87,143.83,147.64,109.8,122.52,142.14,137.95,128.86,90.71,88.765,137.24,141.5,144.79
191.75,160.68,172.89,91.093,89.302,97.505,87.935,62.053,59.269,13.84,0,7.2238,22.514,29.748,12.853,37.251,52.419,64.786,57.745,61.865,63.127,62.042,65.346,66.405,55.599,65.819,70.789,70.452,49.202,46.724,52.578,56.252,60.975,59.305,75.065,75.224,133.67,160.75,126.85,108.34,106.94,82.735,93.481,90.132,65.452,96.275,79.336,84.174,92.61,93.962,92.864,110.54,96.583,84.755,76.033,78.569,61.459,61.55,64.671,66.653,56.866,59.507,44.089,38.287,26.506,36.112,5.6691,16.928,26.229,11.365,16.855,23.77,335.35,150.12,186.42,204.87,174.65,96.314,14.977,26.274,18.783,8.9573,31.145,35.265,25.161,40.606,28.773,26.115,32.23,64.174,60.593,50.937,61.244,59.763,54.724,53.243,58.091,49.183,60.245,59.307,57.228,54.917,67.816,62.983,59.429,76.668,69.147,70.712,74.543,43.285,76.247,43.255,53.091,60.66,98.752,53.689,40.844,62.181,45.873,32.602,33.554,32.949,53.31,53.072,52.226,68.475,80.689,73.122,71.997,55.442,69.096,78.435,77.972,68.73,81.179,41.892,79.565,107.47,113.59,71.172,77.456,111.48,130.54,104.15,106.38,125.89,84.219,74.461,93.069,90.067,79.88,67.642,76.11,86.397,84.582,81.221,70.503,67.12,54.692,61.53,79.544,43.884,44.848,57.739,27.113,32.78,32.58,38.459,19.787,32.53,38.738,9.9233,17.192,316.63,270.3,190.64,188.13,184.17,178.56,111.75,106.32,12.189,4.8736,9.2052,10.271,62.556,57.52,42.681,41.853,60.919,42.912,50.949,32.883,67.429,60.69,54.093,58.244,55.334,53.703,68.787,68.17,62.438,65.534,66.629,62.547,67.291,62.127,81.499,40.593,39.651,50.752,43.169,44.244,40.782,31.948,42.844,28.351,36.112,32.668,32.131,25.989,31.037,53.507,50.604,57.661,56.262,62.414,56.554,55.431,57.895,48.284,31.861,75.45,74.929,87.234,98.497,87.492,131.44,71.887,82.538,74.795,82.025,63.109,64.676,178.94,172.06,121.34,87.819,94.306,95.693,55.28,29.991,35.225,0.32866,0.086504,21.449,11.622,121.54,100.64,153.64,152.14,95.356,98.734,72.198,81.782,93.49,127.77,122.38,55.679,54.115,90.641,94.215,97.182
190.19,147.93,159.55,91.943,75.068,74.839,68.397,48.659,45.258,3.9978,7.2238,0,5.7541,8.4675,4.9888,31.779,49.949,61.231,54.273,65.827,59.143,59.815,64.232,49.526,42.079,48.639,47.746,47.282,46.757,43.872,43.283,48.759,50.353,44.532,51.415,51.326,133.15,139.36,115.25,104.5,99.987,76.495,85.508,83.715,58.822,93.771,75.548,75.244,66.861,84.07,75.194,107.28,84.111,69.782,59.705,67.372,52.081,48.082,50.592,48.875,45.409,46.499,25.246,31.074,22.101,20.176,7.8424,10.944,9.6771,17.82,25.037,10.381,303.99,150.82,163.04,205.48,173.74,96.773,1.417,6.1891,4.6009,6.6761,10.822,12.373,23.358,20.92,17.174,16.792,27.138,54.267,49.416,46.955,57.639,56.214,53.061,51.868,55.938,49.647,57.828,60.003,57.025,55.623,50.212,46.449,42.372,52.751,47.07,50.192,52.564,31.5,53.424,38.735,57.478,55.666,74.433,50.629,39.031,38.131,39.497,29.889,29.447,31.204,43.671,43.633,42.92,49.158,55.821,49.676,49.403,61.747,47.243,54.822,52.984,73.155,81.673,30.999,71.337,81.25,115.75,63.417,68.412,93.502,112.93,90.962,99.111,103.22,72.157,61.076,68.424,76.508,65.894,53.749,62.587,73.168,71.515,69.231,58.168,54.281,48.003,44.548,62.922,30.613,28.202,39.805,32.743,18.454,19.481,16.959,25.699,16.183,21.015,1.3972,2.1607,285.08,246.87,186.51,179.71,164.05,178.53,113.74,105.68,1.2236,2.207,12.855,9.8348,51.069,41.238,31.243,25.843,57.905,44.169,45.661,34.26,61.763,57.885,52.858,60.785,55.048,53.868,51.365,50.566,45.82,47.944,44.633,44.459,45.122,48.365,61.838,41.904,37.209,44.645,41.017,44.723,38.763,18.216,43.576,25.307,32.878,31.166,32.521,28.045,29.715,40.006,40.792,46.28,44.509,51.04,45.541,44.487,45.335,46.217,28.925,51.624,51.458,80.444,101.33,71.609,112.24,59.344,68.874,61.898,71.645,43.884,50.96,177.77,163.67,93.125,90.369,98.12,99.863,56.565,30.816,33.499,10.231,7.5918,4.2617,0.5309,96.296,96.414,131.71,148.91,99.878,103.07,72.01,82.36,98.468,101.1,94.193,56.643,55.104,94.406,97.955,100.7
244.08,189.18,201.88,133.61,103.85,96.75,91.683,72.559,67.871,1.7617,22.514,5.7541,0,0.82175,17.522,56.862,81.483,94.579,86.186,104.29,91.793,93.661,99.638,70.88,64.279,69.534,63.246,62.541,77.558,73.738,68.878,76.883,76.686,66.369,67.274,66.929,180.37,172.93,152.68,145.44,138.21,111.14,120.62,119.54,89.731,133.78,111.56,107.86,84.331,117.63,101.34,149.01,115.85,96.991,83.793,96.901,79.682,71.789,74.418,69.329,69.98,70.179,37.978,54.837,44.802,33.707,26.864,28.172,17.611,43.479,54.205,21.789,348.22,201.18,198.2,262.45,226.05,139.03,3.5245,1.2522,11.285,23.49,15.065,14.144,47.954,31.179,33.162,34.332,51.072,81.984,75.135,76.89,90.201,88.503,85.77,84.472,88.997,82.755,91.14,95.542,91.431,90.219,71.131,67.343,61.809,68.689,63.299,68.607,70.248,52.158,70.546,66.306,94.363,86.946,94.801,81.972,68.266,49.967,66.099,56.066,54.68,58.31,69.12,69.214,68.417,68.374,71.601,65.289,65.745,100.47,63.723,71.547,67.955,113.32,121.33,52.174,103.69,101.24,161.98,94.534,99.651,122.71,145.58,123.36,136.98,130.25,101.99,87.726,87.255,106.07,93.081,78.435,89.449,102.34,100.49,98.554,84.984,79.88,76.48,64.601,87.458,49.869,43.925,57.819,63.767,32.72,35.166,23.454,54.466,27.693,33.232,10.028,3.492,327.3,291.72,238.37,227.95,201.92,231.97,159.56,148.74,7.2837,7.0297,35.346,29.339,76.943,61.023,52.086,41.341,90.879,76.368,74.483,63.872,93.906,90.98,85.764,97.467,88.975,87.78,72.706,71.569,66.49,68.329,60.3,63.56,60.757,71.914,83.653,73.557,65.605,72.701,70.574,76.655,67.812,32.89,75.354,49.869,59.626,58.394,61.139,56.092,56.606,61.69,65.403,71.115,68.645,76.989,70.468,69.207,69.073,77.108,54.683,67.367,67.497,115.45,145.66,98.474,143.53,86.256,96.895,89.084,102.58,61.857,75.148,230.43,209.96,113.51,132.7,142.45,144.67,91.677,59.144,61.278,26.373,24.002,0.5043,4.1065,119.94,135.8,163.76,196.63,144.88,148.49,109.48,122.19,143.47,124.31,114.81,91.601,89.737,138.09,142.22,145.31
239.27,181.97,194.17,132.44,98.579,89.11,85.167,68.686,63.99,4.9679,29.748,8.4675,0.82175,0,18.526,56.316,80.94,93.167,85.112,105.19,90.333,92.743,98.896,65.969,60.706,64.584,56.78,56.068,77.18,73.372,66.5,74.788,73.555,62.306,60.458,60.056,177.42,163.42,146.78,142.31,134.24,108.24,116.85,116.32,87.442,131.45,109.49,104.18,76.231,113.31,95.069,145.98,110.75,91.713,78.557,92.84,76.846,67.924,70.252,64.2,66.841,66.527,33.987,53.782,45.237,30.86,31.038,29.041,15.659,48.193,58.964,20.537,331.99,198.13,187.47,257.97,221.86,137.56,4.1429,0.40275,10.664,26.116,12.184,10.623,49.166,27.326,31.757,33.629,50.938,78.886,71.882,75.999,88.931,87.315,85.346,84.199,88.277,83.206,90.249,95.589,91.31,90.468,65.984,62.683,57.219,61.737,57.116,62.668,63.804,49.69,63.839,65.669,95.793,85.318,86.739,81.203,68.501,43.814,64.827,56.536,54.718,59.022,66.617,66.775,66.054,62.81,64.253,58.617,59.305,102.38,57.588,64.568,60.722,114.08,120.43,50.001,100.38,92.399,160.45,91.694,96.203,115.66,137.97,117.8,132.95,121.54,97.478,83.282,79.368,100.94,88.253,74.173,84.898,97.439,95.703,94.178,80.978,75.902,74.673,59.916,81.996,47.025,40.298,53.131,66.986,30.445,33.148,19.571,58.285,25.084,29.855,11.551,3.6093,311.4,278.93,232.82,221.22,192.09,227.94,158.03,146.61,8.2446,11.995,39.459,32.234,73.517,56.71,49.736,38.049,89.788,77.368,73.237,65.467,91.794,89.959,85.49,98.106,88.916,87.927,67.552,66.404,61.839,63.299,54.271,58.575,54.657,67.948,77.39,74.696,65.732,71.245,70.589,77.359,67.993,30.798,76.204,50.528,59.741,59.19,62.498,58.322,57.554,58.234,62.998,67.955,65.464,73.598,67.455,66.268,65.611,76.881,55.14,60.497,60.725,112.23,144.83,92.857,135.49,82.136,92.037,84.747,98.596,56.595,71.07,226.05,203.66,103.69,132.16,142.06,144.34,92.079,60.76,61.858,34.637,31.129,0.71489,5.5316,110.78,132.82,154.33,192.35,144.67,148.1,108.72,121.29,143.47,114.59,104.95,91.89,90.106,137.81,141.81,144.73
134.09,98.616,108.15,55.044,41.537,42.743,37.391,22.682,20.47,17.521,12.853,4.9888,17.522,18.526,0,11.741,23.87,31.61,26.714,36.33,30.076,30.776,34.103,23.734,18.328,23.193,24.145,23.892,21.714,19.732,18.883,22.588,23.663,20.085,26.74,26.768,87.265,92.392,72.292,64.129,60.384,42.522,49.219,47.931,29.629,55.951,42.022,41.489,37.951,48.1,42.022,66.359,48.189,37.723,30.66,35.719,24.832,22.3,24.062,23.465,20.357,21.194,9.4861,11.197,6.375,6.0914,3.4888,1.2666,2.7353,8.3906,12.413,1.6654,232.76,101.78,111.95,147.2,120.44,58.686,5.3847,13.65,1.6517,1.1128,5.3725,7.8831,7.5031,7.7685,3.8427,3.4916,9.0508,26.352,23.044,21.639,29.056,28.06,26.133,25.359,28.055,24.2,29.343,31.42,29.148,28.352,24.328,21.621,19.058,27.712,23.388,24.977,26.965,11.538,27.796,16.172,30.564,27.523,42.889,24.251,16.755,18.629,16.498,10.98,10.506,11.936,19.142,19.115,18.644,23.989,30.088,25.533,25.068,34.129,23.429,28.986,28.254,41.753,47.203,11.176,38.614,48.407,73.802,32.862,36.455,55.813,70.846,53.431,59.689,64.056,39.253,31.307,38.692,42.554,34.81,26.21,32.396,40.061,38.834,37.104,29.174,26.488,22.112,20.453,32.98,11.168,10.411,17.615,15.112,4.8942,5.1339,7.2754,11.458,4.4976,7.038,1.1674,5.7942,216.43,182.36,130.77,124.85,112.34,124.54,72.179,65.432,2.2118,12.84,5.1214,2.3196,24.188,18.183,11.358,8.9695,29.316,20.735,20.636,14.515,31.788,29.33,26.064,32.386,27.753,27.024,25.072,24.566,21.221,22.808,21.803,20.622,22.171,22.52,32.75,19.278,15.49,19.892,17.974,20.915,16.548,4.6596,20.22,8.3105,12.681,11.963,13.206,11.113,11.148,16.987,17.257,20.935,19.775,24.163,20.424,19.719,20.381,21.412,10.378,26.938,26.706,45.445,62.642,39.156,70.493,30.018,36.945,31.857,38.828,20.519,24.276,123.77,111.55,57.819,54.169,60.372,61.794,29.133,12.317,13.32,17.244,11.943,12.863,4.8317,59.345,57.806,86.331,99.742,61.885,64.308,39.91,47.733,60.907,63.377,58.608,29.117,28.053,57.51,60.228,62.302
66.508,43.97,50.474,16.148,11.287,16.644,12.224,3.7411,3.4837,57.921,37.251,31.779,56.862,56.316,11.741,0,2.2276,4.8248,3.0492,7.9823,4.234,4.5675,5.9734,5.8872,2.8077,5.9445,11.074,11.172,1.6443,1.1318,1.3892,1.9768,2.9913,3.7967,12.174,12.438,34.997,43.336,27.072,21.027,19.185,9.7324,13.308,12.425,4.2118,16.432,9.3427,9.6596,17.424,13.121,13.119,22.292,13.885,9.8859,7.7314,7.6208,3.0172,3.6727,4.4397,6.4115,2.3732,3.188,7.3793,0.10767,0.95337,5.8588,13.857,5.4275,13.527,10.029,8.7813,9.0166,149.07,44.411,57.094,75.799,56.98,18.07,32.096,47.203,17.972,10.677,19.316,23.887,1.278,9.832,3.7464,2.9118,0.19294,3.6454,2.9849,1.5118,3.8623,3.5081,3.0071,2.8053,3.5909,2.8365,4.0243,5.2252,4.2366,4.1533,6.5099,5.1638,5.0278,12.653,9.967,8.8588,10.602,1.3859,11.586,0.36269,6.0516,3.326,18.015,2.2903,0.7526,12.038,0.45717,0.31438,0.11841,0.49922,1.5328,1.4754,1.3407,7.6593,14.194,11.731,10.775,8.098,9.7538,12.642,13.917,10.392,12.087,1.0276,8.1939,21.999,26.902,5.6328,7.3923,20.099,28.349,16.845,18.839,27.185,9.4491,6.5886,16.653,11.501,8.2283,5.0068,7.0658,10.221,9.6067,8.4681,5.3915,4.6514,1.7409,5.2167,8.7522,2.1494,4.699,5.5034,4.4494,5.0855,3.8399,15.043,5.8924,8.0152,7.3853,20.312,32.34,136.72,107.05,64.335,60.765,55.778,59.803,25.919,21.777,23.78,47.164,9.9957,8.4801,3.4258,4.3677,1.2408,4.5062,3.9775,2.253,1.2553,1.6233,4.9554,3.9937,3.0442,6.0403,3.7481,3.6017,6.5894,6.5719,5.1309,6.1279,9.6626,6.0357,9.8855,3.8658,10.531,2.0122,0.48318,1.1178,0.88097,2.0436,0.68541,4.718,1.9803,0.63662,0.17678,0.56733,1.2002,2.3476,0.67919,2.5773,1.2007,2.4875,2.3458,3.38,2.2367,2.0484,2.8029,1.6166,0.31807,12.397,11.981,11.221,20.56,10.931,28.891,5.7781,9.001,6.6107,8.7641,6.9172,4.3342,59.281,51.614,28.126,15.939,19.489,20.34,4.5546,1.4521,0.49039,43.125,34.327,47.479,31.475,26.45,17.488,39.819,43.107,20.466,21.766,8.5644,12.36,20.038,29.646,28.48,4.4701,4.1228,17.937,19.396,20.491
45.437,29.738,35.093,6.4251,7.2025,15.434,10.955,4.1468,4.7722,82.004,52.419,49.949,81.483,80.94,23.87,2.2276,0,0.65424,0.13836,2.1206,0.50809,0.44564,0.91296,7.2275,4.6248,7.5705,15.225,15.484,0.05388,0.19729,1.8092,0.87397,2.3028,5.4767,15.8,16.196,20.02,32.594,16.52,10.249,9.6194,3.4925,6.0389,5.1033,1.0302,6.926,2.8036,4.1882,18.916,6.5014,10.066,11.04,7.9025,6.889,6.9243,3.9875,1.6886,4.2167,4.6636,8.2011,2.8971,3.9203,15.408,2.8446,5.6056,14.243,24.019,14.205,26.488,16.034,12.397,20.133,125.61,27.184,44.267,52.867,37.496,7.7009,51.124,69.934,32.854,21.136,34.092,39.862,5.2378,19.678,11.577,10.227,3.5417,2.0277,2.6242,0.1138,0.34727,0.24679,0.062022,0.053031,0.16952,0.31075,0.29144,0.69857,0.35924,0.43855,7.9636,7.0218,7.9479,16.116,13.84,11.414,13.262,5.1463,14.427,0.79904,1.6926,0.41185,17.537,0.015773,0.73077,18.969,1.0597,2.5929,2.7059,2.3276,1.9542,1.8561,1.8402,9.9598,17.451,15.64,14.364,2.8513,13.492,15.539,17.825,3.2385,3.9545,4.6643,3.1982,21.162,13.734,1.8707,3.0639,14.314,19.749,10.034,9.4599,21.587,5.2425,4.6393,17.376,6.995,5.6041,4.5606,4.8865,6.1629,5.7759,4.7272,3.6762,3.7995,0.62319,7.6349,7.4567,6.58,10.95,9.3281,5.5588,13.416,11.393,27.467,9.0386,17.985,16.256,35.55,51.506,114.91,85.902,44.09,42.081,41.799,39.676,13.038,10.324,40.348,67.765,17.712,17.294,2.8219,7.2666,4.9671,11.177,0.32071,0.78993,0.34449,2.4212,1.0618,0.30832,0.082523,1.1939,0.25178,0.27939,7.7467,7.9539,7.1504,8.0434,14.045,8.874,14.234,4.4402,10.481,1.0372,0.95505,0.56914,0.46233,0.53125,0.74955,12.911,0.68974,4.1803,1.779,2.3785,2.4972,4.731,2.8429,4.8439,2.279,2.8119,3.1368,2.752,2.6153,2.628,3.6468,0.084976,2.8746,16.059,15.518,4.4746,9.2612,7.904,20.879,3.9057,5.7767,4.3777,4.2156,10.316,4.3773,39.416,34.617,26.231,6.2492,8.5411,9.1096,0.60404,3.153,1.7488,58.522,48.636,70.235,50.128,22.833,7.8975,30.189,26.731,9.2004,10.069,2.0637,4.1104,8.9321,25.889,26.404,0.53668,0.47785,7.53,8.4788,9.2068
35.604,21.62,26.208,3.4772,4.5401,12.774,8.8644,4.187,5.1933,96.127,64.786,61.231,94.579,93.167,31.61,4.8248,0.65424,0,0.21306,1.9572,0.022866,0.074787,0.22533,7.1254,5.4393,7.5722,15.526,15.851,1.0736,1.5098,2.6471,1.1972,2.2578,5.9723,15.688,16.11,13.834,24.786,10.705,5.8012,5.2574,1.1501,2.7803,2.1145,0.3433,3.4549,0.76415,1.7625,17.192,3.2405,7.3255,6.4346,4.505,4.6994,5.7128,2.1652,1.521,4.3209,4.4691,8.1799,3.3773,4.2197,18.712,5.3949,9.7806,18.308,32.579,20.411,33.026,23.067,18.41,26.235,108.69,19.961,34.896,42.397,28.685,4.3124,61.671,81.319,40.935,29.006,40.929,46.883,9.5221,23.848,16.166,14.961,6.8466,1.5946,2.6576,0.94618,0.054411,0.10815,0.46587,0.62127,0.20915,1.3616,0.10411,0.66182,0.51668,0.86314,7.786,7.2789,8.7056,15.86,14.169,11.298,12.925,7.3948,14.029,2.5661,2.4617,0.19131,14.972,0.52987,2.7597,20.65,2.5632,5.7506,5.7696,5.417,2.7265,2.6441,2.7209,9.9313,16.895,15.727,14.434,3.4873,13.788,15.021,17.614,2.4332,1.8382,7.0147,1.1768,18.028,9.0897,0.63862,1.2629,9.9685,13.882,6.0283,5.143,16.443,2.9292,3.3485,15.428,4.224,3.8156,4.0227,3.4391,3.7089,3.4815,2.6912,2.72,3.235,1.0927,8.1229,5.9125,8.9217,13.672,10.429,9.6617,17.762,15.536,32.747,14.349,22.868,20.253,44.922,61.848,98.888,71.811,34.229,32.275,32.403,30.672,8.521,6.1106,50.003,81.3,25.173,24.589,2.658,8.1614,7.2631,14.259,0.061216,2.5949,1.2012,5.5286,0.15764,0.073052,0.55914,1.3313,0.60876,0.82172,7.4364,7.7357,7.4829,8.1296,14.679,9.3867,14.815,4.5048,9.0554,3.1289,3.1423,1.4728,2.2016,2.1584,2.7875,17.294,2.491,7.9901,4.4537,5.505,5.6971,8.8667,6.2034,5.9167,3.3899,3.1938,3.7113,2.5963,3.099,3.2386,4.0958,1.2108,6.1465,15.933,15.389,1.7392,5.8032,5.522,15.037,2.8205,3.7107,3.0203,2.0328,10.927,4.1502,30.34,25.773,22.114,3.6475,5.4711,5.9481,1.0066,6.6653,4.5191,71.534,60.57,82.193,60.939,18.315,4.0474,22.906,19.232,6.0868,6.6755,0.73926,1.944,5.997,21.015,22.19,0.88711,0.99636,4.7564,5.4118,5.8898
41.3,25.876,30.892,5.2104,5.5253,13.434,9.3091,3.6127,4.371,87.395,57.745,54.273,86.186,85.112,26.714,3.0492,0.13836,0.21306,0,2.1702,0.11988,0.172,0.55191,6.501,4.4041,6.8751,14.428,14.708,0.34344,0.59153,1.7606,0.68313,1.8403,5.0768,14.809,15.206,17.421,28.526,13.648,8.2376,7.5235,2.2542,4.3573,3.5924,0.45737,5.3673,1.7841,2.8122,17.182,4.745,8.2247,8.9858,5.9908,5.3777,5.7629,2.7723,1.2235,3.7061,4.0067,7.4732,2.6184,3.5076,16.006,3.58,7.1168,15.266,27.585,16.49,28.503,19.138,15.147,22.091,117.42,24.206,39.48,48.551,33.804,6.2902,54.902,73.806,35.595,24.248,36.085,41.832,6.894,20.599,12.982,11.779,4.6688,1.4332,2.1726,0.26724,0.052709,0.017753,0.12853,0.19814,0.067418,0.72497,0.085933,0.67468,0.38059,0.60466,7.1781,6.4561,7.5679,15.056,13.091,10.542,12.243,5.5818,13.35,1.316,2.1419,0.093586,15.512,0.073862,1.4594,18.7,1.397,3.751,3.7717,3.4948,1.8654,1.7815,1.8088,9.1698,16.231,14.739,13.489,3.3196,12.738,14.383,16.742,3.0421,3.068,5.176,2.0154,18.83,11.872,1.0305,1.9403,11.801,16.625,7.8444,7.3705,18.566,3.7923,3.5585,15.592,5.2991,4.2956,3.7698,3.736,4.61,4.2948,3.3937,2.7733,3.0382,0.5234,7.1469,6.1473,6.9967,11.393,9.0553,7.4262,14.616,12.557,28.775,11.413,19.328,17.182,39.039,55.144,107.08,79.174,39.843,37.691,37.128,35.939,11.222,8.532,43.86,73.19,20.884,20.24,2.2773,6.9728,5.4355,11.793,0.062545,1.5446,0.45775,3.7158,0.4367,0.068176,0.19534,1.3124,0.35194,0.47307,6.9137,7.1518,6.6125,7.3669,13.425,8.3537,13.585,3.902,9.1032,1.9119,1.7246,0.67017,1.0589,1.183,1.474,14.149,1.4227,5.5937,2.7185,3.5703,3.792,6.4744,4.1378,4.7302,2.3228,2.4957,2.8855,2.2151,2.3552,2.4226,3.3129,0.43268,4.071,15.055,14.527,3.0535,7.9131,6.2786,17.704,2.9417,4.3665,3.2883,2.8837,9.7923,3.721,35.605,30.623,23.418,5.2422,7.3903,7.9348,0.78335,4.5929,2.7856,64.216,53.795,74.454,54.11,19.97,6.1169,26.317,23.489,8.0588,8.8053,1.4765,3.2065,7.8815,22.824,23.553,0.68221,0.69343,6.4991,7.3263,7.9432
35.965,27.953,32.81,2.9867,11.981,24.64,19.123,11.348,12.701,102.27,61.865,65.827,104.29,105.19,36.33,7.9823,2.1206,1.9572,2.1702,0,2.2153,1.3521,0.89974,16.107,12.713,16.718,27.767,28.162,2.5484,3.2158,7.7054,5.2794,7.9598,13.885,28.222,28.775,13.87,35.673,16.577,7.6782,8.7764,4.4152,6.9004,5.434,3.9123,4.6928,2.7608,6.4342,30.731,8.3675,16.565,8.0001,10.978,12.556,14.339,8.0626,6.5625,11.525,11.976,17.638,9.5488,11.194,28.927,9.4627,12.472,27.044,32.081,24.052,42.232,20.231,14.607,33.756,124.27,19.29,46.734,41.584,28.769,4.0002,69.547,92.668,48.99,30.805,52.132,59.445,10.855,34.558,22.657,20.267,9.847,6.8978,8.6556,3.2167,2.0595,2.0934,1.4933,1.5079,1.4727,1.3117,1.4922,0.42512,0.76353,0.6489,17.143,16.101,17.832,28.525,25.904,22.19,24.568,13.844,26.111,5.1742,0.33665,2.9298,27.71,2.2972,3.9637,33.501,6.1297,7.4936,8.2392,6.6479,7.9617,7.7747,7.7879,20.197,30.041,28.166,26.425,0.3484,25.403,27.511,30.844,0.19408,1.5835,13.002,5.5046,31.731,7.8073,4.7652,6.0322,19.271,22.901,12.843,8.8286,28.161,9.2512,10.426,28.374,11.304,11.178,11.411,10.579,10.635,10.332,8.9922,9.2664,10.069,4.762,17.194,14.673,16.156,22.7,20.036,7.084,25.67,22.787,44.475,11.695,31.868,29.922,50.087,70.484,114.62,83.395,35.938,36.24,42.529,30.277,7.3398,6.3256,56.464,83.639,23.835,25.384,8.8068,16.889,13.533,22.975,1.7587,2.1741,4.1579,5.1229,3.2076,1.662,1.3671,0.13751,0.9113,0.89875,16.691,17.091,16.354,17.496,26.39,19.039,26.613,11.861,19.418,2.6966,4.6856,4.8628,3.5657,2.1352,4.1001,24.892,2.3459,9.9458,6.4411,6.6107,5.8144,8.1657,7.2289,13.196,8.7358,9.3195,10.043,8.6864,9.0373,9.1487,10.844,2.4936,8.0138,28.558,27.828,5.2695,4.2421,13.845,24.894,9.4686,10.888,9.8375,7.4798,21.182,11.465,30.542,29.777,36.806,2.2854,3.4172,3.7024,0.48751,6.5731,5.7214,67.246,57.476,92.057,67.535,31.42,6.1649,34.107,20.61,3.6593,4.3308,0.88997,1.6426,3.3408,34.852,36.859,0.53334,0.63949,2.7462,3.3976,3.9747
37.215,22.481,27.169,4.0611,4.4438,12.323,8.4516,3.6827,4.6007,93.463,63.127,59.143,91.793,90.333,30.076,4.234,0.50809,0.022866,0.11988,2.2153,0,0.10696,0.35619,6.4981,4.8028,6.9153,14.574,14.882,0.86858,1.2396,2.1842,0.89436,1.884,5.3355,14.778,15.185,14.891,25.233,11.236,6.4343,5.7455,1.337,3.0447,2.3999,0.24237,3.9838,1.0044,1.8501,16.458,3.4246,7.0976,7.1178,4.6031,4.4945,5.2905,2.0586,1.2195,3.8031,3.9746,7.5016,2.8823,3.6891,17.444,4.7387,8.9759,17.037,31.331,19.207,31.323,22.25,17.832,24.737,110.22,21.24,35.515,44.205,30.157,4.9522,59.437,78.673,39.079,27.685,39.019,44.835,8.8088,22.402,14.991,13.858,6.1557,1.3145,2.2476,0.70731,0.015919,0.0467,0.39472,0.53521,0.17708,1.2737,0.098206,0.762,0.54724,0.88807,7.1406,6.6072,7.9299,14.963,13.253,10.52,12.122,6.596,13.2,2.1514,2.5847,0.0826,14.436,0.38194,2.4157,19.429,2.1137,5.1838,5.1596,4.902,2.2599,2.1834,2.2505,9.1896,16.007,14.793,13.539,3.7127,12.887,14.179,16.664,2.816,2.2708,6.2367,1.2276,17.506,10.007,0.57984,1.2433,9.991,14.169,6.1959,5.6106,16.4,2.8668,3.0628,14.777,4.1738,3.5864,3.5923,3.1734,3.6206,3.3738,2.5863,2.4236,2.8532,0.79966,7.3945,5.5325,8.0452,12.591,9.5598,9.2903,16.513,14.371,31.043,13.791,21.446,18.918,43.092,59.586,100.26,73.203,35.738,33.594,33.164,32.213,9.4099,6.8396,48.024,79.034,24.168,23.439,2.2673,7.3957,6.4711,13.146,0.042029,2.4166,0.90354,5.1418,0.13282,0.058699,0.49397,1.4803,0.60309,0.8046,6.8205,7.097,6.7953,7.4415,13.717,8.6078,13.853,3.9811,8.5282,2.9059,2.746,1.133,1.8909,1.9766,2.4334,16.063,2.2912,7.3025,3.9442,4.9941,5.2537,8.3398,5.6617,5.2386,2.8606,2.7181,3.1884,2.209,2.6221,2.7437,3.5595,1.0042,5.5515,15.018,14.489,1.9674,6.5541,5.3104,15.253,2.5365,3.5405,2.7661,2.0197,10.084,3.6763,31.844,26.935,21.669,4.2461,6.1996,6.7065,1.0595,6.1889,4.0573,69.881,58.994,79.576,58.765,18.06,4.5662,23.245,20.391,6.8521,7.4789,1.0134,2.3884,6.7523,20.759,21.762,0.93502,1.0178,5.4342,6.1367,6.6465
