0,0.19828,0.003771,38.848,63.317,121.2,78.667,39.274,52.052,19.862,1.7999,21.791,20.173,15.718,18.373,14.987,0.30179,11.282,9.2018,18.788,11.917,7.8775,7.9244,8.1101,41.249,22.439,27.034,32.075,23.299,24.661,23.066,15.882,9.4901,32.519,20.803,22.59,10.587,7.0361,27.579,3.9416,0.3385,0.091843,0.2398,5.5272,18.586,25.322,170.52,159.27,152.74,132.7,96.047,102.17,119.61,88.096,99.385,62.097,70.478,45.91,51.264,10.941,21.191,21.193,14.227,7.0668,2.4329,5.6598,9.352,6.9474,5.0023,9.5878,6.2583,16.399,24.318,28.065,27.6,18.991,44.475,7.4206,35.933,6.1644,9.5754,17.119,28.219,13.421,16.95,12.166,19.673,13.72,11.299,26.655,12.04,31.239,12.923,13.48,0.20894,5.7113,0.34443,0.43239,1.8205,31.716,3.2412,32.591,10.97,10.856,10.438,9.9666,8.8507,2.3433,20.356,21.157,19.538,20.495,19.53,24.97,25.143,24.847,10.146,25.083,22.375,27.128,25.686,4.4952,7.0681,6.9318,7.1475,7.7937,7.2387,7.0472,20.597,26.988,44.624,28.727,21.906,7.0895,29.198,6.6559,7.7889,0.11291,0.13923,0.055501,0.057898,0.12618,0.18965,10.943,26.877,18.438,13.252,40.402,52.211,33.105,40.779,3.4042,6.7141,11.374,9.6279,4.1355,8.1731,6.5825,7.2969,5.2765,4.9585,6.0796,7.0028,6.4838,6.4641,6.5925,23.982,18.222,12.863,12.698,9.0729,39.979,25.265,16.261,7.5102,1.83,0.0041085,31.167,25.053,15.732,0.32721,26.613,2.7767,31.13,1.5173,28.459,31.684,2.8891,10.344,10.72,23.462,23.31,23.37,22.694,16.608,18.925,24.806,25.337,27.714,20.889,1.547,0.32884,16.233,2.0722,6.5178,6.0941,7.2188,9.8808,18.864,2.9285,22.78,26.833,3.1491,32.704,3.0614,3.244,11.26,10.876,25.65,23.789,24.801,6.2759,8.0031,8.047,2.7289,17.857,23.505,22.876,22.527,24.603,27.01,25.076,23.95,24.144
0.19828,0,0.2004,40.045,69.849,129.04,86.139,43.272,58.249,23.041,1.3852,20.362,21.586,17.695,19.252,16.896,0.91026,14.466,12.099,21.999,15.158,10.546,10.596,10.82,47.159,26.855,31.831,37.241,27.733,29.28,27.409,19.415,12.431,37.501,24.725,26.958,12.608,9.3922,31.649,5.897,0.84204,0.19927,0.6022,4.5358,16.638,22.538,181.83,169.86,160.9,140.51,104.34,110.66,126.71,94.267,108.34,68.12,77.688,51.839,57.36,13.891,24.913,24.065,17.469,9.2779,3.8243,7.501,11.592,8.8759,6.482,12.025,7.9541,14.125,21.959,27.834,27.236,17.918,45.201,6.1706,36.549,5.6382,9.4509,14.469,29.826,13.439,19.398,13.641,21.001,15.416,13.731,28.194,14.355,32.748,14.21,15.399,0.15631,6.9888,1.0562,0.055239,2.4326,35.961,4.0879,37.086,14.114,13.976,13.51,12.07,11.696,3.7224,23.968,24.895,22.98,24.059,22.967,28.63,28.961,28.73,12.636,28.724,26.138,31.371,29.882,6.4138,9.5957,9.4265,9.6871,10.458,9.8178,9.6077,24.812,31.713,50.746,33.635,26.221,9.0916,33.434,9.1261,9.0702,0.38023,0.64902,0.38437,0.057645,0.096636,0.039471,10.165,27.321,15.45,11.922,44.387,57.642,37.896,46.503,5.2311,9.2168,13.788,12.538,6.1298,10.899,8.4381,9.1071,7.1216,6.7269,7.9773,8.932,8.3768,8.3278,8.5102,23.998,18.043,11.907,12.903,7.0894,40.99,26.182,17.266,7.9001,2.8184,0.25924,33.198,27.81,18.236,0.03892,29.798,3.5928,35.477,2.2619,32.506,36.106,3.7435,13.398,13.83,27.515,27.537,27.146,26.497,19.601,22.222,28.509,29.111,31.799,24.132,2.391,1.0378,19.509,3.4522,8.4269,7.9299,8.1196,12.295,21.116,4.2666,26.914,30.753,3.9568,37.203,3.8715,4.0885,14.442,14.009,29.467,27.349,28.517,8.2208,10.53,10.565,3.5785,20.191,27.135,26.428,26.121,28.339,30.774,28.8,27.489,27.853
0.003771,0.2004,0,39.609,62.909,120.39,78.277,38.73,51.763,19.517,1.9425,22.316,20.707,16.15,18.897,15.41,0.27051,11.275,9.2003,19.137,11.993,7.8393,7.8821,8.0755,41.318,22.449,27.131,31.98,23.422,24.667,22.941,15.732,9.4944,32.779,21.045,22.711,10.288,7.1813,27.961,3.9798,0.28583,0.060203,0.29995,5.7635,19.02,25.775,170.1,158.72,151.72,131.79,95.633,101.72,118.69,87.318,99.22,61.585,70.153,45.677,50.958,10.811,20.92,20.78,14.439,7.2507,2.5398,5.8549,9.6126,7.177,5.2217,9.8228,6.4957,16.754,24.803,28.715,28.242,19.495,45.296,7.6866,36.672,6.4531,9.9551,17.433,28.852,13.874,17.362,12.565,20.203,14.135,11.587,27.271,12.363,31.911,13.347,13.874,0.16748,5.9724,0.36379,0.44875,1.6705,32.145,3.0455,32.988,10.965,10.835,10.473,10.263,8.8491,2.446,20.667,21.46,19.863,20.818,19.856,25.374,25.523,25.208,10.39,25.492,22.703,27.461,25.995,4.6134,7.0231,6.8798,7.1014,7.7639,7.2152,7.0478,20.556,26.879,44.729,28.857,22.018,6.8886,29.579,6.7164,8.1055,0.15711,0.16025,0.082453,0.07196,0.098749,0.16849,11.326,27.517,18.72,13.643,39.842,51.721,33.441,40.991,3.4448,6.7441,11.107,9.7163,4.1788,8.2297,6.81,7.5535,5.4545,5.1358,6.2821,7.2342,6.7024,6.6863,6.8113,24.586,18.745,13.273,13.14,9.2827,40.754,25.881,16.75,7.8501,1.9624,0.0088283,31.815,25.571,16.115,0.34975,27.11,2.597,31.527,1.3922,28.863,32.077,2.7075,10.329,10.715,23.749,23.538,23.718,23.021,16.943,19.262,25.199,25.729,28.096,21.278,1.4294,0.33442,16.504,2.1494,6.7352,6.3068,7.5408,10.13,19.328,3.0765,23.021,27.229,2.9544,33.102,2.8702,3.0481,11.253,10.878,26.039,24.186,25.192,6.4783,8.1492,8.1985,2.5535,18.297,23.884,23.256,22.892,24.987,27.436,25.471,24.353,24.522
38.848,40.045,39.609,0,129.99,225.43,141.61,124.84,107.49,87.293,28.071,12.066,3.4884,8.089,3.7888,8.3132,41.788,44.906,42.902,16.823,37.09,45.722,46.178,45.506,61.563,51.742,46.904,70.428,41.365,53.974,65.981,63.067,42.528,35.816,27.959,40.924,75.875,27.216,20.549,35.659,44.183,42.668,33.111,23.647,19.005,25.633,228.95,230.81,276.14,246.97,159.63,168.49,235.74,192.42,136.61,140.16,127.42,96.367,108.64,57.308,80.002,96.107,25.844,23.687,28.482,21.95,18.247,19.597,19.626,20.633,18.623,25.316,20.445,3.3022,3.9112,10.548,0.54069,23.117,0.44966,18.072,11.553,30.959,1.3356,7.869,10.275,8.8091,3.5591,8.3285,17.08,1.569,14.556,0.66826,7.5746,9.7131,44.103,16.584,36.556,39.233,55.159,19.576,60.647,23.19,44.491,46.044,40.086,15.546,42.679,28.836,21.413,22.703,19.51,20.308,19.419,16.589,18.861,20.333,20.206,16.21,21.336,24.539,25.619,28.295,45.894,46.516,46.052,44.808,43.805,41.242,55.497,67.576,60.929,45.053,41.343,62.589,21.838,35.067,13.108,34.778,36.61,36.314,38.295,42.57,42.26,13.98,1.6258,36.202,16.581,127.66,129.45,29.11,47.202,35.153,38.1,72.544,34.328,35.255,36.429,19.6,17.498,23.267,23.173,21.501,19.471,20.318,19.997,20.355,3.2914,5.9339,13.614,7.8344,31.925,0.058959,1.4675,4.8942,12.375,26.166,38.638,1.7651,7.1944,11.926,38.323,9.8758,58.647,21.888,52.088,19.253,22.733,58.868,45.108,44.362,25.935,31.305,20.238,21.662,16.538,17.948,17.394,17.943,20.666,14.876,51.161,37.923,21.918,31.102,20.438,20.622,12.804,19.589,7.4077,24.977,29.623,18.764,60.54,23.153,60.101,60.679,44.847,43.669,18.323,16.299,17.59,21.614,27.743,27.266,58.1,8.6648,17.646,17.121,18.158,18.11,16.248,17.446,15.858,18.19
63.317,69.849,62.909,129.99,0,13.245,1.1265,9.1348,1.1107,14.567,83.129,141.77,94.639,75.089,100.92,74.976,54.931,25.563,28.456,53.33,30.133,28.698,28.46,28.482,15.761,17.766,21.205,9.0592,24.862,16.44,11.733,16.201,28.372,33.135,37.625,25.141,26.743,43.595,50.1,40.771,55.424,62.823,64.175,101.66,141.7,163.09,28.801,22.307,27.964,19.267,3.9015,4.9594,17.624,9.143,11.011,1.0055,1.0071,2.5501,0.95807,21.886,11.433,16.896,40.325,48.227,52.398,53.463,54.499,55.347,60.08,50.052,58.882,140.25,157.1,135.9,137.14,132,146.78,109.47,135.25,97.799,99.988,144.67,105.24,105.73,67.531,77.79,95.298,76.677,54.92,103.83,59.606,112.13,82.995,71.602,64.964,66.497,56.244,73.811,49.485,54.159,44.448,49.085,26.024,25.354,29.003,59.436,28.939,52.265,46.164,44.471,48.928,47.848,49.071,55.43,51.627,49.155,50.261,56.162,46.761,44.032,41.95,46.576,29.782,29.778,29.606,29.182,30.37,31.883,16.171,10.355,17.783,23.028,24.752,29.26,49.005,36.434,71.742,64.662,59.409,62.604,67.193,65.323,67.707,112.14,123.24,149.6,123.9,9.5154,1.9315,41.277,26.621,42.456,34.193,23.043,33.898,40.635,33.586,56.04,59.184,52.022,52.912,53.404,55.496,54.814,55.481,54.535,125.14,117.89,118.5,101.36,119.75,134.97,112.53,94.745,87.27,59.819,62.455,102.26,76.784,63.681,72.625,70.209,45.411,50.096,48.483,52.655,49.17,44.792,26.25,26.296,40.748,34.353,48.741,46.374,53.85,51.401,53.948,53.241,49.989,57.234,47.337,55.472,45.206,50.5,54.517,55.016,77.651,51.531,75.663,56.152,36.098,52.584,45.044,49.215,45.119,44.472,25.61,26.534,52.744,55.465,53.607,52.825,41.843,42.351,45.07,71.897,52.998,53.684,51.804,52.643,57.037,53.974,56.329,52.322
121.2,129.04,120.39,225.43,13.245,0,12.012,23.927,22.017,43.03,150.7,233.63,177.03,149.93,184.65,149.62,109.47,72.363,76.556,119.34,81.26,75.611,75.137,75.448,57.087,61.174,67.959,44.055,74.292,58.895,48.083,54.012,76.629,88.036,95.363,74.731,61.772,101.56,114.86,94.339,109.17,119.11,124.54,176.35,230.47,255.82,24.279,13.976,2.791,0.66455,10.636,9.2778,1.3614,3.6144,28.97,10.43,16.377,27.415,21.285,62.855,42.044,42.726,98.814,108.8,111.67,115.94,119.14,119.4,125.15,112.6,124.17,225.92,250.11,230.35,231.62,221.5,247.18,186.68,231.56,173.7,179.41,229.42,192.27,188.58,139.65,152.65,177.78,151.61,120.36,190.2,127.36,201.62,159.82,144.62,121.28,134.55,113.17,134.41,97.569,120.88,89.229,113.15,73.07,71.606,78.489,126.51,77.212,111.36,108.67,106.12,112.81,111.25,113.03,122.84,117.16,113.42,113.1,123.92,109.7,105.57,102.34,104.62,76.821,76.558,76.545,76.568,78.396,81.283,57.475,46.19,60.301,71.191,73.994,69.69,113.17,89.398,142.79,124.5,117.13,121.29,126.34,122.32,125.47,194.03,214.8,233.79,208.2,23.453,14.566,101.02,76.36,96.606,85.389,58.468,86.828,94.346,85.443,120.23,125.12,113.56,114.69,116.09,119.64,118.39,119.35,118.03,216.22,205.31,202.46,182.96,196.49,231.86,201.09,176.15,162.72,121.9,120.19,188.67,153.55,133.99,133.24,144.37,91.169,114.76,97.454,118.71,113.33,90.313,73.042,73.435,100.43,90.221,112.75,109.12,119.85,116.48,120.63,119.58,114.69,125.3,96.364,111.66,106.76,108.21,117.97,118.48,150.33,114.92,151.3,117.85,93.021,118.61,90.015,113.35,90.269,89.247,72.443,74.025,118.84,122.85,120.12,115.34,99.253,100.09,90.943,145.92,119.17,120.16,117.34,118.67,125.25,120.67,124.14,118.18
78.667,86.139,78.277,141.61,1.1265,12.012,0,16.493,2.8129,23.503,99.678,160.03,106.16,85.465,113.72,85.527,69.375,33.875,37.438,60.938,38.16,38.286,38.048,37.966,17.496,23.137,25.519,12.85,29.989,21.338,17.518,23.948,37.241,36.722,43.743,30.425,38.335,53.591,55.62,51.907,70.155,78.451,79.036,119.4,161.35,184.68,18.685,14.079,26.325,18.265,0.88842,1.5335,18.327,11.788,5.979,3.5189,0.38215,4.7862,2.9299,30.972,18.949,26.681,48.107,58.495,64.743,64.586,64.56,66.201,72.014,59.694,70.272,160.8,177.62,151.1,152.67,149.45,159.41,127.77,148.28,114.35,115.42,166.19,116.13,120.7,76.826,89.409,107.03,87.746,64.48,114.91,69.379,123.18,95.016,82.181,80.989,78.832,70.352,90.499,64.134,59.18,58.625,53.574,34.428,33.844,37.505,69.756,38.044,64.647,52.896,50.918,56.034,54.668,56.189,61.879,57.747,55.154,59.763,62.647,53.103,49.228,47.302,57.655,39.716,39.802,39.513,38.766,40.143,41.656,22.11,15.21,18.953,27.02,30.181,40.717,54.132,46.313,83.969,79.776,73.992,77.603,82.993,81.267,83.926,129.11,136.86,171.97,142.16,16.936,5.8077,45.174,28.537,53.891,44.05,33.642,42.688,51.67,42.868,67.07,70.269,63.167,64.239,64.38,66.345,65.772,66.501,65.434,139.84,133.19,135.84,115.9,139.88,147.01,125.07,107.31,101.56,73.07,77.669,112.11,85.163,72.901,89.091,77.61,59.632,54.931,62.775,58.191,53.836,58.926,34.887,34.782,46.48,39.78,55.014,52.622,61.999,58.828,60.314,59.444,55.475,64.695,61.38,69.611,52.803,62.925,65.44,66.119,90.767,61.204,85.331,68.549,41.719,58.436,59.312,53.693,59.375,58.655,33.928,34.95,58.846,62.162,59.948,63.689,51.434,51.953,59.204,81.414,59.56,60.431,58.48,58.95,63.201,60.287,63.062,58.7
39.274,43.272,38.73,124.84,9.1348,23.927,16.493,0,10.116,3.5592,57.519,116.09,87.09,69.396,89.836,68.722,32.897,20.218,21.381,54.066,26.532,19.571,19.28,19.672,28.9,20.491,27.776,14.754,29.562,20.376,11.759,10.676,21.667,43.562,41.092,29.405,9.1755,35.541,56.804,28.404,32.372,37.616,42.106,73.96,111.24,127.65,67.793,54.873,37.388,28.148,24.035,25.824,21.906,9.8588,39.494,5.2114,15.807,10.783,9.0388,13.023,5.1058,2.8095,38.984,39.899,37.607,42.982,47.632,45.993,47.718,44.002,48.187,106.43,124.9,119.88,120.14,108.24,139.67,80.634,126.07,73.914,80.154,107.78,100.55,88.003,64.498,68.394,87.144,68.938,49.715,98.426,54.244,107.46,72.804,64.925,38.583,53.552,35.704,46.341,25.5,62.759,21.186,58.72,20.452,19.363,23.646,52.302,21.531,37.327,48.785,47.767,50.72,50.395,50.841,59.91,56.701,54.328,44.691,60.611,50.636,51.035,48.249,35.307,19.648,19.321,19.53,20.164,20.919,22.716,16.764,13.047,32.852,30.851,28.512,13.213,56.759,27.691,59.745,41.727,37.621,39.771,42.066,39.321,41.047,88.225,111.33,110.04,96.642,0.018472,2.7371,51.783,40.962,29.317,25.149,8.5171,28.398,28.6,26.394,46.189,49.532,41.281,41.676,43.404,46.177,45.051,45.593,44.931,109.92,100.1,93.9,84.626,85.341,128.89,103.2,83.876,70.027,42.908,38.786,100.51,77.449,60.501,45.819,73.248,22.222,58.827,25.75,59.582,58.301,21.814,19.932,20.501,45.769,39.492,53.043,50.487,52.969,52.483,58.526,58.236,56.785,58.834,25.356,34.685,45.051,35.146,44.836,44.796,63.338,45.564,72.251,41.709,40.879,58.563,21.552,58.899,21.7,21.192,20.255,21.022,57.991,59.203,58.226,43.121,34.88,35.42,22.164,68.602,56.887,57.085,55.222,57.262,62.537,58.715,60.046,56.696
52.052,58.249,51.763,107.49,1.1107,22.017,2.8129,10.116,0,11.613,69.078,120.67,75.973,58.58,81.924,58.537,44.601,17.188,19.734,39.273,20.471,20.357,20.187,20.119,8.6512,10.235,12.635,3.917,15.548,9.1636,6.2963,10.438,19.598,22.133,25.921,15.788,21.999,32.026,36.302,30.555,45.342,52.042,52.155,85.576,121.58,141.91,34.547,29.27,40.221,29.625,6.7095,8.4558,27.384,15.85,10.415,3.3111,1.4018,0.30386,0.031573,15.265,7.774,14.76,28.487,35.905,40.567,40.627,40.974,42.035,46.525,37.117,45.234,121.09,135.78,113.89,115.13,111.56,122.88,92.678,112.57,81.302,82.398,125.83,85.18,87.113,51.765,61.341,76.617,60.178,41.134,83.968,45.149,91.355,65.991,55.642,54.195,52.086,45.196,61.82,41.063,39.759,36.972,35.436,17.581,17.149,19.848,45.207,20.172,40.49,33.091,31.635,35.47,34.517,35.592,40.902,37.634,35.528,37.234,41.531,33.541,31.164,29.427,35.042,21.421,21.498,21.273,20.701,21.711,22.819,9.2869,5.0211,10.293,14.027,15.509,22.92,35.361,26.33,56.445,52.811,48.151,51.085,55.581,54.35,56.524,93.903,101.98,130.97,105.02,10.751,3.3649,28.866,17.048,32.084,24.607,18.13,23.747,30.371,23.776,42.696,45.331,39.463,40.294,40.498,42.156,41.648,42.229,41.388,104.09,97.939,99.671,83.079,103.19,112.07,92.098,76.423,70.787,47.21,51.226,82.319,59.606,48.445,60.615,53.747,37.65,36.289,39.782,38.478,35.504,37.097,17.894,17.83,28.454,23.163,35.202,33.205,39.825,37.609,39.63,39.013,36.206,42.566,38.607,44.642,32.457,39.134,41.385,41.889,61.921,38.353,58.884,43.612,24.608,38.431,37.517,35.547,37.538,36.998,17.226,17.962,38.583,40.956,39.337,39.965,30.416,30.829,37.271,55.585,38.84,39.443,37.838,38.513,42.257,39.648,41.698,38.247
19.862,23.041,19.517,87.293,14.567,43.03,23.503,3.5592,11.613,0,33.048,79.17,56.092,42.376,57.939,41.773,15.319,7.5941,7.9882,31.954,11.792,6.6656,6.4924,6.7581,20.174,10.083,15.88,8.8335,16.184,10.528,4.8085,2.6494,8.2152,27.717,23.381,15.918,1.863,17.032,35.686,11.896,15.139,18.957,21.539,45.718,75.62,89.709,84.097,72.75,62.531,49.891,33.455,36.525,42.177,24.417,43.653,12.31,20.484,10.205,10.778,3.1793,0.72229,0.41833,20.605,20.037,18.029,22.016,25.775,24.289,25.313,23.262,25.767,72.196,86.998,82.207,82.389,72.642,99.467,51.031,87.832,45.279,49.952,73.839,67.343,56.17,39.029,41.146,56.065,41.75,27.546,65.514,30.877,72.995,44.505,38.784,19.838,29.585,16.992,25.338,11.116,40.748,8.5383,38.13,7.6883,6.9816,9.6439,29.178,8.03,17.835,28.582,28.043,29.761,29.728,29.844,37.304,35.092,33.373,23.831,37.82,30.284,31.586,29.348,16.571,6.6183,6.4051,6.5548,7.0224,7.4241,8.5327,7.3082,6.518,23.629,18.307,15.174,3.2214,36.009,11.706,34.296,21.381,18.425,20.021,21.945,20.25,21.546,56.515,75.367,76.223,63.497,3.9945,7.9899,33.459,27.994,12.465,10.052,1.1812,12.622,12.038,11.068,24.384,26.846,20.783,21.027,22.36,24.426,23.567,23.948,23.495,74.014,65.92,61.087,53.489,55.648,90.554,68.929,53.187,42.012,21.765,19.473,67.796,49.819,35.954,24.844,47.096,9.0777,37.875,10.986,37.815,37.634,8.804,7.2542,7.6768,27.156,22.839,32.167,30.248,30.767,30.87,36.298,36.206,35.701,35.721,10.608,16.337,25.169,16.337,23.419,23.342,36.918,24.4,44.957,20.91,23.664,36.752,8.7934,38.279,8.8534,8.5461,7.6137,8.0341,36.101,36.563,36.087,22.184,16.722,17.096,8.9774,42.143,34.879,34.888,33.512,35.37,39.577,36.487,37.189,34.878
1.7999,1.3852,1.9425,28.071,83.129,150.7,99.678,57.519,69.078,33.048,0,11.182,13.995,12.379,11.512,11.69,3.4254,18.13,15.483,19.005,17.292,14.477,14.606,14.707,51.099,30.961,34.554,43.811,29.746,33.595,33.998,25.98,15.735,37.298,24.169,28.955,21.031,9.686,28.578,7.9496,3.6931,2.4086,1.2485,1.0324,8.8354,13.862,198.42,188.19,186.49,164.04,118.83,125.86,149.85,114.25,118.55,83.022,89.831,61.459,68.449,19.71,33.855,35.164,17.057,8.7554,4.2375,6.5396,9.6488,7.3197,4.8392,10.686,6.1073,7.5864,12.931,17.051,16.518,9.3429,31.792,1.9484,24.615,1.4418,3.7985,8.471,20.517,6.5179,14.742,8.6165,13.43,10.234,11.398,19.152,11.289,22.645,8.6192,10.75,2.45,4.4357,2.6857,1.0617,7.1776,32.109,9.8357,34.002,17.716,17.867,16.311,9.3637,15.051,4.2063,21.948,23.097,20.585,21.758,20.55,24.887,25.773,25.942,11.165,24.869,23.879,29.311,28.247,6.9418,13.566,13.506,13.685,14.227,13.416,12.742,29.765,38.254,54.148,35.805,28.37,15.658,30.471,11.082,5.4777,1.2666,2.1215,1.6326,1.3424,2.1416,1.8913,4.0452,17.133,9.8449,5.2951,58.938,71.786,36.13,47.644,7.1586,11.765,21.841,14.245,8.1097,13.086,6.8767,6.9706,6.4835,6.0526,6.9102,7.3424,7.0067,6.8713,7.1518,14.231,9.6556,5.1767,6.3008,3.4639,28.626,16.749,10.258,3.3142,2.4993,1.8786,23.848,21.366,14.175,0.98478,24.003,9.0211,32.273,6.6219,29.002,33.034,9.2312,17.141,17.421,26.211,27.447,24.508,24.28,16.741,19.5,24.992,25.669,28.739,20.41,6.6726,2.9242,18.016,4.4136,7.0895,6.6322,4.1895,10.68,15.361,3.8741,26.514,27.333,9.6622,34.095,9.5133,9.8396,18.095,17.464,26.083,23.672,25.051,7.1862,10.915,10.842,8.9471,14.946,23.837,23.069,23.064,25.028,26.69,25.265,23.679,24.617
21.791,20.362,22.316,12.066,141.77,233.63,160.03,116.09,120.67,79.17,11.182,0,10.188,15.384,6.7283,14.926,26.349,46.94,43.226,29.668,41.987,43.465,43.815,43.623,83.576,62.296,62.52,82.673,55.387,65.718,72.034,63.084,43.305,57.473,42.249,54.481,61.594,28.412,39.949,31.049,27.421,23.962,18.807,5.8153,0.8585,2.6079,271.2,264.96,280.5,252.04,182.65,191.85,236.03,190.81,171.41,145.55,146.09,109.46,120.65,54.153,77.651,83.941,34.803,25.098,22.259,21.289,22.143,20.539,17.342,25.04,18.284,2.7132,1.1715,2.7718,2.2769,0.19214,11.368,4.4928,8.0987,4.8299,3.641,4.672,12.227,3.0478,20.055,11.882,9.586,13.307,23.033,11.52,20.798,12.083,10.138,15.515,24.063,14.237,23.302,18.813,36.192,41.534,41.839,45.793,46.317,47.231,42.649,19.63,42.658,22.408,35.701,37.588,33.13,34.692,33.029,33.986,36.557,37.885,25.219,33.643,37.14,43.629,43.676,25.84,42.514,42.716,42.719,42.771,41.404,39.442,63.196,76.566,85.384,62.381,54.254,51.132,42.315,34.469,12.446,19.379,22.093,20.799,20.256,23.1,22.193,1.9139,5.2005,6.7567,1.1897,118.33,131.61,51.836,72.283,29.78,36.802,61.813,37.421,31.053,37.377,20.003,18.479,22.12,21.508,21.432,20.471,20.696,20.293,20.899,2.9911,1.9741,1.1873,3.9019,6.8534,11.359,7.3838,7.6068,6.618,18.091,21.979,15.901,22.127,21.171,18.666,26.991,40.12,43.579,34.727,39.167,44.779,40.533,46.032,45.952,42.389,47.126,36.747,37.701,27.536,30.999,34.755,35.712,40.157,29.12,34.67,24.239,32.848,23.92,20.885,20.458,9.8296,24.259,17.463,19.639,45.248,37.592,41.508,45.825,41.188,41.85,46.877,45.652,36.33,32.845,34.965,21.847,30.073,29.698,39.918,18.528,34.119,33.101,33.966,35.387,34.97,34.997,32.466,35.153
20.173,21.586,20.707,3.4884,94.639,177.03,106.16,87.09,75.973,56.092,13.995,10.188,0,1.1298,0.36266,1.1533,21.78,23.908,22.258,6.5405,18.571,24.123,24.453,23.99,41.027,30.442,27.955,45.415,23.436,32.406,40.664,37.519,22.026,21.633,13.992,23,46.835,11.361,10.675,16.843,23.6,22.985,16.027,12.786,14.74,22.493,189.86,188.68,221.52,195.56,122.92,130.69,184.71,146.17,106.99,102.03,94.125,66.702,76.665,32.767,50.695,63.047,11.419,9.097,12.114,7.9429,5.9524,6.5753,6.5945,7.4316,5.9912,18.91,18.013,4.401,4.8595,7.8165,6.1798,13.326,3.6805,8.4799,4.4356,23.557,0.67463,2.8401,2.4109,1.214,0.010049,1.0595,5.4757,0.4547,4.0909,1.2501,0.8274,1.6623,24.231,4.9493,18.006,21.323,31.566,11.017,35.519,13.478,23.578,24.658,20.437,4.432,22.064,12.35,9.6956,10.673,8.3411,9.0277,8.2829,7.6593,9.0906,9.9428,7.2332,7.4534,10.053,13.097,13.477,11.919,24.184,24.619,24.302,23.467,22.71,20.887,32.769,42.463,41.328,27.03,23.155,36.529,11.847,16.577,3.1453,17.276,18.246,18.25,20.064,23.106,23.066,7.3962,1.9909,28.056,10.629,89.416,92.346,17.377,31.104,16.495,18.669,44.232,16.385,16.569,17.653,6.5625,5.3705,8.7412,8.6794,7.6823,6.5032,6.9846,6.793,7.0113,2.8375,3.1964,7.9537,2.3539,20.93,4.1129,0.77569,0.3323,3.7138,10.842,19.953,1.3104,2.3069,3.1237,20.54,4.0891,34.024,12.319,29.158,10.067,12.979,34.162,23.938,23.457,13.213,16.689,9.5702,10.325,5.9681,7.2551,8.1145,8.5667,10.778,5.7748,28.391,18.959,9.2413,13.849,7.0582,7.154,3.258,6.8222,1.245,9.8872,15.475,9.4007,35.468,13.481,35.132,35.545,23.864,22.989,8.8681,7.2296,8.234,7.7586,11.798,11.491,33.583,1.7104,7.9919,7.5385,8.1027,8.5106,7.9007,8.2051,6.9968,8.4618
15.718,17.695,16.15,8.089,75.089,149.93,85.465,69.396,58.58,42.376,12.379,15.384,1.1298,0,2.145,0.0098447,16.232,14.891,13.739,2.4342,10.631,15.432,15.699,15.289,29.036,19.845,17.996,32.229,14.373,21.447,28.299,25.996,13.523,13.658,7.3541,14.016,35.47,5.6845,5.7538,10.269,17.908,18.172,12.114,13.327,19.441,28.692,163.01,161.26,191.18,167.11,100.69,107.73,157.27,122.01,87.259,81.795,74.729,50.479,59.182,22.389,37.216,48.832,5.3661,4.1732,7.3292,3.7206,2.0529,2.7054,3.2448,2.884,2.5733,23.004,24.04,9.5688,10.114,12.202,12.323,14.662,8.8416,9.062,5.6896,27.633,2.8818,4.8906,0.31167,0.37715,1.2118,0.1148,1.6708,2.5329,0.94855,4.1459,0.602,0.096071,19.518,2.4801,13.01,17.895,24.36,6.4973,27.331,8.1336,14.647,15.537,12.173,1.2374,13.62,7.5255,4.4596,5.1441,3.5561,4.0485,3.5198,3.6525,4.5116,5.0011,2.7292,3.549,4.8409,7.2487,7.3619,6.5129,15.606,15.994,15.692,14.899,14.355,12.896,21.748,29.747,29.52,17.369,14.113,26.559,6.6756,9.5522,1.4432,13.282,13.571,13.925,16.046,18.554,18.78,9.6608,6.0316,32.184,13.83,71.511,73.273,10.755,21.378,10.144,11.172,32.741,9.0973,10.009,10.196,2.7706,2.0512,4.275,4.3181,3.4809,2.6574,3.0127,2.915,3.0057,7.0005,6.5339,10.852,3.9781,22.569,9.1908,3.7756,1.444,3.654,7.0097,15.428,3.1164,1.2209,0.5271,17.067,2.0867,26.103,7.214,22.103,5.4898,7.6998,26.158,14.994,14.569,6.9979,9.3967,4.6257,5.0402,1.9842,2.8597,3.8962,4.2211,5.8332,2.1761,21.293,13.775,3.9559,8.6687,3.0458,3.1865,2.1928,2.5023,0.1608,5.754,8.5059,4.8905,27.351,8.1508,27.059,27.357,14.856,14.178,4.4349,3.2751,3.9655,3.4851,5.8809,5.662,25.673,0.16438,3.6848,3.3566,3.6541,4.1066,4.0408,3.9795,3.1619,4.0287
18.373,19.252,18.897,3.7888,100.92,184.65,113.72,89.836,81.924,57.939,11.512,6.7283,0.36266,2.145,0,2.0699,20.495,26.103,24.072,9.1284,20.926,25.595,25.923,25.52,46.953,34.305,32.417,50.177,27.436,36.537,44.295,40.037,23.905,26.504,17.427,26.91,47.174,12.597,14.448,17.434,22.152,21.028,14.504,9.6248,10.494,17.144,202.52,200.27,229.38,203.06,131.55,139.56,191.24,151.59,116.77,107.53,101.4,72.349,82.463,34.525,53.346,64.413,13.911,10.178,12.018,8.5387,7.1496,7.323,6.7298,8.8669,6.4346,14.148,13.268,2.6749,2.9467,4.8152,5.9103,9.8474,3.1801,5.995,2.5809,18.249,1.396,1.2492,4.0398,1.5245,0.25415,1.6819,6.957,1.0674,5.4504,1.8781,0.90905,2.5629,22.049,4.8557,16.911,18.764,30.167,15.072,34.389,17.834,25.72,26.752,22.523,5.4815,23.808,12.233,12.781,13.92,11.214,12.064,11.149,10.904,12.522,13.443,8.7483,10.678,13.36,17.054,17.346,12.541,25.458,25.843,25.592,24.94,24.075,22.252,36.311,46.621,47.573,31.674,26.984,36.942,15.842,17.881,3.1125,15.609,16.881,16.649,18.008,20.969,20.774,4.6678,1.1602,22.262,7.1698,92.127,97.067,22.071,36.925,16.916,19.986,45.133,18.307,17.217,19.296,7.2103,5.9868,9.325,9.1596,8.3614,7.2537,7.6735,7.4462,7.7334,1.3965,1.4135,5.0132,1.0024,16.411,4.1797,0.55488,0.1029,2.509,10.231,18.23,2.6173,4.4542,4.7965,18.107,6.7914,32.868,16.48,27.961,13.83,17.236,33.055,25.948,25.553,16.867,20.516,12.916,13.685,8.2491,9.946,11.406,11.951,14.57,8.4455,27.335,17.846,11.837,13.708,7.7674,7.7605,2.7204,8.2401,2.662,9.761,19.192,12.985,34.286,17.845,33.956,34.411,26.056,25.125,12.31,10.334,11.54,8.5009,13.264,12.95,32.477,3.2136,11.173,10.614,11.219,11.836,11.307,11.527,10.08,11.747
14.987,16.896,15.41,8.3132,74.976,149.62,85.527,68.722,58.537,41.773,11.69,14.926,1.1533,0.0098447,2.0699,0,15.531,14.643,13.449,2.5623,10.479,15.066,15.329,14.933,29.319,19.819,18.124,32.216,14.468,21.451,28.121,25.656,13.246,13.985,7.4891,14.098,34.723,5.4582,6.0582,9.8644,17.168,17.389,11.469,12.641,18.803,27.935,163.66,161.68,190.71,166.68,100.86,107.9,156.72,121.45,87.802,81.49,74.816,50.45,59.104,21.975,36.782,48.107,5.3565,3.9632,6.9028,3.4609,1.9279,2.4963,2.9505,2.7648,2.3337,22.23,23.388,9.4405,9.9551,11.782,12.532,13.965,8.9472,8.5078,5.297,26.754,3.0399,4.5972,0.37939,0.27026,1.2171,0.060924,1.6059,2.6623,0.90091,4.3284,0.48885,0.057286,18.698,2.1961,12.379,17.081,23.536,6.8803,26.498,8.5239,14.395,15.264,11.951,1.1274,13.321,7.0927,4.6136,5.3111,3.6971,4.2087,3.6609,3.9121,4.772,5.2524,2.6279,3.811,5.0385,7.5317,7.6117,6.1858,15.209,15.585,15.296,14.541,13.99,12.553,21.635,29.647,29.876,17.55,14.176,25.912,7.0075,9.2561,1.2177,12.604,12.909,13.239,15.292,17.752,17.965,9.1631,6.0054,31.215,13.251,70.817,72.892,11.131,21.779,9.7209,10.849,32.094,8.9032,9.6165,9.9387,2.5471,1.8507,3.9981,4.0278,3.2384,2.4502,2.7861,2.6873,2.7834,6.8652,6.2827,10.353,3.7043,21.691,9.3996,3.8022,1.3533,3.3052,6.5433,14.706,3.3618,1.4498,0.57276,16.274,2.3655,25.282,7.5815,21.327,5.8136,8.075,25.342,14.715,14.311,7.2005,9.5665,4.8471,5.2436,2.0611,2.9898,4.1519,4.4867,6.14,2.3511,20.541,13.13,4.0132,8.2095,2.8206,2.9445,1.9099,2.3937,0.25022,5.3618,8.6745,5.1842,26.513,8.5432,26.225,26.524,14.609,13.932,4.7062,3.511,4.2208,3.2503,5.6836,5.4689,24.862,0.242,3.9139,3.5732,3.8623,4.3574,4.3403,4.2405,3.4012,4.2701
0.30179,0.91026,0.27051,41.788,54.931,109.47,69.375,32.897,44.601,15.319,3.4254,26.349,21.78,16.232,20.495,15.531,0,8.3819,6.6314,17.596,9.3643,5.3688,5.3926,5.5762,35.845,18.325,22.94,26.652,19.714,20.312,18.371,11.918,6.9018,29.022,18.341,19.067,7.4897,5.752,25.64,2.558,0.043032,0.31673,0.64349,8.2179,23.249,30.958,157.02,145.94,139.69,120.5,85.779,91.535,108.15,78.287,89.635,53.741,61.782,39.013,43.835,7.6897,16.439,16.64,12.336,6.1243,1.9789,5.1617,8.7529,6.5259,5.0041,8.656,6.1202,21.023,29.665,31.97,31.607,23.073,48.208,10.529,39.381,8.6201,12.051,21.939,30.101,16.1,16.87,13.051,21.352,14.448,10.631,28.528,11.666,33.415,14.124,13.871,0.55474,6.13,0.1807,1.4025,0.93568,29.825,1.8864,30.277,8.1227,7.9545,7.863,9.6882,6.3344,1.8819,18.554,19.184,17.984,18.807,17.987,23.572,23.46,23.002,9.2009,23.731,20.499,24.771,23.261,3.5408,4.6751,4.5398,4.7367,5.3312,4.8964,4.8422,16.443,21.966,39.172,24.677,18.392,4.4906,27.082,4.8379,8.4744,0.53905,0.19659,0.33261,0.61927,0.51606,0.73739,14.124,30.025,23.458,17.057,33.958,44.582,30.183,36.269,2.1677,4.7132,8.0199,7.4822,2.736,6.0669,6.2275,7.1319,4.6909,4.4508,5.5585,6.5894,6.0457,6.0746,6.1294,27.402,21.457,16.362,15.128,12.681,43.186,27.794,18.081,9.2495,1.926,0.25056,32.679,25.164,15.449,1.2338,26.172,1.5322,28.978,0.61437,26.654,29.43,1.595,7.5405,7.9062,21.079,20.457,21.58,20.771,15.576,17.585,23.311,23.76,25.759,19.858,0.57573,0.10081,14.593,1.4857,6.0569,5.6881,8.3317,9.0413,19.245,2.7315,20.089,25.12,1.8401,30.392,1.7668,1.8903,8.3649,8.076,24.018,22.463,23.282,5.7042,6.5431,6.623,1.47,18.033,22.017,21.475,21.01,23.026,25.608,23.567,22.676,22.57
11.282,14.466,11.275,44.906,25.563,72.363,33.875,20.218,17.188,7.5941,18.13,46.94,23.908,14.891,26.103,14.643,8.3819,0,0.10719,8.393,0.46313,0.39239,0.40619,0.32886,9.6403,1.9214,3.9037,5.5765,2.9912,2.5976,2.6843,1.5388,0.084825,8.4972,4.7146,2.773,7.2002,2.4702,10.807,2.0723,9.145,11.951,10.455,26.493,47.371,60.477,96.716,90.468,100.85,83.715,45.024,49.549,76.036,51.934,44.117,27.859,27.865,13.24,17.109,1.0515,5.0494,11.033,3.183,3.7128,5.028,5.131,6.0114,5.865,7.2751,4.6844,6.9554,47.403,56.361,44.556,45.072,41.386,54.268,30.428,46.308,23.781,24.439,50.838,30.791,27.431,12.5,15.022,24.042,14.957,6.5967,29.694,8.329,34.675,17.274,12.971,13.245,9.6361,7.8,16.093,9.5105,13.768,9.0226,12.659,0.0023846,0.018333,0.13678,7.7709,0.14843,5.0188,6.8257,6.6479,7.3281,7.3606,7.3673,11.36,10.267,9.417,4.87,11.633,7.7554,8.8975,7.74,3.1478,0.62836,0.71913,0.61385,0.37069,0.47601,0.49811,1.438,3.7738,11.529,4.8617,2.4644,4.1388,11.168,0.97104,11.855,10.997,9.1234,10.423,12.869,13.031,14.024,30.748,38.25,54.608,37.245,21.398,22.507,10.75,11.009,2.5115,0.69077,5.1086,0.7103,1.9886,0.5489,6.0439,7.1892,4.666,4.9251,5.1473,5.9207,5.6358,5.8482,5.5591,38.469,33.935,34.094,25.268,37.442,47.478,32.994,22.938,18.371,7.5436,10.86,30.586,18.606,10.776,15.337,16.867,8.8379,12.312,8.2841,11.932,12.286,8.6557,0.026078,0.0072508,6.5297,4.8879,8.7124,7.7678,7.8147,7.8491,10.837,10.832,10.831,10.376,7.587,7.7633,5.1177,4.6628,5.5449,5.6592,14.171,5.1961,16.059,6.0514,5.0928,11.238,9.2275,12.746,9.1322,9.041,2.2192e-05,0.009437,10.807,10.909,10.731,4.9866,2.1523,2.2822,8.5505,14.355,10.037,10.005,9.2975,10.359,12.679,10.953,11.242,10.081
9.2018,12.099,9.2003,42.902,28.456,76.556,37.438,21.381,19.734,7.9882,15.483,43.226,22.258,13.739,24.072,13.449,6.6314,0.10719,0,8.2131,0.53972,0.15038,0.16974,0.11343,11.669,2.9115,5.0974,7.205,3.8975,3.7396,3.7375,2.023,0.0044215,9.6854,5.1451,3.6327,6.7099,1.8421,11.225,1.2442,7.3364,9.8352,8.4467,23.345,43.356,55.836,103.1,96.438,105.45,87.979,49.204,53.9,79.778,54.882,48.565,30.471,31.181,15.543,19.596,1.0936,5.7755,11.262,3.1431,2.9457,3.7295,4.0846,5.1996,4.8525,5.9441,4.0381,5.7664,43.217,52.001,41.607,42.033,37.949,51.869,27.066,43.9,20.927,21.8,46.413,29.197,24.834,11.71,13.532,22.332,13.616,5.9012,28.064,7.5177,32.976,15.627,11.81,11.022,8.1217,6.0812,13.583,7.865,14.273,7.5874,13.374,0.07817,0.090682,0.12531,6.828,0.00342,3.715,6.9707,6.8919,7.3373,7.4597,7.3715,11.46,10.503,9.7173,4.2548,11.714,7.9956,9.4837,8.3124,2.224,0.2892,0.36191,0.28435,0.11792,0.15586,0.14366,2.3261,5.0922,13.681,6.1078,3.2935,3.5507,11.708,0.49919,10.295,8.9328,7.2559,8.4181,10.635,10.812,11.712,27.63,35.801,49.965,33.717,22.566,24.669,11.734,12.78,1.5877,0.26888,4.8778,0.53513,1.1844,0.26666,4.98,6.0672,3.6371,3.8408,4.1356,4.9072,4.6069,4.7948,4.548,35.74,31.132,30.823,22.816,33.594,45.327,30.911,21.028,16.142,5.9292,8.8206,29.288,17.949,10.051,12.886,16.54,7.3666,12.919,6.7137,12.313,12.951,7.2139,0.045021,0.058686,7.0169,5.5525,8.9446,8.0382,7.4882,7.7416,10.978,11.026,11.26,10.185,6.0826,6.0544,5.0515,3.3816,4.5288,4.5936,12.33,4.5209,15.08,4.6786,5.6786,11.535,7.7631,13.463,7.6665,7.6045,0.10485,0.071177,11.034,10.942,10.883,4.0095,1.648,1.7665,7.0999,13.457,10.137,10.047,9.3825,10.532,12.836,11.107,11.254,10.239
18.788,21.999,19.137,16.823,53.33,119.34,60.938,54.066,39.273,31.954,19.005,29.668,6.5405,2.4342,9.1284,2.5623,17.596,8.393,8.2131,0,4.9267,10.2,10.41,9.9704,14.806,9.6559,7.6092,18.429,5.436,10.565,16.769,16.73,7.9264,4.5782,1.4306,5.271,29.246,3.5798,0.98532,8.1834,19.355,21.117,15.322,22.869,34.309,46.424,125.95,125.1,157.25,135.42,73.306,79.348,127.81,97.086,60.69,60.438,51.797,32.668,39.993,15.203,25.947,38.583,1.2421,2.9779,7.827,3.8245,1.6594,2.9365,4.7751,1.5691,3.6307,37.99,40.809,21.524,22.398,25.121,23.253,25.369,19.163,17.744,14.162,43.328,8.8219,13.756,1.0255,4.021,6.8472,3.2435,0.98812,8.4969,1.0463,10.853,5.1207,2.275,22.854,5.1368,14.637,22.931,24.328,1.7284,26.026,2.1942,8.3009,9.0778,6.5244,1.6982,8.2563,8.0136,0.30973,0.50541,0.10934,0.20432,0.10276,0.4393,0.51532,0.57436,1.3489,0.4582,0.41921,1.3696,1.3504,5.4766,10.741,11.153,10.777,9.7806,9.5787,8.4596,11.591,17.188,15.037,7.0174,5.4226,21.539,1.3777,6.0983,4.7351,16.604,15.856,16.852,19.863,21.981,22.661,20.237,15.746,48.573,26.253,56.03,54.032,3.1732,9.402,8.4929,7.26,25.652,4.5778,7.8608,5.8899,3.2072,2.971,4.1672,4.4457,3.4937,2.9073,3.2268,3.264,3.1441,17.639,16.856,22.302,12.128,34.94,18.681,11.708,7.6244,10.036,9.0806,18.329,7.9042,2.1921,0.7182,21.894,1.465,25.081,1.7574,21.943,1.055,1.9531,24.993,8.8104,8.3247,1.1786,2.3411,0.40277,0.48061,0.072007,0.018848,0.42258,0.5054,1.0168,0.10601,20.906,15.251,0.4109,8.8575,3.1949,3.5141,6.7501,1.4231,2.1038,6.9003,1.8985,0.75623,26.18,2.2152,25.921,26.055,8.3726,7.9524,0.56108,0.29701,0.42562,3.3466,3.2459,3.1192,24.596,1.5616,0.27544,0.20357,0.19803,0.41488,0.74991,0.45886,0.32292,0.36261
11.917,15.158,11.993,37.09,30.133,81.26,38.16,26.532,20.471,11.792,17.292,41.987,18.571,10.631,20.926,10.479,9.3643,0.46313,0.53972,4.9267,0,1.2519,1.3113,1.1444,9.0023,2.0741,3.0656,6.8311,1.9044,2.779,4.3314,3.5478,0.45,5.8525,2.3528,1.7071,11.004,1.335,6.8975,2.1579,10.374,12.986,10.452,24.676,43.468,56.448,101.02,96.126,111.91,93.719,49.491,54.345,86.148,60.615,45.761,33.619,31.451,15.936,20.592,2.8912,8.369,16.017,1.2219,2.1647,4.4105,3.4962,3.6135,3.8397,5.407,2.5508,4.867,44.395,51.928,38.103,38.72,36.623,45.826,28.308,38.786,21.34,20.956,48.323,24.353,23.135,8.4101,11.166,18.756,10.907,3.8806,23.445,5.2362,27.817,13.173,9.1301,14.404,7.3261,8.2134,16.645,11.803,9.3175,11.797,8.5453,0.44859,0.64555,0.1452,4.988,0.58804,4.4487,3.7475,3.641,4.1071,4.1387,4.1363,7.2455,6.4061,5.7601,2.6348,7.4616,4.4662,5.5024,4.6171,2.3534,1.5771,1.7472,1.573,1.1378,1.1821,0.9396,2.1819,5.2155,10.476,3.6471,1.5129,6.859,7.2446,0.7611,8.9312,11.179,9.538,10.789,13.409,14.033,14.968,27.293,31.835,52.481,33.748,27.897,28.095,7.274,8.8108,2.5831,0.81397,8.5114,0.14986,2.0133,0.3565,4.0493,4.8773,3.2196,3.4929,3.4241,3.8755,3.7366,3.9116,3.6553,32.5,28.867,30.362,21.073,36.013,39.519,26.803,18.133,15.277,6.6822,11.479,23.927,13.322,7.0099,15.812,11.765,11.438,8.196,10.289,7.7783,8.212,11.273,0.59741,0.4622,3.668,2.66,5.1938,4.4849,4.5282,4.5035,6.8357,6.8423,6.9211,6.4667,9.4995,8.3292,2.5054,4.3732,3.6574,3.8289,11.225,2.9117,11.414,4.9846,2.7251,7.1934,11.995,8.6165,11.861,11.818,0.45871,0.3738,6.8301,6.8791,6.7534,3.2606,0.99176,1.0628,11.1,9.9704,6.1971,6.1657,5.6174,6.4632,8.3152,6.9297,7.1428,6.2412
7.8775,10.546,7.8393,45.722,28.698,75.611,38.286,19.571,20.357,6.6656,14.477,43.465,24.123,15.432,25.595,15.066,5.3688,0.39239,0.15038,10.2,1.2519,0,0.0011614,0.0028851,13.829,3.9632,6.7708,8.1689,5.4906,4.8834,4.1099,1.823,0.2061,12.229,7.0233,5.1832,4.9609,2.3878,13.844,1.0595,5.914,8.2925,7.4809,22.463,42.877,54.981,105.91,98.3,103.74,86.547,50.393,55.05,77.93,53.172,51.308,29.941,32.193,16.28,20.081,0.66699,5.11,9.4442,4.4991,3.5943,3.5568,4.5801,6.2282,5.5607,6.3539,5.0545,6.3821,42.187,51.54,43.107,43.421,38.291,54.716,26.181,46.295,20.552,22.079,44.978,31.636,25.535,13.573,14.794,24.132,15.074,7.165,30.386,8.8831,35.545,16.897,13.293,9.3433,8.6175,5.1161,11.999,6.0414,17.214,5.6776,16.299,0.34963,0.27213,0.54779,7.9516,0.12398,3.5155,8.9965,8.9521,9.3375,9.523,9.3729,13.956,12.972,12.132,5.342,14.225,10.19,11.971,10.658,2.3983,0.027789,0.049524,0.024673,0.0047475,0.025225,0.11713,3.0204,5.7491,16.128,7.9999,4.7672,2.2581,14.418,0.70605,11.056,7.8385,6.1865,7.2763,9.2493,9.2133,10.075,27.561,37.632,48.189,33.383,20.669,23.908,14.537,15.514,1.3429,0.34936,3.5042,1.1187,1.0457,0.59737,5.6375,6.8377,4.0537,4.2118,4.6982,5.6243,5.2427,5.4315,5.1985,37.159,32.064,30.781,23.57,32.034,48.113,32.888,22.455,16.518,5.654,7.5323,32.039,20.483,11.803,11.38,19.216,5.5157,15.769,5.0819,15.025,15.822,5.3754,0.21625,0.30892,9.1766,7.5292,11.244,10.25,9.2856,9.7205,13.447,13.526,13.886,12.379,4.5415,5.0224,6.7044,3.0621,5.1678,5.1704,12.905,5.59,17.08,4.6714,7.6681,14.134,5.8362,16.397,5.7574,5.6923,0.39054,0.37246,13.551,13.35,13.348,4.5976,2.2924,2.4314,5.288,15.387,12.5,12.369,11.658,12.972,15.493,13.597,13.682,12.642
7.9244,10.596,7.8821,46.178,28.46,75.137,38.048,19.28,20.187,6.4924,14.606,43.815,24.453,15.699,25.923,15.329,5.3926,0.40619,0.16974,10.41,1.3113,0.0011614,0,0.0056818,13.86,3.9753,6.8272,8.1154,5.5646,4.8912,4.0481,1.7545,0.22823,12.374,7.1683,5.2571,4.8236,2.4933,14.064,1.1094,5.927,8.3206,7.5575,22.649,43.182,55.303,105.62,97.95,103.15,86.018,50.135,54.772,77.406,52.733,51.182,29.65,31.994,16.143,19.903,0.61511,4.9732,9.2359,4.6336,3.7225,3.6498,4.7178,6.3985,5.7168,6.5084,5.2088,6.5445,42.451,51.876,43.515,43.826,38.626,55.21,26.386,46.745,20.763,22.337,45.222,32.017,25.832,13.825,15.048,24.46,15.335,7.3486,30.759,9.0872,35.949,17.166,13.54,9.3676,8.7969,5.167,12.058,5.9995,17.459,5.6083,16.524,0.36486,0.27862,0.58595,8.1431,0.14372,3.6063,9.1817,9.1321,9.5322,9.7161,9.5682,14.192,13.193,12.342,5.5007,14.465,10.384,12.163,10.837,2.4928,0.026454,0.044676,0.02265,0.010605,0.03533,0.14075,3.0058,5.6923,16.176,8.0736,4.8361,2.1754,14.637,0.76356,11.266,7.9071,6.2401,7.3348,9.3038,9.2451,10.112,27.826,38.028,48.419,33.658,20.369,23.633,14.726,15.625,1.3953,0.38973,3.3815,1.1876,1.0982,0.65044,5.793,7.0097,4.1819,4.3403,4.8395,5.7813,5.393,5.584,5.3486,37.54,32.401,31.063,23.858,32.215,48.579,33.267,22.764,16.749,5.7649,7.5793,32.426,20.791,12.038,11.442,19.509,5.4556,15.996,5.0526,15.258,16.045,5.3138,0.22647,0.32419,9.3449,7.6633,11.449,10.443,9.49,9.9236,13.678,13.755,14.106,12.611,4.5154,5.0656,6.871,3.1388,5.3172,5.318,13.121,5.7522,17.363,4.7877,7.8104,14.364,5.7678,16.623,5.691,5.6229,0.40461,0.39193,13.779,13.584,13.577,4.7384,2.3968,2.5388,5.2299,15.656,12.723,12.593,11.873,13.197,15.74,13.828,13.919,12.864
8.1101,10.82,8.0755,45.506,28.482,75.448,37.966,19.672,20.119,6.7581,14.707,43.623,23.99,15.289,25.52,14.933,5.5762,0.32886,0.11343,9.9704,1.1444,0.0028851,0.0056818,0,13.456,3.7676,6.4971,7.9466,5.2418,4.6693,3.9835,1.7901,0.16214,11.863,6.7709,4.9416,5.149,2.338,13.513,1.0992,6.1418,8.5505,7.671,22.708,43.129,55.308,105.22,97.736,103.63,86.432,50.002,54.654,77.89,53.162,50.736,29.823,31.87,16.044,19.861,0.68339,5.1133,9.599,4.3292,3.5413,3.6218,4.5593,6.137,5.5152,6.3584,4.9552,6.3565,42.507,51.809,43.086,43.417,38.422,54.52,26.439,46.148,20.726,22.172,45.355,31.438,25.58,13.391,14.716,24.009,14.967,7.0421,30.203,8.7559,35.339,16.827,13.173,9.622,8.6232,5.2898,12.284,6.3029,16.844,5.9364,15.919,0.28936,0.22169,0.47627,7.8576,0.09236,3.5837,8.7444,8.6908,9.0958,9.2695,9.1314,13.656,12.667,11.829,5.2335,13.925,9.9144,11.644,10.348,2.405,0.048063,0.076279,0.044214,0.0042563,0.030416,0.11311,2.8689,5.5772,15.717,7.6998,4.5355,2.4029,14.07,0.68367,11.036,8.0455,6.3797,7.4851,9.4972,9.4832,10.355,27.718,37.547,48.615,33.591,20.779,23.84,14.154,15.094,1.3945,0.33769,3.6375,1.0392,1.0792,0.55101,5.6004,6.7917,4.0404,4.2065,4.6683,5.5779,5.2059,5.396,5.1591,37.135,32.095,30.943,23.601,32.392,47.909,32.767,22.384,16.577,5.7479,7.7587,31.791,20.222,11.629,11.653,18.921,5.7703,15.403,5.3186,14.686,15.45,5.6269,0.16992,0.2523,8.8908,7.253,10.958,9.9713,9.0847,9.4877,13.148,13.221,13.553,12.128,4.7648,5.2027,6.5042,3.1419,5.1299,5.142,12.92,5.4868,16.895,4.7229,7.3949,13.812,6.0985,16.015,6.0179,5.9515,0.3271,0.30978,13.242,13.063,13.049,4.563,2.225,2.3625,5.5372,15.204,12.214,12.091,11.382,12.674,15.172,13.294,13.394,12.349
