0,11.577,27.358,57.692,109.68,92.935,37.075,3.6179,66.681,65.714,59.629,71.814,38.754,3.439,6.9937,8.5743,7.8397,15.566,13.728,11.928,10.757,33.971,32.185,29.699,20.662,24.524,45.028,19.907,21.118,19.702,22.726,32.676,22.074,12.718,31.86,4.6873,34.601,5.0807,47.064,33.144,33.903,52.531,37.14,39.617,45.091,75.034,167.87,142.8,143.38,150.11,8.4021,6.4021,2.3613,2.4591,1.4276,205.72,174.89,122.44,159.6,136.68,180.86,73.741,67.22,81.474,63.187,65.532,65.613,51.39,70.61,56.541,52.822,50.533,51.758,57.729,32.324,26.818,18.754,13.902,18.385,16.44,17.232,16.488,0.75308,0.8725,7.1746,1.923,0.62411,9.251,3.7615,44.944,7.3788,5.9334,6.0901,39.397,5.5536,23.281,22.72,6.765,4.3422,39.855,8.3402,7.2222,12.865,13.924,39.747,31.191,32.582,36.871,34.241,32.367,31.774,34.434,28.6,38.587,34.763,30.866,33.497,26.951,27.65,29.927,22.742,17.624,17.502,36.33,33.967,25.558,41.058,38.93,36.866,39.504,20.77,19.576,20.667,6.4083,35.315,3.894,34.248,33.288,32.034,27.72,31.003,34.272,34.861,30.237,31.852,33.157,33.754,30.742,32.252,6.4546,8.4179,10.938,15.862,40.622,25.885,54.114,59.195,111.88,112.82,112.66,130.51,72.742,72.828,66.247,65.029,51.403,55.967,20.792,14.203,18.776,17.774,15.234,16.49,5.9105,4.6376,1.7919,2.1494,39.311,2.5027,4.5311,44.509,27.802,23.218,7.3125,30.729,32.077,31.529,13.733,9.1652,3.8612,1.4589,16.557,31.795,22.225,38.521,37.298,31.509,31.364,23.858,33.096,28.446,33.209,32.227,42.335,26.956,28.692,33.227,30.698,30.536,31.87,15.508,19.568,10.757,45.652,22.212,32.015,12.678,2.9847,20.741,32.495,17.256,17.351,16.391,16.511,16.3,30.894,25.608,10.659,28.161,13.109,14.988,14.7,16.517,14.284,33.55,35.788,41.895,35.985,40.37,23.362,20.89,20.292,33.118,32.786,17.716,16.554,16.799,16.251,15.054,16.052,14.562,29.3,21.114,37.892,32.549,16.917,22.835,12.418,16.789,16.055,15.88,19.258,15.055,14.93,15.549
11.577,0,7.2462,17.675,50.635,40.183,81.165,12.075,23.181,22.566,19.279,26.892,9.265,2.5695,2.9579,2.3646,1.1645,4.9756,2.4495,0.44375,0.51498,5.8983,7.1201,6.4905,4.591,2.4837,11.006,4.0075,5.0939,4.4242,8.0124,13.907,53.408,34.853,41.664,12.482,34.979,20.527,19.929,9.1197,7.0732,19.567,7.3727,8.6794,11.037,29.442,92.956,74.598,73.633,78.423,17.531,22.093,18.735,13.723,13.81,129.43,96.599,59.707,86.896,68.707,100.94,26.95,23.425,32.395,20.911,22.436,22.478,14.574,25.232,18.024,15.396,14.401,15.342,19.088,6.8238,4.6323,1.686,0.43574,1.5804,1.106,0.61537,0.91495,11.026,9.3808,1.0452,4.0637,7.042,9.2264,3.3024,20.626,1.9194,2.8274,1.9511,20.949,2.3399,21.049,13.602,11.1,4.7805,21.512,0.27973,0.92845,0.034681,0.18326,8.4242,4.7749,5.3158,7.1652,9.5005,7.5204,7.4781,8.6676,6.6901,9.4963,8.7715,7.1468,7.1908,3.2713,4.2843,4.9016,2.4401,0.7344,0.61307,6.916,5.8852,3.1439,9.0913,8.0745,7.127,8.3114,4.4963,4.1865,4.449,2.4568,17.417,3.2774,18.719,18.051,16.287,13.167,13.974,16.244,15.674,14.109,14.13,13.659,14.453,13.85,16.184,32.597,35.752,18.406,20.023,10.838,6.4564,17.434,21.241,51.798,53.31,54.843,66.763,26.601,26.84,22.937,22.249,14.767,17.746,1.3401,0.3676,1.4536,1.3255,1.0787,1.0221,13.612,17.439,14.406,13.679,22.897,3.9938,2.0243,10.705,11.816,6.0049,2.6678,32.175,15.745,17.536,6.1065,5.4154,2.3534,8.0835,0.51534,5.0265,1.7318,7.8726,7.3173,7.5937,7.5035,2.2133,9.9679,3.7369,5.5744,5.2834,9.6477,12.818,15.924,13.445,13.411,14.976,15.336,3.7376,7.3885,0.27977,15.612,25.349,45.549,22.555,19.347,1.7546,6.5465,0.99074,1.1523,0.86657,0.9193,0.87945,16.577,12.441,3.2876,10.318,0.29186,0.30383,0.29702,0.51848,0.18633,6.0096,6.844,10.136,7.333,10.095,2.0812,4.4312,4.4755,13.525,13.559,0.95939,0.94416,0.9628,0.41637,0.33662,0.61021,0.21741,4.7369,1.7833,9.5886,5.3591,0.90463,2.4361,0.031285,0.68683,0.458,0.4126,1.4248,0.34411,0.26021,0.33061
27.358,7.2462,0,16.603,47.086,41.25,126.91,35.501,23.82,23.036,21.557,29.929,17.189,12.304,6.7186,5.3011,6.3897,23.188,17.258,10.897,4.9646,7.7594,0.88434,0.44989,0.47058,4.2277,11.675,18.703,20.991,19.985,27.406,35.539,94.069,69.823,83.651,36.837,73.534,48.125,39.705,23.223,15.515,4.1011,5.6459,12.429,8.303,34.201,64.87,49.954,55.856,60.478,46.111,51.095,42.789,36.856,35.553,83.077,75.921,39.587,59.734,54.514,81.862,23.187,23.577,32.593,20.404,22.781,22.786,16.819,23.573,22.644,17.794,18.192,20.197,24.968,1.2011,0.89903,2.0621,4.1326,2.1592,2.7033,4.772,3.0913,30.358,27.928,13.329,16.439,21.981,32.73,10.856,42.884,6.399,7.8113,7.796,46.927,8.3304,52.593,39.238,35.516,22.599,47.845,8.2841,12.841,6.9503,5.2667,8.6869,7.2162,6.7778,6.4894,0.46289,0.69002,0.52682,0.78267,0.15272,2.2132,0.84394,0.43385,1.4669,4.4903,1.789,2.4365,2.2195,7.7055,6.1881,8.5973,6.8078,10.108,10.417,9.2572,7.9364,8.1228,19.561,19.401,19.492,17.735,41.714,18.502,44.932,44.024,40.997,36.474,36.603,39.772,38.205,37.284,36.492,34.695,36.134,36.469,40.678,60.267,65.67,48.162,51.319,20.51,0.023995,6.1093,6.8872,36.441,33.723,31.024,41.321,16.843,26.766,23.686,23.26,18.008,22.573,5.5563,4.3642,2.4821,2.4806,2.7678,2.8622,39.224,43.895,36.906,36.427,50.9,13.422,14.986,10.653,33.517,22.159,6.3875,69.658,39.844,43.767,26.251,25.183,15.241,26.632,4.7279,5.6883,6.2741,7.4516,8.0147,0.40652,0.40684,6.4899,25.636,5.6137,7.2515,4.8229,8.3855,36.08,41.721,34.162,35.533,38.977,39.084,20.12,27.354,10.33,29.735,59.679,88.971,54.63,44.409,2.6761,1.6144,3.0867,2.7349,3.1895,3.0853,3.1427,42.113,35.867,20.204,29.912,4.6582,4.9339,4.8205,4.6567,5.4475,10.76,10.423,15.456,13.134,18.045,4.7136,19.304,19.789,34.413,34.687,3.3597,3.0355,3.0392,5.3413,4.7502,3.877,5.3575,2.2116,2.8538,1.6978,5.3823,3.2161,2.2899,6.3556,3.9089,4.6498,4.8302,2.7382,4.7041,5.2628,5.2335
57.692,17.675,16.603,0,8.7237,5.5602,163.79,52.681,0.65711,0.53192,0.53372,2.0627,3.5468,33.675,31.092,27.833,25.591,21.837,19.068,17.626,20.457,3.1761,9.8506,11.595,18.599,7.6191,0.78608,14.646,15.341,15.705,19.294,19.495,120.43,91.017,80.474,52.049,62.202,69.413,15.006,9.3186,4.7095,13.802,3.1348,1.8761,1.4247,3.4127,35.119,24.814,20.539,22.844,58.024,71.027,69.501,58.029,59.835,73.296,32.962,16.165,31.755,17.227,34.869,0.99234,0.61002,2.7097,0.19615,0.4918,0.49174,0.42261,0.70586,1.2124,0.42384,0.8446,1.2127,1.8717,8.8727,10.625,13.541,16.333,13.738,14.98,12.335,14.368,54.77,50.984,24.833,38.575,46.619,38.801,35.357,18.886,28.067,31.936,29.553,26.122,31.116,46.222,30.959,46.161,36.041,26.756,22.376,24.574,16.145,15.46,1.7867,4.0944,3.7183,2.8072,13.188,10.648,11.344,10.802,13.576,7.1982,10.621,11.717,8.2115,6.3781,8.5078,6.964,10.209,11.562,11.708,2.4869,3.3317,6.7975,1.4138,1.8683,2.4416,1.9293,14.577,15.388,14.607,28.501,23.626,33.663,27.64,27.397,25.211,23.909,21.631,22.432,20.546,22.831,20.937,18.414,19.339,21.686,24.732,95.361,99.635,56.517,53.546,4.4037,16.545,6.0513,8.781,10.787,13.859,18.386,22.917,2.6306,1.2207,0.63967,0.58876,0.6613,1.2782,9.3652,15.73,12.853,13.836,16.465,14.675,52.819,63.108,60.588,58.404,30.325,38.224,30.388,0.90472,21.004,14.658,30.019,60.99,24.026,28.448,26.449,30.864,32.028,47.239,12.971,4.2283,8.3428,2.2419,2.3395,11.999,11.963,7.379,11.032,5.3804,3.4563,4.4714,1.5288,24.109,28.51,17.891,20.83,24.28,23.422,19.416,21.852,18.847,7.9952,56.964,88.93,63.352,69.905,11.014,7.8811,13.559,13.906,14.354,14.349,14.513,27.201,24.962,24.577,17.496,16.906,14.442,14.821,13.044,14.966,3.4278,2.6621,1.9669,3.1069,3.3497,8.0329,14.309,15.103,18.185,18.647,12.832,14.366,14.093,13.005,14.473,14.025,14.699,7.4104,10.567,8.4287,4.1354,13.761,10.065,16.83,13.253,13.495,13.574,12.107,14.5,14.347,13.722
109.68,50.635,47.086,8.7237,0,1.087,235.3,98.586,5.3219,5.6055,7.596,4.39,18.876,76.017,72.754,67.718,64.109,51.367,49.293,49.393,55.828,22.302,35.13,38.595,51.749,32.639,14.624,40.438,40.531,41.753,44.355,39.733,181.62,145.56,120.26,96.94,94.226,120.42,27.877,27.473,22.409,35.118,22.054,17.471,16.592,4.4013,20.828,15.647,7.1336,7.6286,102.52,121.71,122.83,106.77,110.22,64.977,12.437,10.49,19.239,4.1043,12.117,4.2282,5.183,2.1442,6.5057,5.6649,5.6427,10.922,4.4684,9.1145,10.271,11.389,11.056,9.1481,33.486,37.695,43.926,48.881,44.297,46.558,41.646,45.482,104.07,98.889,61.057,82.778,93.941,76.454,78.969,33.494,68.062,74.01,70.282,44.931,72.683,78.521,58.947,87.674,76.417,45.525,58.441,60.787,48.023,47.187,18.403,24.595,23.786,21.366,39.903,36.377,37.655,36.061,42.034,28.995,35.679,38.492,32.083,30.019,33.938,30.774,37.699,39.483,40.188,20.386,22.825,29.368,16.98,18.569,20.374,18.852,39.858,41.466,39.95,65.639,43.64,74.054,49.185,49.321,47.145,47.56,43.155,42.628,40.017,45.009,41.896,38.183,39.039,43.347,46.442,156.71,161.24,98.931,92.141,18.749,47.366,22.11,24.816,5.7753,11.101,18.951,18.386,8.8929,3.7594,5.4452,5.8022,10.938,9.3839,35.905,47.8,42.731,44.511,49.148,46.026,97.117,112.01,110.89,107.56,50.295,82.976,69.852,15.242,43.909,38.593,71.107,94.478,45.637,51.473,58.079,66.402,72.49,93.319,42.817,25.099,33.743,19.785,20.082,38.773,38.754,31.769,29.428,27.76,23.081,25.621,17.432,48.181,52.896,37.512,42.307,46.679,44.978,48.534,49.141,51.751,20.312,93.352,131.76,107.17,122.82,39.322,31.783,44.034,44.652,45.457,45.449,45.74,50.191,49.911,57.745,39.444,49.815,45.437,46.13,42.962,46.277,21.915,20.257,16.138,20.097,17.906,33.433,39.487,40.727,37.922,38.64,42.71,45.479,44.992,42.767,45.523,44.83,45.819,31.692,38.482,31.231,24.853,44.396,37.431,49.374,43.436,43.78,43.894,41.377,45.577,45.207,44.09
92.935,40.183,41.25,5.5602,1.087,0,206.08,80.911,2.4982,2.7466,3.8199,1.361,11.817,62.951,61.521,57.08,53.1,38.501,37.251,38.274,45.679,16.191,30.065,33.125,44.483,25.362,9.9269,29.329,29.204,30.347,32.063,27.786,155.95,122.85,98.562,79.207,75.08,100.53,17.954,18.086,14.721,33.478,17.003,11.542,12.59,1.1559,30.01,22.81,13.21,14.121,83.667,101.48,103.46,88.602,92.109,78.128,20.784,15.659,27.797,9.106,20.462,2.9441,2.5161,0.50932,3.6728,2.8212,2.8141,6.456,2.4801,4.503,5.8941,6.4759,5.9829,4.3062,28.382,31.556,35.947,39.52,36.225,37.99,32.812,36.844,86.867,82.191,48.512,68.584,78.386,60.435,66.263,22.514,56.964,62.346,58.647,32.041,60.837,61.309,44.288,70.61,61.457,32.543,47.142,48.349,37.884,37.599,13.256,18.04,17.597,16.09,35.341,31.389,32.583,31.468,36.408,24.935,31.139,33.258,27.159,23.172,27.781,24.938,30.478,30.134,31.121,14.575,16.906,21.108,11.745,13.144,14.804,13.771,28.749,30.152,28.835,52.058,30.983,59.827,35.673,35.799,33.979,34.444,30.663,30.151,27.971,32.23,29.595,26.501,27.187,30.83,33.383,134.69,138.53,80.169,73.719,11.393,41.23,20.364,23.934,9.4581,15.526,23.901,24.832,8.6942,1.5704,2.5619,2.7614,6.2348,4.6722,27.618,38.451,34.67,36.252,40.329,37.435,79.148,92.867,92.585,89.414,36.595,69.507,56.455,10.647,31.4,27.449,60.003,75.339,32.71,37.654,44.238,51.873,58.912,76.992,33.859,18.973,25.595,14.643,14.582,33.674,33.626,23.902,19.548,20.983,16.92,19.757,12.863,34.992,38.923,25.95,29.969,33.621,32.163,36.27,36.233,40.514,12.106,74.518,109.04,87.468,103.25,31.61,26.629,35.549,36.257,36.779,36.817,37.054,36.577,36.497,44.506,27.727,40.191,36.127,36.786,34.01,36.724,15.114,13.969,10.053,13.302,10.997,25.827,28.453,29.478,26.288,26.886,34.259,36.865,36.426,33.624,36.263,35.945,36.339,25.777,30.808,27.14,18.94,35.817,30.214,39.268,34.691,34.738,34.782,33.358,36.327,35.818,34.83
37.075,81.165,126.91,163.79,235.3,206.08,0,31.137,172.92,171.93,160.69,175.42,121.96,60.303,75.921,80.59,76.611,66.967,71.087,76.359,83.683,125.62,134.2,129.88,111.95,111.41,143.45,81.234,80.644,79.149,75.637,85.366,3.5202,10.727,28.861,31.277,44.772,20.256,109.56,102.07,114.11,175.65,135.87,130.62,148.93,176.46,345.39,309.37,300.32,308.91,27.202,19.153,22.393,28.14,28.395,413.33,343.44,277.35,333.83,286.49,348.21,189.65,174.47,192.99,170.24,171.91,172.08,149.6,182.03,152.38,151.29,145.73,145.5,151.68,133.72,122.5,103.73,90.665,102.83,98.06,95.849,97.387,33.27,36.081,64.313,52.134,43.265,43.603,63.744,101.19,76.334,72.16,71.799,84.937,70.273,46.701,61.149,36.094,47.323,84.747,73.843,65.083,84.004,88.715,136.59,120.56,124.2,133.88,140.43,135.14,134.29,139.64,128.5,145.56,140.22,132.53,135.72,116.02,122.34,125.93,111.32,92.004,94.095,129.36,127.11,104.48,136.75,133.94,131.55,136.96,81.821,79.663,81.707,57.015,83.067,51.851,77.021,76.202,77.368,74.297,80.684,83.349,86.468,78.316,82.526,87.388,86.802,80.327,78.19,12.744,10.169,29.237,34.432,121.3,123.59,173.72,184.64,257.07,264.23,269.41,294.69,197.62,182.24,172.16,170.09,147.89,151.24,101.64,90.793,102.93,101.01,95.743,97.836,30.585,23.792,27.37,28.223,79.973,57.916,57.624,143.89,78.099,83.312,76.804,41.722,78.859,73.013,59.642,52.491,56.252,38.21,94.613,124.27,103.41,135.9,132.36,134.09,133.75,106.41,98.812,117.31,124.79,126.63,142.72,73.264,69.859,88.198,81.396,76.84,79.373,70.777,69.494,74.999,119.48,36.814,23.684,25.328,21.427,106.43,133.17,98.851,99.704,97.019,97.443,96.937,73.747,70.861,61.475,83.32,88.277,91.27,90.921,94.656,89.084,120.18,125.43,131.09,121.87,124.18,108.22,82.396,80.574,87.663,86.649,99.231,97.617,98.072,93.009,91.706,95.116,89.757,125.02,106.85,145.19,126.39,97.962,111.37,84.131,96.465,93.78,93.141,103.38,91.786,90.609,91.838
3.6179,12.075,35.501,52.681,98.586,80.911,31.137,0,58.879,58.191,51.881,61.555,31.196,6.5109,13.364,14.67,11.966,7.9798,8.4906,9.9803,13.985,31.708,37.462,35.606,28.081,24.888,41.188,12.814,13.042,12.2,12.491,19.001,14.716,5.9029,14.422,0.07022,15.86,1.1671,31.311,23.095,27.062,61.641,36.946,34.686,43.875,63.158,169.12,144.21,138.82,144.86,1.0711,1.503,1.5842,0.24766,0.76447,220.56,168.98,122.64,161.06,130.08,173.02,67.967,59.671,71.668,56.788,58.128,58.221,45.153,63.799,47.749,46.21,43.386,43.666,47.907,36.943,31.366,22.269,16.358,21.854,19.737,18.006,19.236,1.0704,1.0568,6.0594,4.214,2.7264,2.0064,8.696,28.45,12.594,11.747,10.802,22.488,10.542,8.8763,9.9987,0.64511,1.6984,22.716,9.7297,6.3255,13.093,15.189,37.356,29.175,30.967,35.888,41.826,38.197,37.929,40.695,35.438,42.984,40.962,37.078,37.856,27.032,30.743,32.298,25.359,16.102,17.062,33.642,32.427,21.719,37.573,36.023,34.718,37.518,13.234,12.296,13.172,3.8879,19.941,2.8173,18.385,17.734,17.244,14.519,17.286,19.439,20.313,16.477,18.051,19.637,19.817,17.091,17.494,6.9822,7.7047,1.9972,4.3376,31.586,33.684,58.452,65.345,109.51,113.96,117.8,134.41,71.888,64.532,58.44,57.241,44.471,47.139,20.328,16.271,21.678,20.945,18.956,19.543,0.28016,0.49753,0.63955,0.34819,21.688,6.8046,4.4136,41.319,15.243,14.443,13.459,13.268,17.514,16.297,5.8956,3.2495,4.2211,0.85047,17.53,31.01,21.07,36.944,35.135,38.007,37.815,22.425,22.211,27.585,31.273,32.238,40.553,13.965,14.311,19.836,17.267,16.374,17.495,8.8441,9.9551,9.5445,33.058,7.9056,15.033,2.9534,1.4211,23.026,36.39,19.775,20.296,19.046,19.259,19.045,16.065,12.899,5.4311,16.454,15.318,16.208,16.121,17.565,15.261,29.272,31.827,35.401,30.425,32.461,23.357,13.425,12.756,19.674,19.308,19.793,19.352,19.514,16.758,16.428,18.01,15.529,31.912,23.139,43.09,32.081,19.375,25.354,13.291,18.504,17.231,16.935,21.724,16.473,15.867,16.333
66.681,23.181,23.82,0.65711,5.3219,2.4982,172.92,58.879,0,0.0066098,0.22433,0.42019,4.4372,41.177,39.386,35.806,32.845,24.693,22.652,22.309,27.032,6.0175,15.574,17.727,25.992,11.986,2.4689,17.115,17.462,18.1,20.816,19.423,127.75,97.555,82.105,57.837,62.405,76.241,13.351,9.9314,6.1219,20.006,6.5036,3.5095,3.9976,1.1494,34.263,24.711,18.242,20.112,63.027,77.545,77.494,64.999,67.449,76.921,29.314,16.222,31.203,14.423,30.393,0.68202,0.0081786,0.78717,0.14483,0.012141,0.012431,0.99691,0.18977,0.7388,0.80667,1.1806,1.1971,1.0343,14.327,16.402,19.5,22.308,19.709,21.047,17.408,20.222,62.498,58.482,30.359,46.125,54.552,42.877,43.536,17.273,35.819,40.137,37.272,24.981,39.025,47.629,32.22,51.076,41.733,25.548,28.553,30.157,21.428,21.001,4.2451,7.1932,6.865,5.9139,19.732,16.583,17.447,16.787,20.161,12.201,16.562,17.9,13.493,10.477,13.665,11.702,15.525,15.825,16.339,5.0437,6.4188,9.6938,3.4319,4.1996,5.1479,4.539,16.856,17.846,16.905,33.776,23.065,39.779,27.161,27.053,25.074,24.438,21.726,22.042,20.132,23.005,20.931,18.319,19.121,21.818,24.573,104.82,108.79,60.798,56.603,4.7596,23.717,10.241,13.455,10.244,14.576,20.637,24.128,4.0634,0.13552,0.00084911,0.011687,1.0177,0.8232,13.72,21.534,18.577,19.744,22.799,20.645,58.252,69.583,68.06,65.542,29.154,46.391,36.632,2.8314,21.602,16.417,38.173,61.74,23.905,28.344,29.529,35.004,38.539,54.271,18.172,7.7095,12.354,5.0479,5.0155,18.258,18.212,11.175,11.453,9.0509,6.4547,8.2054,4.0517,24.753,28.824,17.809,20.995,24.377,23.344,22.462,23.852,23.885,7.1129,58.966,91.107,67.619,77.629,16.354,13.042,19.263,19.762,20.182,20.202,20.382,27.201,25.804,28.572,18.19,22.865,19.869,20.345,18.275,20.372,5.6385,4.8341,2.9824,4.7649,4.0382,12.353,16.592,17.429,18.105,18.593,18.334,20.234,19.908,18.069,19.949,19.624,20.076,12.279,15.783,13.787,7.6808,19.471,15.337,22.379,18.7,18.811,18.863,17.63,19.992,19.679,18.945
65.714,22.566,23.036,0.53192,5.6055,2.7466,171.93,58.191,0.0066098,0,0.19561,0.52539,4.2866,40.361,38.492,34.944,32.055,24.342,22.229,21.776,26.31,5.672,14.941,17.052,25.19,11.487,2.2401,16.804,17.186,17.796,20.6,19.366,126.95,96.83,81.873,57.19,62.316,75.488,13.453,9.8074,5.9187,19.326,6.1058,3.2851,3.6801,1.3167,34.296,24.668,18.418,20.331,62.458,76.823,76.625,64.234,66.62,76.508,29.627,16.162,31.205,14.649,30.788,0.65471,0.0093354,0.92115,0.090762,0.00096759,0.0012302,0.87932,0.1827,0.72608,0.7083,1.0867,1.1383,1.0579,13.72,15.762,18.841,21.647,19.049,20.377,16.837,19.574,61.657,57.664,29.741,45.304,53.691,42.402,42.653,17.371,34.979,39.252,36.435,25.031,38.169,47.421,32.028,50.517,41.097,25.604,27.871,29.533,20.836,20.383,3.9384,6.8217,6.4889,5.5423,19.016,15.928,16.776,16.127,19.441,11.64,15.907,17.221,12.903,10.005,13.088,11.167,14.931,15.335,15.813,4.7269,6.0488,9.3416,3.1693,3.9055,4.8162,4.2173,16.564,17.536,16.611,33.183,23.057,39.101,27.144,27.023,25.023,24.32,21.652,22.017,20.11,22.923,20.867,18.264,19.079,21.74,24.524,103.8,107.81,60.302,56.229,4.6624,22.938,9.7631,12.929,10.243,14.449,20.357,23.953,3.8621,0.18534,0.0055953,0.010166,0.92177,0.80857,13.222,20.89,17.942,19.09,22.103,19.984,57.641,68.866,67.244,64.76,29.206,45.508,35.942,2.5783,21.478,16.177,37.293,61.597,23.853,28.289,29.156,34.524,37.822,53.5,17.588,7.2999,11.89,4.7064,4.6869,17.571,17.526,10.733,11.348,8.622,6.0935,7.7706,3.7389,24.624,28.727,17.754,20.914,24.302,23.288,22.093,23.587,23.317,7.1392,58.697,90.819,67.123,76.787,15.757,12.465,18.63,19.113,19.536,19.553,19.732,27.136,25.655,28.107,18.057,22.205,19.263,19.729,17.689,19.768,5.3558,4.5556,2.8197,4.5376,3.9079,11.859,16.3,17.133,18.049,18.535,17.721,19.584,19.264,17.499,19.338,19.001,19.475,11.731,15.199,13.191,7.2649,18.837,14.747,21.76,18.092,18.216,18.271,17.015,19.379,19.082,18.359
59.629,19.279,21.557,0.53372,7.596,3.8199,160.69,51.881,0.22433,0.19561,0,0.71502,2.6661,35.88,34.722,31.439,28.437,20.211,18.396,18.261,23.087,4.3309,13.866,15.786,23.11,9.5769,1.5495,13.421,13.732,14.294,16.782,15.783,117.27,88.423,74.165,50.881,55.744,68.225,10.797,7.2416,4.0085,19.638,5.1722,2.0887,3.2253,1.4526,39.483,28.978,22.405,24.516,55.732,69.441,69.516,57.676,60.05,83.076,34.629,19.639,36.117,18.221,35.837,1.4883,0.28863,1.7026,0.26984,0.20024,0.20668,0.34808,0.7373,0.19494,0.22489,0.38424,0.39018,0.45255,12.645,14.241,16.55,18.784,16.718,17.836,14.244,17.016,55.454,51.684,25.588,40.354,48.157,36.899,38.281,14.276,31.296,35.31,32.532,21.12,34.168,41.578,27.248,44.533,35.938,21.658,24.196,25.422,17.691,17.451,3.0175,5.2824,5.0979,4.5308,18.102,14.873,15.676,15.233,18.085,11.022,15.037,16.05,11.912,8.2881,11.594,9.8304,12.989,12.575,13.148,3.5263,4.7727,7.1103,2.2372,2.8769,3.7064,3.3147,13.192,14.069,13.235,28.617,19.208,34.22,22.938,22.805,20.94,20.219,17.834,18.233,16.505,18.982,17.134,14.791,15.543,17.91,20.487,95.511,99.249,53.654,49.792,2.9505,21.337,10.147,13.642,13.141,17.581,23.617,27.891,5.0437,0.68978,0.19765,0.13361,0.30513,0.23504,10.896,18.041,15.63,16.686,19.442,17.439,51.254,61.934,60.6,58.203,24.962,40.823,31.396,1.9161,17.624,12.82,33.584,54.996,19.868,23.935,24.609,29.632,33.186,47.7,14.936,5.9161,9.641,3.7677,3.6078,16.451,16.395,8.6121,8.5897,6.9582,4.7231,6.4803,3.0527,20.486,24.285,14.33,17.155,20.25,19.346,18.199,19.487,19.733,5.1474,52.15,82.656,60.086,69.61,13.612,11.385,16.143,16.656,16.963,16.998,17.153,22.86,21.413,23.757,14.524,19.234,16.452,16.899,15.037,16.858,3.7661,3.1803,1.5945,2.9823,2.3608,9.8153,12.958,13.699,14.596,15.03,15.261,17.035,16.738,14.778,16.546,16.356,16.596,10.354,13.076,12.539,5.965,16.312,12.81,18.614,15.513,15.523,15.55,14.732,16.589,16.245,15.581
71.814,26.892,29.929,2.0627,4.39,1.361,175.42,61.555,0.42019,0.52539,0.71502,0,5.1719,45.921,45.174,41.466,37.843,25.732,24.461,25.208,31.671,8.5355,20.649,23.041,31.928,15.478,4.3638,18.231,18.249,19.089,20.907,18.303,129.56,99.396,80.21,60.17,59.919,78.935,11.4,9.9288,7.1391,26.223,9.6809,5.0929,6.764,0.18066,37.171,27.781,19.302,20.912,64.48,79.915,81.246,68.189,71.173,84.321,29.785,18.982,34.219,14.836,30.195,1.7216,0.50754,0.44849,1.0518,0.5711,0.57498,2.0485,0.90798,0.91279,1.7234,1.9413,1.6389,0.86393,19.176,21.282,24.122,26.638,24.32,25.625,21.126,24.614,66.512,62.422,33.624,50.66,59.095,44.206,48.906,15.124,41.199,45.756,42.507,22.792,44.367,46.541,31.577,52.851,44.599,23.283,32.619,33.491,25.028,24.93,6.6666,9.821,9.612,8.8302,25.579,21.844,22.826,22.177,25.806,16.916,21.928,23.308,18.241,13.848,18.042,15.812,19.794,18.776,19.649,7.3983,9.1773,11.782,5.4788,6.4572,7.6762,7.0972,17.818,18.908,17.881,36.61,21.395,43.148,25.368,25.367,23.633,23.545,20.621,20.549,18.715,21.9,19.786,17.238,17.905,20.736,23.138,109.17,112.75,61.688,56.579,4.9979,29.724,14.81,18.605,12.191,17.704,25.118,28.1,6.7488,0.3503,0.42265,0.44857,1.8411,0.99007,16.98,25.729,22.991,24.262,27.538,25.139,60.247,72.157,71.624,68.873,26.76,51.584,40.289,4.9458,20.899,16.951,43.876,59.698,22.53,26.786,30.535,36.713,42.371,57.917,21.966,10.741,15.367,7.751,7.5349,23.758,23.697,14.076,11.188,12.091,9.0886,11.498,6.6526,23.937,27.569,16.766,19.98,23.148,22.029,23.789,24.191,27.045,6.1645,58,89.426,68.288,81.119,20.535,17.643,23.567,24.209,24.543,24.593,24.775,25.771,25.098,30.449,17.74,27.124,23.768,24.315,22.095,24.2,7.4955,6.7732,4.0329,6.1774,4.643,15.735,17.574,18.399,17.048,17.531,22.483,24.642,24.285,21.712,23.899,23.755,23.896,16.476,19.872,18.781,10.81,23.76,19.572,26.201,22.74,22.68,22.694,21.89,23.956,23.484,22.69
38.754,9.265,17.189,3.5468,18.876,11.817,121.96,31.196,4.4372,4.2866,2.6661,5.1719,0,21.054,22.077,19.817,16.678,8.1989,7.1628,7.7442,12.922,1.9539,11.41,12.531,16.61,4.7089,1.818,4.125,4.3145,4.6147,6.3129,6.6759,84.579,60.381,50.233,30.337,36.228,44.031,5.4367,1.4093,0.16211,21.802,4.019,0.62924,3.9998,5.939,60.912,47.121,40.194,43.135,34.022,44.942,45.449,35.867,37.977,107.72,56.39,34.853,56.494,34.756,58.046,7.7065,4.6949,8.2986,4.1397,4.288,4.3157,1.5502,6.064,1.76,1.6583,1.078,1.048,1.8873,10.282,10.226,9.8123,10.069,9.8423,10.201,6.7717,9.3963,34.607,31.684,12.58,23.895,29.549,19.729,23.601,7.3851,19.139,22.101,19.629,11.251,20.859,24.162,13.549,25.419,19.398,11.694,12.61,12.536,8.2457,8.6494,2.2227,2.1325,2.443,3.1997,15.917,12.413,13.005,13.307,14.361,10.392,13.211,13.104,9.8988,4.1775,7.8911,6.8125,7.6824,4.809,5.5839,1.7326,2.5349,1.642,1.5565,1.7547,2.1743,2.5311,3.9981,4.486,4.0215,14.27,9.3536,18.494,11.821,11.601,10.132,9.1173,7.8592,8.5432,7.4415,8.5537,7.4861,6.0736,6.6502,7.8796,9.843,66.86,69.777,32.464,29.754,0.15383,16.567,13.257,17.72,26.564,31.376,37.324,44.298,11.86,6.0402,4.3156,3.9934,1.288,1.6473,4.5936,9.4362,8.904,9.5781,11.305,9.8252,30.567,39.004,38.321,36.339,13.954,25.06,16.784,2.1984,7.3499,3.8592,21.198,35.191,9.3906,12.177,11.085,14.551,18.17,28.483,7.2167,3.1701,3.7246,2.7914,2.1923,13.656,13.563,3.213,2.1585,3.1805,2.1906,3.9698,3.0461,9.2178,12.08,5.7766,7.3616,9.4662,9.0035,6.943,7.8823,8.8555,1.8128,32.099,56.966,37.559,45.402,7.593,9.1081,8.8238,9.3826,9.3026,9.3879,9.4584,11.337,9.7174,10.595,5.3275,10.152,8.1083,8.4537,7.311,8.1787,0.74943,0.9167,0.24886,0.2756,0.017786,4.5031,3.8693,4.2799,5.939,6.1861,8.1012,9.4431,9.2423,6.8698,8.2467,8.5241,8.0376,7.1528,7.1784,11.669,3.4867,8.8556,7.5328,9.0695,7.9626,7.6216,7.562,8.1769,8.2953,7.8406,7.4198
3.439,2.5695,12.304,33.675,76.017,62.951,60.303,6.5109,41.177,40.361,35.88,45.921,21.054,0,1.2346,1.6437,0.97524,8.4525,5.8392,3.3785,2.0447,16.186,14.833,13.282,7.9906,9.6807,24.173,9.7387,11.043,9.9497,13.743,21.993,38.396,23.8,37.8,7.3749,35.479,11.936,32.042,18.917,17.573,30.12,18.063,20.671,23.784,49.034,123.27,101.94,102.64,108.4,12.287,13.557,9.2152,6.6901,6.0282,158.11,129.59,84.841,116.2,97.274,134.97,46.058,41.509,53.179,38.136,40.188,40.245,29.369,43.89,33.991,30.522,29.046,30.268,35.281,14.837,11.199,6.1718,3.5126,5.9583,4.8647,5.3572,4.8701,4.0096,3.1632,1.4852,0.29894,1.4262,7.9966,0.24326,31.622,1.0143,0.78733,0.54839,29.43,0.48416,21.978,17.282,7.7646,2.5836,29.986,1.1541,1.4045,3.2007,3.5783,20.163,14.292,15.141,17.959,16.688,15.046,14.707,16.526,12.756,19.127,16.74,14.112,15.603,11.236,11.612,13.079,8.498,5.9772,5.6762,17.864,16.057,11.202,21.296,19.694,18.129,19.926,10.466,9.7246,10.388,2.1714,25.402,1.2848,25.742,24.895,23.229,19.319,21.301,24.196,24.089,21.047,21.777,22.04,22.817,21.106,23.261,18.562,21.398,14.16,17.661,23.003,11.27,30.415,34.482,76.194,76.866,76.996,91.731,44.607,46.013,40.85,39.926,29.598,33.589,7.5353,3.6708,6.1531,5.5956,4.2486,4.8806,8.7143,10.05,6.6034,6.4613,30.602,0.18136,0.70451,23.669,18.492,12.594,1.2497,31.993,22.906,23.778,8.3204,5.6045,0.51472,2.8264,4.9711,14.495,8.4996,19.18,18.428,14.598,14.492,9.5342,19.51,12.312,15.615,14.697,21.887,18.753,21.486,21.93,20.805,21.731,22.555,7.5809,11.901,2.6494,28.479,23.899,39.967,17.379,9.9626,7.2887,14.877,5.2887,5.35,4.816,4.8829,4.7683,22.896,17.902,4.9568,17.67,3.1235,4.1214,3.9576,4.9428,3.7858,16.397,17.797,22.748,18.423,22.288,9.0053,10.471,10.244,21.936,21.814,5.5468,4.907,5.0393,4.8582,4.1431,4.6388,3.9274,12.671,7.5119,18.74,14.96,5.101,8.5531,2.8953,5.0462,4.6846,4.6022,6.4212,4.1403,4.1181,4.4558
6.9937,2.9579,6.7186,31.092,72.754,61.521,75.921,13.364,39.386,38.492,34.722,45.174,22.077,1.2346,0,0.10207,0.41225,13.468,9.4255,5.1235,1.2224,14.614,9.772,8.2677,3.6509,7.9413,22.211,13.367,15.183,13.932,19.339,28.615,52.107,35.278,52.491,14.635,48.899,20.421,38.041,22.452,18.764,21.302,15.003,19.954,20.38,49.03,109.92,89.917,93.559,99.282,21.311,22.633,16.181,13.365,12.092,137.04,119.45,74.629,103.2,89.675,125.53,42.466,39.518,51.309,35.835,38.265,38.307,28.128,41.162,33.79,29.358,28.447,30.126,35.616,10.044,7.142,3.7564,2.434,3.6236,2.933,4.5345,3.1882,9.094,7.9492,3.9018,2.5937,4.724,15.048,0.54614,38.617,0.11193,0.052826,0.19871,37.888,0.17818,32.479,25.414,15.118,7.2175,38.591,1.7954,3.6672,3.4733,3.0925,17.977,12.933,13.383,15.344,10.433,9.7285,9.3279,10.78,7.5056,13.701,10.98,8.8226,10.782,9.3066,8.1024,9.6147,5.8926,6.3522,5.4598,16.242,14.087,11.682,19.572,17.888,16.143,17.546,14.258,13.563,14.169,5.8143,33.136,4.8403,34.242,33.287,31.096,26.57,28.312,31.608,31.1,28.272,28.688,28.424,29.471,28.111,31.043,26.87,30.635,23.715,27.932,24.772,6.0165,23.423,26.232,67.948,66.817,65.122,79.284,38.463,43.968,39.102,38.279,28.776,33.47,6.793,2.7264,4.019,3.4981,2.3328,3.0542,16.509,18.103,12.984,12.968,39.878,1.2403,3.3379,21.397,25.09,16.865,0.0094876,44.938,30.527,32.257,14.096,11.146,3.0974,7.6493,4.1611,12.389,7.9156,16.69,16.4,9.1119,9.0426,8.8601,23.69,10.68,13.956,12.119,19.08,25.976,29.757,28.184,27.606,29.294,30.03,11.844,17.689,4.2045,32.139,35.476,55.193,27.869,17.356,5.1415,10.386,3.5863,3.4288,3.1953,3.1971,3.1204,31.086,25.175,9.3602,23.411,2.3159,3.4618,3.2474,4.1003,3.3822,16.038,16.969,22.712,18.53,23.338,7.6276,14.185,14.132,28.259,28.232,3.9829,3.1899,3.3203,4.3459,3.3925,3.4164,3.4773,9.1724,5.4346,13.041,12.592,3.485,5.981,2.9088,3.8176,3.857,3.8678,4.4177,3.3669,3.6161,3.9222
8.5743,2.3646,5.3011,27.833,67.718,57.08,80.59,14.67,35.806,34.944,31.439,41.466,19.817,1.6437,0.10207,0,0.27144,12.988,8.8753,4.5453,0.74779,12.473,7.8951,6.5642,2.616,6.3623,19.514,12.386,14.193,13.011,18.478,27.381,55.578,37.881,53.959,15.881,49.482,22.386,36.024,20.713,16.752,18.671,12.698,17.55,17.673,45.263,103.36,83.985,87.497,93.039,22.69,24.623,18.225,14.932,13.76,130.31,112.58,69.216,96.847,83.785,118.52,38.571,35.909,47.209,32.367,34.722,34.761,25.174,37.403,30.682,26.347,25.56,27.214,32.499,8.1282,5.5384,2.6378,1.6575,2.5299,1.9783,3.4656,2.2125,10.56,9.2495,3.826,3.2885,5.8224,15.563,0.98902,36.868,0.082856,0.24398,0.29538,36.692,0.36134,32.805,25.087,16.042,7.7647,37.406,1.5311,3.5754,2.7627,2.2932,15.53,10.948,11.317,13.046,8.581,7.8708,7.5212,8.8346,5.922,11.447,9.0131,7.0702,8.7909,7.5738,6.3913,7.7492,4.4716,5.2635,4.3683,13.976,11.943,10.078,17.067,15.486,13.845,15.11,13.243,12.63,13.159,5.9475,31.989,5.284,33.319,32.391,30.15,25.732,27.242,30.447,29.829,27.287,27.553,27.121,28.187,27.053,30.066,29.831,33.712,24.941,28.854,22.488,4.6643,20.454,23.138,62.791,61.705,60.159,73.765,34.616,40.155,35.54,34.766,25.841,30.39,5.46,1.9162,2.878,2.4388,1.4881,2.0876,17.748,19.819,14.675,14.558,38.876,1.8686,3.601,18.719,24.115,15.765,0.054766,45.618,29.524,31.477,13.897,11.307,3.4534,8.7742,3.1458,10.367,6.4864,14.305,14.079,7.3402,7.2762,7.323,22.038,8.8531,11.856,10.079,16.504,25.177,29.09,26.854,26.511,28.364,29.008,11.251,17.065,3.7193,29.84,36.308,57.012,29.324,19.401,3.8453,8.4292,2.5459,2.3936,2.2244,2.2195,2.159,30.274,24.467,9.1781,22.259,1.6013,2.5738,2.3854,3.089,2.5501,13.953,14.751,20.235,16.344,21.005,6.1211,13.152,13.161,26.946,26.954,2.8974,2.2106,2.3198,3.3514,2.501,2.455,2.622,7.3497,4.1067,10.859,10.53,2.4686,4.5511,2.2383,2.7947,2.8831,2.9064,3.2297,2.4759,2.7302,2.985
7.8397,1.1645,6.3897,25.591,64.109,53.1,76.611,11.966,32.845,32.055,28.437,37.843,16.678,0.97524,0.41225,0.27144,0,9.5088,6.0652,2.6591,0.28763,10.79,8.2691,7.0816,3.4311,5.3085,17.495,9.1382,10.672,9.6377,14.33,22.342,51.425,34.042,47.364,12.909,42.689,19.477,30.55,16.781,13.767,20.256,11.623,15.171,16.389,41.199,103.49,84.034,85.904,91.288,18.935,21.434,16.177,12.572,11.814,134.26,110.76,68.832,96.993,81.592,116.19,36.235,33.024,43.785,29.777,31.865,31.908,22.533,34.752,27.357,23.612,22.652,24.048,28.887,8.3258,5.6578,2.3781,1.038,2.2526,1.6273,2.4313,1.712,8.9252,7.6083,2.0786,2.3486,4.7545,11.994,0.83448,31.137,0.094717,0.38196,0.14328,30.743,0.27026,27.271,20.145,12.71,5.4741,31.39,0.51843,1.892,1.5089,1.3456,13.869,9.3054,9.8016,11.75,9.595,8.3955,8.1273,9.496,6.6771,11.645,9.6612,7.6824,8.9297,6.4698,6.1242,7.3095,4.0177,3.5916,2.9991,12.198,10.463,7.8553,15.111,13.672,12.224,13.56,9.8776,9.3209,9.804,3.7686,26.459,3.4504,27.611,26.764,24.745,20.751,22.161,25.07,24.553,22.178,22.46,22.138,23.084,21.988,24.677,27.976,31.489,20.765,24.013,18.94,5.6448,20.77,23.983,61.639,61.529,61.068,74.434,33.645,37.099,32.574,31.797,23.002,27.049,4.1291,1.1948,2.4514,2.0722,1.2351,1.6705,14.494,16.892,12.587,12.309,32.691,1.5028,2.069,16.878,19.339,12.069,0.31293,39.164,24.194,25.918,10.295,8.1743,2.0374,6.9443,2.1569,9.0751,4.9806,12.86,12.458,8.0354,7.9573,5.7596,17.856,7.5035,10.257,9.0123,15.037,20.247,23.748,21.912,21.514,23.132,23.734,8.0501,13.047,2.0211,25.302,30.707,50.48,24.886,17.133,3.2754,8.4321,1.9935,1.9593,1.6969,1.7194,1.6548,24.834,19.599,6.3017,17.755,0.90162,1.6301,1.4929,2.1205,1.5283,11.697,12.608,17.433,13.749,17.781,4.9506,9.8099,9.7869,21.986,21.978,2.2299,1.7249,1.8147,2.2287,1.6009,1.7312,1.6017,6.9692,3.47,11.268,9.3338,1.8949,4.0714,1.1571,2.0145,1.9432,1.9305,2.6902,1.5881,1.7072,1.9287
15.566,4.9756,23.188,21.837,51.367,38.501,66.967,7.9798,24.693,24.342,20.211,25.732,8.1989,8.4525,13.468,12.988,9.5088,0,0.44769,2.4505,8.5069,10.925,20.622,20.371,18.832,9.4419,15.352,0.7158,0.64179,0.51206,0.68853,3.2679,40.113,24.098,20.628,7.3174,14.305,14.642,8.498,3.9285,6.3262,39.311,15.241,11.077,18.553,26.47,111.83,92.278,84.431,88.793,8.8204,14.969,16.442,10.748,12.473,164.97,107.53,74.811,105.57,76.689,109.87,31.582,25.302,32.635,23.864,24.344,24.41,16.602,28.323,17.32,17.097,15.192,15.052,17.167,19.622,16.666,11.424,8.1576,11.208,10.226,6.9566,9.4219,11.303,9.8594,2.9578,8.388,10.262,2.4968,11.347,7.7242,11.327,12.475,10.482,6.3434,11.014,6.1387,2.1332,4.8323,3.5035,6.6081,5.6084,3.1382,4.9408,6.5264,13.964,9.7603,10.96,14.07,25.719,21.644,21.881,23.499,21.427,22.762,23.575,21.502,19.84,10.225,14.804,14.892,11.759,4.363,5.5464,11.706,11.787,5.111,13.443,12.896,12.634,14.312,0.7464,0.56389,0.73684,2.2285,4.5489,4.1062,4.7765,4.4207,3.6825,2.2332,2.9269,4.0554,4.0666,2.824,3.1233,3.3563,3.6052,2.8534,3.6841,29.874,31.289,8.0945,7.2752,8.0496,21.845,32.185,38.438,63.251,68.891,74.886,86.534,37.031,28.267,24.404,23.63,15.92,16.938,6.7695,7.6981,10.505,10.523,10.469,9.8751,7.245,11.823,12.431,11.144,7.0128,10.876,4.3973,15.789,1.9509,0.95356,13.032,12.825,3.5346,4.0393,0.22078,1.0517,5.0971,7.9923,6.9779,11.569,6.5421,14.255,12.856,22.332,22.174,6.9242,3.5849,9.765,10.906,12.821,16.201,2.0527,3.2026,3.3544,2.7607,3.0917,3.3932,0.11582,0.29543,2.9664,8.5866,9.4569,24.299,10.805,16.107,10.404,18.564,9.3636,10.025,9.2511,9.4301,9.351,3.633,1.8167,0.49543,1.8608,7.5843,6.786,6.9636,7.0635,6.2559,8.4976,10.002,10.818,8.5034,8.766,8.4383,0.80467,0.63154,3.3326,3.2504,8.8996,9.5195,9.4836,6.2757,7.0111,8.1376,6.3255,14.923,10.189,23.66,12.371,9.1527,11.657,5.6238,8.0568,7.0741,6.8568,10.056,7.0707,6.3987,6.3963
13.728,2.4495,17.258,19.068,49.293,37.251,71.087,8.4906,22.652,22.229,18.396,24.461,7.1628,5.8392,9.4255,8.8753,6.0652,0.44769,0,0.80814,5.1072,8.1029,15.333,15.001,13.476,6.1483,12.63,0.57266,0.84134,0.56386,1.7638,5.2593,43.747,26.82,26.195,8.1345,19.604,15.804,10.582,4.2113,5.2406,32.032,11.546,8.9868,14.889,25.726,104.09,85.012,79.184,83.64,10.714,16.503,16.552,10.974,12.231,152.26,102.1,68.403,97.933,72.308,105.01,28.558,23.148,30.877,21.416,22.192,22.25,14.521,25.781,16.023,15.103,13.491,13.667,16.229,14.534,11.862,7.3891,4.7832,7.2106,6.4046,3.9388,5.7784,10.545,9.0118,1.4347,6.2892,8.564,3.6457,8.0985,10.293,7.5885,8.7049,7.0261,9.5187,7.5315,9.681,4.5354,5.9181,3.0401,9.874,3.0373,1.524,2.414,3.5571,10.934,6.9784,7.9676,10.662,19.628,16.174,16.337,17.803,15.824,17.474,17.883,15.982,14.783,6.9049,10.43,10.647,7.7937,2.1466,2.9423,8.9313,8.7044,3.2942,10.755,10.087,9.6404,11.147,0.73303,0.52776,0.7132,1.3787,7.2173,2.9991,7.8047,7.361,6.3093,4.3837,5.069,6.5198,6.3384,5.0522,5.2416,5.2353,5.6493,4.9829,6.2742,30.279,32.231,10.436,10.284,7.5204,16.091,26.327,31.83,57.974,62.397,67.094,78.723,32.295,26.209,22.38,21.64,14.103,15.676,3.9743,4.4337,6.6698,6.6591,6.5871,6.1305,8.418,12.86,12.383,11.244,10.603,8.006,2.7991,12.852,3.7595,1.3109,9.0228,17.749,6.0343,6.961,0.98945,1.4342,3.4058,7.282,3.9338,8.3181,3.9132,10.986,9.8488,16.695,16.558,4.3052,4.2371,6.7023,8.0002,9.2718,12.846,4.1604,5.9149,5.1654,4.7806,5.5077,5.8099,0.14112,1.3453,1.1392,9.312,13.383,29.994,13.614,16.498,6.6597,13.7,5.7481,6.2622,5.6447,5.7851,5.7205,6.3851,3.8991,0.34918,3.2194,4.3486,3.7592,3.8868,3.9957,3.3617,6.4387,7.7201,9.2237,6.817,7.7945,5.3363,0.75148,0.6539,5.1772,5.1355,5.4043,5.855,5.8315,3.4144,3.9267,4.7874,3.4157,10.627,6.5115,18.146,8.9735,5.5786,7.7187,2.9005,4.7421,3.992,3.828,6.3369,3.9709,3.4743,3.4842
11.928,0.44375,10.897,17.626,49.393,38.274,76.359,9.9803,22.309,21.776,18.261,25.208,7.7442,3.3785,5.1235,4.5453,2.6591,2.4505,0.80814,0,1.8729,6.2131,9.9971,9.4969,7.7678,3.4291,11.065,1.9398,2.6779,2.1762,4.7486,9.616,48.761,30.885,34.512,10.061,27.853,17.958,15.328,6.4125,5.6712,24.242,8.5229,8.1823,12.044,27.21,97.003,78.347,75.31,79.955,14.061,19.155,17.248,11.988,12.575,138.45,98.24,62.734,90.904,69.556,101.97,26.983,22.66,31.094,20.481,21.686,21.735,13.915,24.816,16.533,14.634,13.378,13.993,17.231,9.4863,7.095,3.5066,1.6847,3.3704,2.7571,1.4236,2.3803,10.255,8.6548,0.62013,4.4327,7.1179,6.269,4.7617,15.609,3.7429,4.7432,3.5237,15.474,3.9635,15.625,9.1468,8.3185,3.4586,15.949,0.8599,0.59086,0.44667,1.0173,8.8639,5.0917,5.8222,8.0276,13.193,10.585,10.631,11.936,9.9641,12.267,12.03,10.291,9.8016,4.201,6.2838,6.7282,4.1071,0.72861,0.99767,7.1482,6.4617,2.5926,9.1698,8.3033,7.5707,8.8902,2.2882,2.0242,2.2527,1.4102,12.466,2.5763,13.468,12.896,11.434,8.8243,9.5759,11.496,11.089,9.6476,9.7379,9.4623,10.094,9.4682,11.359,31.068,33.712,14.442,15.302,8.7996,9.947,20.583,25.11,53.756,56.507,59.39,71.177,28.374,25.921,22.054,21.344,13.848,16.226,1.8507,1.4962,3.0665,2.9898,2.8208,2.592,10.831,14.927,12.982,12.078,17.057,5.1224,1.7687,10.987,7.7805,3.3992,4.7846,25.454,11.005,12.431,3.335,3.1332,2.2174,7.1705,1.3649,5.806,2.0481,8.5703,7.7684,10.851,10.741,2.4897,6.9119,4.3806,5.984,6.3593,10.379,8.5297,11.062,9.309,9.1295,10.341,10.674,1.6072,4.2159,0.048252,12.304,19.678,38.366,18.182,17.577,3.2326,8.9714,2.41,2.7217,2.2958,2.3857,2.3356,11.635,8.2035,1.444,6.6875,1.418,1.1712,1.222,1.3931,0.93534,5.5694,6.592,9.1184,6.4888,8.4884,2.8534,2.2584,2.2432,9.3605,9.3623,2.2448,2.4297,2.43,1.0873,1.2612,1.7837,0.97578,6.626,3.1855,12.607,6.2754,2.2887,4.0728,0.65253,1.8074,1.3574,1.2617,2.9075,1.2844,1.0248,1.0687
10.757,0.51498,4.9646,20.457,55.828,45.679,83.683,13.985,27.032,26.31,23.087,31.671,12.922,2.0447,1.2224,0.74779,0.28763,8.5069,5.1072,1.8729,0,7.5657,5.946,5.0677,2.5508,3.125,13.306,7.3926,8.8477,7.9576,12.564,19.774,56.55,37.858,48.732,14.77,42.602,22.496,26.635,13.669,10.443,17.017,8.2789,11.365,12.356,34.831,93.647,75.184,76.463,81.522,20.824,24.428,19.524,15.086,14.586,125.06,99.993,60.705,87.491,72.284,105.06,30.066,27.183,37.035,24.228,26.135,26.173,17.79,28.725,22.209,18.757,17.953,19.249,23.658,5.8989,3.7099,1.1129,0.23289,1.0229,0.6017,1.0638,0.61779,11.45,9.8679,2.1242,3.8091,6.827,12.553,2.0781,27.588,0.62643,1.2936,0.83665,28.023,1.1155,27.069,19.042,13.974,6.3836,28.672,0.43617,1.927,0.65998,0.42742,10.163,6.3379,6.7348,8.3659,7.4609,6.1381,5.9702,7.1309,4.9097,8.6809,7.2595,5.613,6.3692,4.03,3.9149,4.8139,2.226,2.0434,1.5174,8.7518,7.282,5.3595,11.244,10.003,8.7636,9.8978,8.0501,7.6381,7.9871,4.0455,23.913,4.3021,25.381,24.596,22.55,18.827,19.844,22.539,21.871,19.989,20.037,19.474,20.422,19.695,22.436,32.828,36.438,22.313,24.92,15.051,4.2983,16.695,19.834,53.74,53.931,53.96,66.385,27.872,30.893,26.788,26.089,18.243,21.942,2.2722,0.31223,1.1115,0.87632,0.40724,0.61027,16.28,19.512,15.364,14.887,30.224,2.9919,2.7041,12.761,17.246,10.029,1.0206,39.312,21.927,23.951,9.7102,8.2724,2.8474,8.8806,0.88541,6.1317,2.9296,9.3021,8.9612,5.9548,5.8818,3.5236,14.824,4.8556,7.1164,6.0922,11.169,18.397,22.012,19.214,19.177,21.002,21.449,6.9327,11.689,1.4268,21.157,31.294,52.419,26.738,20.43,1.6551,5.8955,0.78424,0.78594,0.60397,0.62231,0.58251,22.844,17.907,5.9138,15.442,0.17617,0.5717,0.48778,0.85992,0.54058,8.4268,9.1528,13.412,10.238,13.889,2.8551,7.9598,8.0261,19.312,19.355,0.92185,0.62839,0.67998,0.95886,0.54715,0.60757,0.57724,4.5558,1.7836,8.4675,6.3485,0.71887,2.2595,0.41233,0.77978,0.74896,0.74772,1.2492,0.53803,0.63361,0.76549
