0,11.375,4.4269,22.061,32.484,11.872,56.134,28.233,73.9,128.65,194,0.81792,1.879,26.195,16.683,221,198.84,65.656,52.634,235.6,321.5,79.506,54.674,42.907,22.231,67.033,87.965,69.741,76.84,74.32,66.491,97.5,60.08,57.923,65.102,51.27,55.039,27.79,41.653,50.988,52.59,60.559,66.794,2.6609,0.88173,1.9965,5.7685,11.993,13.805,73.898,52.111,68.174,61.963,79.442,112.78,118.5,122.87,156.79,16.324,9.6529,21.633,13.845,23.785,191.54,184.07,140.64,130.16,127.23,126.98,119.14,169.39,192.73,66.627,48.027,55.066,247.99,258.72,230.14,289.61,271.91,80.525,65.723,65.741,50.085,56.168,55.133,37.737,34.55,28.217,38.414,15.587,24.675,31.511,66.435,35.439,28.27,32.697,35.491,68.274,81.416,64.476,67.7,80.416,90.128,46.282,39.688,54.707,53.961,52.109,69.078,64.604,80.517,96.61,59.621,75.302,79.986,99.161,95.361,98.939,97.275,77.007,89.669,63.781,73.147,92.185,105.6,88.078,64.806,64.926,51.783,52.466,48.549,51.631,48.236,50.854,45.564,59.655,53.183,30.724,35.767,52.965,51.322,50.085,51.982,56.329,54.914,56.672,57.732,57.208,36.708,55.784,75.923,55.398,66.119,65.176,82.382,63.763,110.13,88.587,152.64,144.34,12.748,0.8575,18.569,21.98,198.28,170.7,155.78,109.45,99.404,103.51,42.894,47.613,57.241,63.707,231.55,266.78,321.04,247.39,80.943,60.891,73.808,45.9,49.819,41.657,29.65,26.897,63.144,64.149,62.57,87.981,101.56,52.994,69.294,68.86,98.603,94.19,117.84,46.117,61.68,75.443,68.234,64.291,127.55,92.93,86.149,65.852,51.025,51.431,57.551,47.683,51.118,45.37,26.876,14.033,47.596,48.819,70.156,50.442,43.942,47.43,66.89,57.295,60.612,64.822,65.265,65.126,133.9,106.69,74.573,81.161,42.538,51.811,52.421,62.078,62.847,37.796,33.812,45.995,55.57,68.752,92.558,53.681,72.234,44.734,43.542,44.205,53.781,52.086,64.066,65.435,64.494,36.78,48.121,42.921,33.71,42.676,43.318,43.532,53.717,53.121,44.407,41.765,42.826,53.742,52.723,54.107,60.165,40.693,42.263
11.375,0,24.994,25.721,20.754,27.402,40.752,34.522,69.301,125.21,172.2,10.474,15.981,23.687,12.792,204.86,167.94,45.118,32.888,216.07,292.7,50.567,54.581,17.866,26.883,48.241,79.706,75.233,49.365,44.267,43.75,75.084,68.735,50.967,55.698,30.071,31.226,30.33,33.851,32.639,33.914,41.408,53.377,19.339,6.292,3.8419,18.1,1.1733,26.169,65.576,41.249,67.624,53.776,51.632,86.994,83.273,96.809,124.12,0.73279,21.018,22.55,7.8124,7.7344,174.48,157.28,121.96,128.56,118.93,102.44,111.84,149.09,177.12,43.858,31.297,33.86,209.67,221.44,191.05,254.76,242.42,53.272,37.598,70.649,46.044,61.11,58.336,15.252,43.811,39.829,16.08,23.248,3.9011,37.199,39.239,34.987,24.864,33.562,38.129,62.897,63.342,57.451,64.995,76.796,83.233,31.595,51.417,57.368,57.409,54.488,74.886,69.077,83.63,67.963,41.664,56.245,58.043,70.089,66.503,73.192,72.359,51.208,64.281,52.021,63.98,63.631,79.689,67.197,58.129,57.491,29.381,29.859,27.795,29.822,24.485,28.494,25.541,37.116,36.236,23.881,33.531,34.397,33.51,33.484,35.563,38.27,37.423,38.732,38.216,35.837,29.751,44.956,56.055,47.122,51.771,50.566,69.299,50.972,86.458,65.869,113.42,114.37,0.055665,15.431,6.8989,6.8641,162.09,137.04,118.02,99.03,70.545,102.91,20.502,26.27,38.284,44.007,206.78,248.31,291.34,223.57,52.613,64.552,74.511,47.465,54.679,48.468,38.422,18.777,35.688,48.698,49.408,82.202,82.784,54.678,75.037,74.155,70.777,96.915,118.51,44.521,52.877,49.508,62.852,56.572,120.02,68.171,65.51,49.918,29.452,29.306,42.385,26.334,27.016,23.87,25.184,21.075,29.477,29.456,48.567,31.868,28.083,36.462,52.3,42.642,42.362,46.979,51.373,51.031,112.4,91.114,47.729,53.251,30.864,53.735,54.935,55.037,55.888,19.665,18.377,21.27,48.236,46.477,62.567,53.965,73.76,31.339,30.104,30.962,56.566,54.877,56.8,57.915,57.023,47.672,29.77,39.643,31.032,31.294,30.234,30.251,56.624,55.722,32.282,32.044,30.237,52.039,55.444,55.533,35.543,30.59,31.116
4.4269,24.994,0,14.999,31.641,3.7511,50.994,17.852,58.286,103.38,170.05,3.1572,1.0048,21.207,16.377,190.7,179.85,61.886,51.684,205.54,287.94,79.006,40.664,50.154,14.599,61.66,71.739,49.917,75.778,76.09,64.195,88.298,40.788,46.963,54.015,51.908,56.77,19.415,35.251,49.411,50.813,57.022,57.835,0.3626,6.7059,10.353,2.122,21.924,5.9289,60.361,44.932,51.56,50.831,78.028,103.11,114.79,111.65,144.76,33.522,4.1226,16.226,16.711,30.658,165.2,164.38,121.97,103.77,104.67,114.08,97.262,147.7,165.44,64.318,46.055,54.595,227.87,236.71,212.64,262.77,243.67,78.409,68.134,46.967,39.266,39.36,39.375,44.492,21.013,15.517,44.706,8.9805,37.603,20.442,67.824,26.405,23.138,23.73,24.805,54.202,72.424,52.123,52.299,63.048,72.764,43.287,23.775,39.305,38.342,37.425,49.238,46.26,59.782,92.083,55.442,68.258,73.971,94.441,91.254,91.8,89.862,74.559,84.122,54.432,60.25,88.507,97.319,79.646,52.184,52.715,53.287,53.937,49.652,52.673,52.121,52.613,47.003,58.986,49.937,26.993,27.644,50.999,49.236,47.43,48.669,53.071,51.608,53.236,55.202,56.27,31.18,47.687,69.312,45.805,57.914,57.355,70.013,55.073,99.491,81.332,146.03,132.34,26.474,1.4419,23.887,28.901,182.85,157.32,147.57,90.774,94.473,80.652,47.424,49.524,54.416,59.792,204.91,232.86,288.04,218.46,79.597,43.687,55.473,33.076,34.461,27.348,17.714,25.394,65.697,57.125,54.391,70.392,89.215,38.455,49.441,49.295,93.054,71.269,92.158,34.903,50.978,73.474,54.173,52.381,104.53,86.26,77.938,58.765,52.053,52.807,51.905,49.576,54.352,48.172,21.166,8.3783,46.831,48.684,66.091,49.196,42.516,41.525,58.672,51.359,56.398,59.295,56.952,56.977,117.97,91.468,73.547,79.424,38.466,37.42,37.6,50.249,50.805,40.294,35.463,51.652,45.372,65.54,89.932,39.697,53.797,41.246,40.431,40.761,38.524,37.205,51.94,53.166,52.396,21.959,47.382,33.451,26.44,38.363,40.017,40.311,38.414,38.1,40.116,36.583,39.314,40.786,37.732,39.449,61.089,36.075,37.906
22.061,25.721,14.999,0,5.2058,4.4547,11.211,0.64774,15.251,44.301,86.084,14.39,12.931,0.85329,2.5881,103.48,91.476,16.96,13.129,113.71,175.85,27.607,7.2822,18.82,0.024395,16.38,22.135,14.135,25.519,27.213,18.707,30.575,10.693,8.9969,12.172,14.117,17.106,0.33095,4.4212,11.777,12.326,14.588,13.94,13.498,18.042,21.052,6.3092,16.687,2.3756,15.614,8.1189,12.708,10.716,26.625,39.52,48.113,44.808,66.573,34.57,3.4032,0.19447,5.5808,12.007,83.856,80.839,52.374,45.361,43.346,46.377,38.673,70.115,84.522,18.766,10.102,14.751,126.39,133.29,114.85,154.07,140.38,26.54,23.308,12.254,5.893,8.3193,7.6782,16.053,2.4161,1.9616,15.641,0.76911,23.08,1.0789,22.496,1.6564,1.1809,1.067,1.6091,12.852,21.544,11.489,12.473,18.239,23.092,8.4884,4.4726,7.4596,7.2675,6.4819,13.9,11.688,18.786,33.703,13.601,19.505,22.819,35.072,33.331,32.92,31.715,24.242,28.709,12.285,15.426,31.83,36.09,25.625,11.571,11.731,15.303,15.585,13.381,14.721,16.515,15.159,12.438,16.796,11.314,2.5059,1.9185,12.327,11.465,10.412,10.713,12.773,12.066,12.787,14.078,15.319,3.2162,9.2314,20.147,8.392,14.024,13.784,20.338,12.609,37.237,26.746,68.098,58.233,25.44,16.756,8.8876,11.728,93.162,75.17,68.839,33.458,35.031,30.235,15.027,13.864,13.58,15.845,111.59,135.47,175.64,122.32,27.547,10.008,15.314,4.3462,5.9673,3.6893,1.3416,3.1118,22.129,13.771,12.313,21.966,31.106,6.7472,13.984,13.701,34.012,25.668,38.427,4.4388,10.737,23.836,12.835,11.527,43.519,29.716,24.68,14.576,14.424,14.995,11.516,13.874,17.022,13.921,0.69375,0.99947,11.035,12.199,19.06,11.841,8.866,6.9008,14.399,11.198,14.058,15.141,13.543,13.568,49.195,32.829,24.297,27.277,6.1673,6.3401,6.6056,10.556,10.84,10.492,8.1105,17.861,8.244,19.058,33.053,6.9291,14.671,7.4633,7.2767,7.2834,7.1277,6.5111,11.364,11.947,11.566,3.4255,11.291,3.6993,1.6292,6.0519,7.0404,7.1866,7.1163,6.8674,6.7421,5.145,6.687,6.9539,6.7341,7.1364,18.732,5.1079,5.8647
32.484,20.754,31.641,5.2058,0,17.69,3.5358,7.6321,14.871,44.71,74.071,23.65,25.198,1.8862,2.6849,95.298,73.305,5.7971,2.5013,103.23,159.1,10.76,9.9495,4.6092,5.9008,6.3984,19.279,20.582,9.6629,9.6123,6.0534,18.142,19.279,7.0225,8.5412,2.5056,3.7266,4.7787,1.8735,2.0938,2.4219,4.3627,7.594,27.509,24.429,25.028,17.38,12.096,13.469,12.716,3.5014,15.067,7.9082,10.543,24.807,27.013,29.913,47.201,26.749,13.82,3.5442,4.2282,3.8774,75.045,65.451,42.469,47.011,40.463,32.507,36.467,59.115,76.691,6.0939,1.5147,3.1358,103.2,110.81,91.134,133.23,123.17,10.835,7.012,18.305,5.8901,14.394,12.576,3.5708,11.411,12.547,3.2617,8.6808,11.754,7.6572,6.8276,4.0804,1.6064,4.3824,6.1234,11.946,12.049,9.4676,13.374,18.522,21.159,1.2824,15.137,11.991,12.331,10.822,20.561,17.445,23.624,17.054,4.1838,9.3446,10.705,18.135,16.54,18.234,17.592,9.52,14.266,7.0598,11.956,15.245,21.292,14.231,9.7851,9.4321,2.8783,3.0216,2.0707,2.6976,3.1774,2.7625,1.6223,4.2782,2.579,0.60614,3.1353,2.4961,2.1453,1.9119,2.3358,3.2863,2.9632,3.3809,3.6054,3.5923,1.2397,4.6366,9.4366,5.5241,7.0485,6.6313,14.219,6.6869,23.952,14.109,44.298,40.692,19.582,29.342,3.7214,4.2309,71.413,55.131,46.026,29.145,18.24,32.563,2.6085,2.1551,3.4862,5.2481,97.572,125.71,158.28,108.95,11.113,15.215,18.521,8.1352,11.986,11.028,10.006,0.3485,6.2858,6.0494,6.1399,20.788,21.134,10.618,20.601,20.015,17.918,30.244,41.615,6.0899,7.5124,9.0214,11.926,9.0358,41.16,15.698,13.449,6.5267,2.5606,2.7573,3.9874,2.162,3.4471,2.1064,2.2786,8.4921,1.5074,1.83,7.1861,2.0057,0.86771,2.2113,7.2599,4.0164,4.4425,5.8004,6.8757,6.7632,37.381,25.023,8.8682,11.127,1.0002,10.373,11.037,8.5234,8.863,0.95597,0.39831,3.8634,6.0135,6.7199,15.495,9.8523,18.434,1.1318,0.91586,1.0546,11.742,11.13,9.1794,9.5908,9.2425,13.524,1.6066,4.2122,2.5475,1.0817,0.91897,0.93179,11.814,11.358,1.2699,1.299,0.90088,8.5326,11.306,10.832,4.8058,1.0036,1.0535
11.872,27.402,3.7511,4.4547,17.69,0,29.798,5.3723,32.659,67.776,123.58,7.1206,4.3725,8.8305,8.2896,140.97,132.79,38.755,32.227,153.79,226.04,53.875,19.85,36.278,4.0851,37.915,42.972,26.375,51.003,52.74,41.227,57.849,19.966,24.942,30.206,33.246,37.571,6.6542,17.743,30.193,31.154,35.082,33.701,3.8738,11.702,15.777,1.21,20.595,0.32425,34.548,24.501,27.54,27.79,52.637,69.883,81.847,76.514,104.27,37.087,0.46145,5.6832,10.722,22.405,119.23,119.3,83.484,68.153,68.82,78.075,62.837,104.74,119.4,41.317,27.485,34.692,174.57,182,161.75,204.31,187.26,52.609,46.795,24.205,19.359,18.813,18.829,31.784,7.0117,4.0305,31.585,1.6307,32.927,6.793,45.97,10.899,9.9958,9.1853,9.533,29.772,45.126,28.503,28.181,36.123,43.643,24.949,8.7831,18.792,18.116,17.523,25.893,23.683,33.628,62.66,33.588,42.472,47.392,64.517,62.156,61.412,59.728,49.366,55.751,30.978,34.583,60.094,65.547,51.088,28.497,28.976,34.783,35.257,31.808,34.053,35.365,34.42,30.025,37.967,29.8,13.105,11.954,31.203,29.813,28.186,28.815,32.174,31.039,32.221,34.138,35.735,15.213,26.254,43.461,24.42,33.996,33.69,42.304,31.662,66.588,52.852,107.19,93.699,28.117,6.7524,16.844,21.329,136.2,114.66,107.91,57.832,64.456,49.643,32.299,32.184,33.399,37.062,153.45,177.5,226.16,165.08,53.933,21.836,30.375,14.699,15.475,10.843,5.1708,13.132,44.968,33.783,31.299,41.771,57.703,18.249,26.038,25.912,63.043,42.416,58.853,16.198,28.002,48.723,29.752,28.787,68.692,57.06,49.786,35.028,33.575,34.344,30.293,32.213,36.632,31.721,8.5311,1.6739,28.673,30.393,41.925,30.198,25.141,22.443,34.577,29.768,34.309,36.015,33.221,33.292,80.622,58.903,49.239,53.605,20.953,17.539,17.636,27.202,27.574,25.767,21.803,36.216,23.944,41.864,61.725,19.169,29.137,23.228,22.803,22.892,18.255,17.36,28.41,29.305,28.759,7.6237,29.098,15.562,11.404,20.776,22.416,22.665,18.176,17.972,22.055,19.145,21.811,20.067,17.719,18.935,40.445,19.009,20.429
56.134,40.752,50.994,11.211,3.5358,29.798,0,11.523,6.195,25.907,45.464,43.9,44.569,6.4313,11.639,63.047,44.676,0.63364,0.99175,69.161,115.39,4.1077,5.8424,9.0539,11.875,0.50745,7.6675,13.376,3.2779,4.8247,1.1919,5.723,14.615,2.1276,1.9984,1.8872,2.7306,8.6206,1.5787,0.73729,0.64037,0.31281,0.97512,46.863,45.985,47.238,32.549,28.294,23.907,4.0857,0.45339,7.7563,2.063,3.5578,9.7943,12.885,12.998,25.303,48.177,26.28,9.723,15.431,13.426,46.655,38.564,21.714,28.079,21.713,14.625,19.094,33.965,48.131,1.2014,0.70947,1.2677,68.748,74.87,59.154,93.36,85.022,3.4026,4.1303,11.922,2.9437,10.24,8.531,9.0329,13.583,17.105,8.2976,17.655,25.203,10.407,3.3677,5.3436,5.437,6.5314,7.4288,4.525,2.5324,2.9655,6.1004,8.4768,9.107,0.58308,16.156,8.0136,8.5937,7.4778,13.533,11.276,13.934,6.0583,0.14631,1.4133,2.1556,6.6606,5.885,6.0847,5.6461,2.6087,4.126,1.0214,3.5253,5.261,7.7583,3.6205,3.1941,2.8369,2.4941,2.4735,2.2488,2.1593,4.6386,2.6897,2.6268,1.3687,0.20867,3.8995,4.325,0.56976,0.54773,0.41912,0.21688,0.21982,0.19155,0.18764,0.46156,1.0973,2.4456,0.57703,1.4916,1.353,0.70511,0.55882,3.9761,0.75658,9.1387,3.6912,24.47,20.492,38.892,50.641,14.215,14.407,43.532,31.105,25.288,13.461,6.6589,18.213,5.6292,2.8785,0.35468,0.43605,64.128,87.946,114.65,73.51,3.885,9.8276,10.047,6.3797,9.4093,10.829,13.677,5.3606,3.9754,0.3555,0.55452,9.1688,7.4148,7.0105,13.519,12.98,6.2785,17.859,24.872,4.2017,1.7712,2.5639,4.5142,2.6032,22.374,4.6833,3.2332,0.46473,2.1507,2.3977,0.017947,2.8618,3.9603,3.7348,6.5131,18.156,1.2045,1.4709,1.046,0.88433,1.2118,0.52931,0.75353,0.036012,0.18601,0.31858,0.69156,0.63875,17.955,10.043,2.9131,3.717,0.94332,7.0784,7.6226,2.5998,2.7498,4.312,4.4591,6.7166,1.7409,1.1156,5.8077,6.0084,10.35,0.67343,0.85368,0.73831,8.0035,7.8174,2.7836,2.8776,2.7516,15.257,1.1912,3.2507,4.4243,0.93213,0.86146,0.84219,8.0993,7.7721,0.68933,1.1952,0.9114,4.6218,7.8282,6.9317,2.405,1.2989,0.99934
28.233,34.522,17.852,0.64774,7.6321,5.3723,11.523,0,11.63,36.512,77.737,19.539,16.943,2.0299,5.7356,92.697,84.742,17.555,15.012,102.82,162.85,29.118,4.6448,23.975,0.48311,16.379,18.019,9.2902,26.874,29.652,19.813,28.667,6.2777,7.2749,10.242,16.607,19.914,0.33253,4.6491,13.471,13.912,15.371,12.697,17.045,24.459,28.36,8.9943,23.902,3.2049,12.675,7.8158,8.8988,8.8418,27.805,37.2,47.822,41.791,62.788,44.681,5.201,1.3992,9.9893,17.555,74.75,74.054,46.541,37.194,36.446,42.712,32.133,62.852,75.09,19.865,11.723,16.754,118.7,124.84,108.26,143.65,129.67,27.446,26.148,7.8341,4.4134,4.7655,4.4775,21.15,0.56604,0.62545,20.545,1.8645,30.995,0.092063,24.944,1.1831,2.2383,0.70506,0.60131,9.8605,19.998,9.1508,9.0631,13.908,18.56,9.7859,1.7318,4.3818,4.1433,3.702,9.0681,7.4303,13.394,33.463,14.176,18.754,22.34,34.72,33.263,31.712,30.439,25.092,28.223,10.973,12.716,31.969,34.37,24.151,9.1357,9.4293,18.099,18.354,16.103,17.351,20.274,18.07,15.353,18.629,12.361,3.966,1.7345,13.836,12.968,11.741,11.764,13.746,13.053,13.69,15.28,17.106,3.8803,8.5268,19.535,7.1885,13.054,12.967,17.617,11.522,34.618,25.675,66.289,54.629,34.207,21.438,14.024,17.355,87.664,70.729,66.415,28.135,34.601,23.681,19.153,16.904,14.688,16.428,101.88,122.95,162.83,111.66,28.724,6.1999,10.827,2.3327,3.0452,1.3491,0.16506,5.4716,25.074,13.252,11.428,17.404,28.042,3.9882,9.1425,8.9579,33.374,19.292,30.712,2.937,9.0137,24.887,9.8486,9.3401,36.466,28.775,23.317,13.999,17.063,17.752,11.62,16.907,20.473,17.343,1.6034,2.4748,13.1,14.463,19.46,13.666,10.78,7.1508,13.409,11.206,14.6,15.131,12.554,12.638,44.385,28.7,25.707,28.308,7.1786,3.6608,3.774,8.4465,8.6418,13.99,11.403,22.337,6.8329,19.791,33.564,4.3272,10.189,8.6245,8.6006,8.4731,4.121,3.6702,9.1104,9.6151,9.3114,1.1129,13.353,2.8598,1.7927,6.9752,8.3031,8.4719,4.0973,3.9534,7.6291,5.7898,7.8879,4.6803,3.8408,4.309,21.136,5.9768,6.7834
73.9,69.301,58.286,15.251,14.871,32.659,6.195,11.63,0,8.2318,29.23,59.169,56.045,12.897,23.667,39.306,34.281,8.4249,12.144,45.675,87.67,15.732,1.5863,29.925,15.243,6.403,0.71945,2.2396,14.243,19.142,10.722,7.0361,4.1348,1.4557,1.1577,14.919,17.046,11.09,6.3257,11.152,10.815,8.3903,2.6389,56.662,65.372,69.615,40.713,52.457,27.039,0.33641,4.2541,0.39985,1.1776,14.103,10.531,20.64,11.891,23.18,80.956,32.196,15.714,31.219,33.913,27.603,27.365,11.791,9.0865,7.2293,11.52,5.4245,20.429,27.966,10.716,10.665,12.98,56.958,60.841,50.484,73.598,63.637,13.115,19.224,2.032,2.4592,2.6904,2.218,29.335,9.9545,14.49,28.051,22.264,52.864,9.6923,17.252,7.008,11.724,8.2857,7.1483,0.16003,4.1253,0.63586,0.17188,0.20065,0.81324,9.3359,9.7175,2.1211,2.4487,2.4378,2.3807,1.8937,1.6981,12.893,7.468,5.3181,7.2645,13.262,13.217,9.8297,9.0712,11.936,9.7684,2.2328,0.53243,13.107,10.142,5.8614,0.54571,0.67251,16.549,16.487,15.838,15.669,21.517,17.048,16.62,12.837,8.6469,11.831,7.0607,10.521,10.361,9.564,8.5806,8.6361,8.5546,8.3934,9.7343,12.252,8.2385,3.2847,5.9047,2.2984,3.26,3.5693,1.585,2.7457,8.7273,7.3199,28.755,18.426,67.559,63.856,32.882,34.958,37.335,27.364,27.67,3.5877,13.01,3.4284,23.285,17.425,9.2804,8.06,44.677,59.865,87.59,51.335,14.507,1.7965,0.65056,3.5472,3.5845,6.2665,11.952,15.935,19.244,4.3085,3.1486,0.61524,5.0093,2.1388,2.3515,2.1521,11.902,3.0181,6.7355,3.2638,1.3929,12.46,0.16236,0.79462,7.353,8.9941,5.7369,4.3395,15.644,16.301,5.614,17.387,20.061,19.341,12.124,23.893,12.588,13.595,8.479,11.693,11.824,5.8458,3.2915,5.2902,7.4646,6.037,3.1213,3.2624,11.258,4.2387,13.927,13.876,8.4358,2.3839,2.4204,0.89322,0.7894,19.579,18.736,25.698,1.9721,9.5585,14.895,1.7876,0.83639,8.8491,9.477,8.9667,2.2835,2.5456,0.72175,0.64341,0.72102,10.113,12.604,4.3777,8.1722,8.1391,9.2618,9.3356,2.3263,2.3329,7.9176,7.3805,9.0646,1.6101,2.4257,1.9163,15.753,8.1528,8.156
128.65,125.21,103.38,44.301,44.71,67.776,25.907,36.512,8.2318,0,11.036,109.03,103.15,41.514,59.721,13.58,18.842,27.128,36.416,18.094,47.605,34.642,15.704,65.289,43.939,23.414,5.4043,9.7167,33.13,41.36,30.581,14.775,14.685,16.423,14.255,41.054,43.381,37.042,28.869,35.239,34.327,28.439,16.845,102.95,118.62,124.99,81.679,102.16,60.471,9.7819,23.356,9.5619,15.011,32.138,15.179,29.59,13.595,18.988,140.43,69.148,45.88,71.505,74.639,8.3038,13.435,5.1284,0.087775,0.57434,11.223,0.65272,7.2727,7.9529,30.534,35.133,37.129,34.528,35.733,32.225,41.489,32.632,30.268,43.882,10.995,19.632,15.189,15.424,65.534,31.191,38.801,63.526,54.809,101.24,32.943,40.706,29.776,39.48,32.059,29.037,10.626,15.151,13.069,10.054,5.9552,4.379,33.346,28.364,15.601,16.069,17.011,10.043,11.331,5.9536,24.805,27.171,19.166,21.013,24.544,25.737,19.02,18.33,29.472,22.044,16.854,10.555,26.6,17.18,16.007,12.73,13.083,43.424,43.164,43.103,42.117,51.741,44.406,44.975,35.738,30.692,39.786,30.259,33.769,33.9,32.899,30.863,29.915,30.128,29.434,31.336,35.454,32.909,20.768,19.979,18.822,18.19,19.01,9.9255,17.855,13.045,18.336,29.861,16.105,122.78,113.88,73.767,76.396,24.705,20.092,26.882,2.4574,24.057,1.409,55.572,45.737,30.731,27.065,19.697,26.083,47.923,22.894,32.315,12.726,7.5779,20.896,18.618,24.483,35.723,47.015,44.606,20.609,18.92,4.5278,9.5671,16.506,9.948,9.9619,22.539,3.1069,0.52212,21.37,15.581,30.76,10.645,13.551,0.40288,19.686,16.436,20.203,42.225,43.13,24.569,45.663,48.885,49.141,39.998,57.724,38.28,39.579,25.951,36.223,37.852,27.153,18.036,24.071,26.909,23.408,18.164,18.463,7.5754,5.809,33.303,31.267,32.544,17.175,16.84,14.251,13.82,51.094,50.546,58.434,18.045,28.093,29.301,16.208,8.1311,32.846,34.117,33.143,16.104,17.043,13.397,12.892,13.308,30.15,38.188,24.474,32.598,32.01,33.801,33.884,16.148,16.453,31.331,30.815,33.56,16.533,16.681,15.897,40.102,32.339,32.107
194,172.2,170.05,86.084,74.071,123.58,45.464,77.737,29.23,11.036,0,169.7,165.72,77.822,99.807,2.3031,1.9804,41.678,55.333,2.7326,16.139,42.261,44.404,87.124,86.322,38.308,20.966,38.703,41.966,50.241,44.045,20.458,48.375,39.916,34.445,59.987,60.249,75.825,56.685,55.209,53.639,45.051,34.396,167.15,177.95,182.75,138.68,145.48,112.49,28.456,46.311,34.586,36.715,40.126,15.97,25.298,12.204,8.1099,186.25,122.67,86.098,112.6,107.6,0.51495,1.0369,4.3801,12.157,8.5638,9.7764,10.736,0.84699,0.90868,43.948,56.718,54.737,6.7822,7.0781,6.5994,10.225,6.6133,38.139,56.007,40.478,47.043,47.051,46.293,90.075,72.493,84.124,87.712,102.28,135.31,72.579,52.811,63.925,74.46,67.984,65.2,32.456,26.671,34.819,33.743,26.131,20.345,56.345,70.021,46.195,47.419,48.095,39.419,40.763,30.797,28.02,44.557,31.734,31.087,26.981,29.178,22.864,22.92,38.82,28.241,36.076,28.901,30.943,19.455,24.58,34.608,34.473,61.838,61.274,63.161,60.746,71.245,63.175,66.374,51.395,50.484,72.007,63.192,52.997,53.957,53.839,51.258,48.262,49.149,47.723,48.673,52.294,62.851,42.675,32.016,42.238,35.439,36.378,23.859,36.534,15.394,25.942,16.999,8.748,168.2,178.79,110.52,110.62,5.2617,6.3355,13.987,12.34,26.519,18.961,77.591,65.997,48.437,42.521,1.6595,7.4878,15.963,3.3541,39.715,42.467,32.171,53.14,52.095,61.718,78.299,80.238,57.761,37.841,37.726,21.663,16.194,46.869,39.226,39.004,25.596,24.854,16.355,51.459,37.001,40.501,32.481,34.932,8.8489,25.36,25.581,36.738,61.14,61.746,43.807,65.894,67.163,70.257,76.497,105.53,59.51,59.957,38.799,56.298,61.208,51.484,34.958,43.624,43.877,39.339,35.872,36.104,6.4343,13.145,42.996,38.742,58.143,48.022,47.935,36.602,36.024,76.184,78.1,78.788,41.955,41.07,33.043,45.428,33.66,56.924,58.586,57.468,47.029,48.422,35.106,34.103,34.786,72.028,59.152,54.469,65.977,57.697,58.5,58.424,47.177,47.423,56.089,57.61,58.647,44.415,47.842,45.785,54.968,59.313,58.045
0.81792,10.474,3.1572,14.39,23.65,7.1206,43.9,19.539,59.169,109.03,169.7,0,0.62975,17.832,10.447,194.93,174.54,52.646,41.383,208.66,289.93,65.794,42.137,34.535,14.543,53.669,71.826,55.7,63.254,61.509,53.631,80.997,47.258,45.018,51.408,40.451,44.043,19.079,30.966,39.809,41.207,48.083,53.071,1.3991,0.70075,2.1375,2.4977,9.2591,8.2543,59.196,40.103,54.093,48.603,65.567,95.035,101.2,104.2,135.74,16.12,5.078,14.05,8.6958,17.857,167.33,160.61,120.11,110.48,107.65,107.85,100.22,146.75,168.44,53.752,37.111,43.645,220.9,230.91,204.24,259.9,243.02,66.434,53.826,52.097,38.114,43.599,42.62,29.851,25.022,19.834,30.322,9.3397,20.634,22.268,54.258,25.49,19.564,23.172,25.557,54.149,66.304,50.797,53.642,65.024,73.774,35.413,29.6,42.228,41.596,39.935,55.122,51.065,65.284,80.804,47.149,60.956,65.348,83.126,79.72,82.572,81.005,63.164,74.27,50.334,58.543,76.866,88.568,72.444,51.083,51.202,41.079,41.684,38.113,40.852,38.425,40.301,35.525,47.735,41.513,21.765,25.786,41.511,40.026,38.837,40.432,44.326,43.052,44.607,45.694,45.486,26.743,43.289,61.572,42.845,52.529,51.718,66.911,50.37,92.48,73.049,132.6,124.1,11.517,0.53656,13.088,16.352,174.35,148.63,135.3,91.348,83.317,86.034,33.831,37.441,45.208,50.865,204.92,238.06,289.51,219.79,66.952,47.73,59.164,34.493,38.011,30.99,20.845,18.768,51.521,50.875,49.344,71.834,84.427,40.694,55.312,54.902,82.485,77.659,99.209,34.652,48.371,61.82,54.113,50.647,107.95,77.108,70.705,52.401,40.308,40.739,45.107,37.5,40.85,35.635,18.361,8.1185,36.924,38.122,56.677,39.376,33.578,36.08,53.223,44.845,48.035,51.654,51.752,51.641,114.02,88.941,61.193,67.082,31.973,39.662,40.213,48.678,49.355,28.887,25.238,36.856,42.966,55.533,77.386,41.27,57.777,33.979,32.978,33.518,41.416,39.927,50.438,51.655,50.821,27.037,37.395,31.905,24.061,32.066,32.755,32.954,41.363,40.83,33.591,31.174,32.295,41.302,40.484,41.666,48.494,30.295,31.699
1.879,15.981,1.0048,12.931,25.198,4.3725,44.569,16.943,56.045,103.15,165.72,0.62975,0,17.462,11.485,188.72,172.69,54.127,43.575,202.8,283.89,68.882,39.077,39.432,12.844,54.561,68.841,50.568,66.064,65.316,55.703,81.137,42.007,43.375,49.936,43.203,47.316,17.351,30.652,41.711,43.081,49.512,52.522,0.16019,2.6481,5.0826,1.2521,13.702,5.8396,56.957,39.831,50.354,47.016,68.309,95.33,103.93,104.09,135.96,22.967,3.3941,13.278,10.788,21.896,162.3,158.22,117.33,104.13,102.93,107.15,95.6,143.26,163.02,55.823,38.767,46.092,219.36,228.77,203.49,256.22,238.51,68.935,57.648,47.304,36.265,39.344,38.801,34.398,21.307,16.153,34.729,7.67,26.74,19.533,57.721,23.832,19.23,21.423,23.185,51.515,66.138,48.776,50.417,61.334,70.36,36.616,25.022,38.553,37.795,36.482,49.959,46.426,60.1,82.757,48.3,61.409,66.327,85.061,81.807,83.562,81.848,65.451,75.668,49.539,56.551,79.046,89.256,72.668,48.959,49.255,44.171,44.784,40.956,43.767,42.286,43.459,38.399,50.239,42.837,22.106,24.53,43.324,41.742,40.295,41.693,45.739,44.404,45.962,47.431,47.817,26.599,42.761,62.213,41.69,52.267,51.584,65.395,49.843,92.329,73.752,134.87,124.1,17.164,0.26946,16.33,20.326,173.93,148.56,137,87.87,85.176,80.578,37.757,40.556,46.816,52.236,200.44,231.05,283.7,214.61,69.756,43.474,54.845,31.621,34.163,27.268,17.612,19.831,55.327,51.031,48.989,68.264,83.395,37.339,50.151,49.858,84.088,71.905,92.867,32.489,46.954,64.25,51.483,48.807,103.03,78.144,70.97,52.581,43.198,43.772,45.619,40.61,44.562,39.009,17.724,6.7634,39.031,40.507,58.165,41.388,35.312,36.169,52.977,45.234,49.202,52.424,51.422,51.373,112.23,86.847,63.96,69.742,32.626,36.327,36.71,46.803,47.415,31.895,27.785,41.288,41.565,57.314,79.976,38.185,53.36,34.937,34.044,34.476,37.771,36.384,48.5,49.699,48.908,22.831,39.528,30.364,23.077,32.628,33.739,33.977,37.694,37.265,34.221,31.357,33.179,38.668,36.917,38.3,51.612,30.665,32.229
26.195,23.687,21.207,0.85329,1.8862,8.8305,6.4313,2.0299,12.897,41.514,77.822,17.832,17.462,0,1.6956,96.423,80.85,10.725,7.3637,105.64,164.67,19.083,6.4282,12.112,1.1327,10.545,18.618,14.506,17.395,18.535,11.922,23.326,12.069,6.3053,8.7253,8.0389,10.322,0.73652,1.8434,6.3851,6.8185,8.7925,9.4466,18.697,20.477,22.609,10.077,14.521,5.8089,12.297,4.5474,11.503,7.6356,18.37,31.208,37.415,36.288,55.974,31.545,6.7237,0.34839,4.2954,8.0021,76.838,71.407,45.49,43.041,39.301,38.18,34.987,62.492,77.867,11.971,5.1706,8.5812,113.42,120.48,101.85,141.61,129.43,18.398,15.269,12.533,4.099,8.7689,7.6843,10.082,4.4448,4.7735,9.6787,2.8757,18.132,2.2225,14.655,1.0987,0.042803,0.9154,1.8562,10.387,15.632,8.6627,10.712,16.039,19.897,4.0943,7.0582,7.3299,7.3595,6.3249,14.366,11.87,18.36,24.94,8.1166,13.453,15.973,26.163,24.538,24.826,23.852,16.514,20.854,8.2633,11.904,23.165,27.853,18.906,8.8284,8.7913,8.9298,9.1471,7.4761,8.4908,9.9258,8.8196,6.7827,10.204,6.2121,0.43686,0.89234,6.8369,6.195,5.4643,5.7665,7.3323,6.7939,7.3683,8.2534,9.0609,0.96628,5.5953,13.883,5.4101,9.309,9.0208,15.668,8.3277,29.487,19.564,55.951,48.46,23.015,21.549,6.0879,8.0113,81.218,64.161,57.005,29.087,26.171,28.508,8.9033,7.8457,7.902,9.8517,102.21,127.41,164.24,113.04,19.139,10.035,14.35,4.093,6.5098,4.9106,3.3524,0.83624,14.305,8.817,7.961,19.092,24.707,6.391,14.429,14.033,25.415,24.946,36.856,3.356,7.5044,16.106,10.37,8.5256,39.672,21.96,18.052,9.4693,8.2647,8.6956,6.7611,7.8532,10.273,7.928,0.029662,2.9953,5.7794,6.6165,12.481,6.4075,4.2437,3.4008,9.6095,6.5755,8.4817,9.581,8.9576,8.9341,41.675,27.169,16.368,18.965,2.6019,6.0688,6.4786,7.7671,8.0587,5.4985,3.8676,11.119,5.4993,12.34,24.036,6.1924,13.949,3.4222,3.2531,3.292,7.0474,6.4633,8.4828,8.9772,8.6244,5.8457,5.9668,2.2471,0.53838,2.5554,3.109,3.2017,7.0696,6.7506,3.0217,2.083,2.8891,5.6966,6.6563,6.6918,11.637,1.9758,2.4361
16.683,12.792,16.377,2.5881,2.6849,8.2896,11.639,5.7356,23.667,59.721,99.807,10.447,11.485,1.6956,0,122,101.25,16.19,10.359,131.92,196.22,24.138,14.726,9.927,3.0638,16.836,30.842,25.996,22.516,22.063,16.785,33.643,22.299,13.962,17.129,10.143,12.238,3.8197,6.0665,9.5162,10.196,13.706,17.201,13.183,11.414,12.454,6.7888,6.4378,5.9048,22.382,10.2,22.008,15.755,23.861,42.787,46.705,49.179,71.261,18.889,5.2012,1.4781,0.61874,3.7494,99.498,91.289,62.415,61.661,56.615,52.026,51.494,82.272,100.9,16.852,8.1922,11.577,136.68,144.99,123.21,169.35,156.88,24.305,17.774,23.334,10.875,17.983,16.516,7.6185,9.8996,8.9367,7.5461,3.1922,10.266,6.6377,17.737,5.4985,2.0911,4.9138,6.7678,20.124,24.639,17.455,20.812,27.959,32.675,7.3986,13.769,16.018,16.014,14.511,25.785,22.441,31.207,33.148,13.231,21.155,23.61,34.639,32.466,34.367,33.393,22.305,29.023,15.894,21.697,30.667,38.353,28.201,17.745,17.578,10.656,10.954,9.0896,10.431,10.097,10.331,7.9344,13.709,10.313,2.2659,5.0317,10.337,9.5926,8.9993,9.7808,11.735,11.086,11.883,12.456,12.475,4.266,11.976,21.452,12.318,16.703,16.176,26.069,15.7,41.294,28.399,68.612,63.009,12.38,14.277,1.929,3.4741,100.16,80.794,70.571,43.841,34.76,44.032,8.1997,8.9666,12.194,15.214,127.13,156.52,195.57,139.55,24.713,19.906,25.906,11.002,14.583,11.629,7.6507,1.2141,16.52,15.554,15.022,31.756,36.59,14.644,25.875,25.367,34.227,39.649,54.311,9.8056,15.441,21.549,20.1,17.146,57.148,30.864,27.107,16.384,10.155,10.453,12.317,8.9899,11.06,8.3751,2.0902,2.7111,8.1984,8.8575,18.46,9.3314,6.5975,8.0591,17.078,12.229,13.701,15.747,16.318,16.216,57.155,40.515,21.293,24.742,5.9761,14.14,14.739,16.143,16.585,5.3027,3.6416,10.126,12.645,17.816,31.073,14.368,25.371,6.781,6.3214,6.5761,15.587,14.699,17.157,17.833,17.33,11.9,8.4256,7.74,4.1096,6.0467,6.2361,6.3171,15.613,15.149,6.6906,5.8331,6.0546,13.572,14.998,15.108,14.414,5.374,5.9005
221,204.86,190.7,103.48,95.298,140.97,63.047,92.697,39.306,13.58,2.3031,194.93,188.72,96.423,122,0,7.5598,59.983,75.917,0.37801,10.374,62.559,56.058,113.8,103.34,55.471,30.304,46.161,61.922,72.251,63.359,34.349,56.474,53.498,47.756,81.722,82.664,92.107,73.802,75.395,73.645,63.636,49.105,189.2,205.63,212.18,159.37,175.27,129.85,39.909,62.602,44.155,50.075,59.782,29.259,42.623,24.254,19.056,221.43,141.81,104.61,137.15,134.61,1.2591,6.3515,11.068,13.948,12.906,20.601,15.683,5.035,1.0097,63.25,76.705,75.597,10.954,9.834,12.788,9.3404,5.0021,57.28,78.658,48.725,60.939,56.851,56.798,116.54,85.171,97.628,113.83,120.31,166.77,86.955,74.72,79.478,92.884,83.683,79.666,43.693,41.029,47.298,44.118,34.892,28.881,75.668,80.998,56.944,58.051,59.39,46.887,49.317,37.372,45.163,62.719,47.56,47.524,43.942,46.637,38.149,38.047,57.801,44.807,50.592,40.801,48.763,33.828,39.185,46.899,47.035,84.172,83.567,85.295,82.758,95.363,85.713,88.823,72.006,69.451,91.297,79.339,72.862,73.78,73.297,70.211,67.142,68.031,66.472,68.026,72.774,80.716,58.244,48.126,56.806,50.677,51.902,35.903,51.499,28.059,41.347,31.764,19.907,200.85,202.98,136.61,137.73,13.278,16.145,27.587,19.599,43.328,23.605,102.31,88.726,67.597,60.77,1.6376,2.1571,10.577,1.5896,59.389,51.863,40.47,65.845,63.031,73.618,92.207,101.2,80.571,53.935,53.068,30.099,27.857,58.231,46.68,46.654,41.99,29.678,18.86,65.214,50.657,59.849,43.727,47.71,12.885,41.084,40.376,52.748,83.156,83.998,61.007,88.609,90.742,93.678,94.585,124.27,80.353,81.21,56.798,76.73,81.687,68.773,50.17,60.631,61.991,56.447,51.058,51.405,15.076,22.765,63.026,58.137,76.828,59.516,59.131,49.493,48.751,99.6,101.04,104.24,56.111,59.694,51.591,57.129,41.935,75.949,77.905,76.538,57.9,59.591,47.746,46.613,47.434,83.809,79.999,69.483,82.766,76.212,77.695,77.667,58.021,58.468,74.569,75.556,77.71,56.788,58.919,57.035,76.69,77.676,76.541
198.84,167.94,179.85,91.476,73.305,132.79,44.676,84.742,34.281,18.842,1.9804,174.54,172.69,80.85,101.25,7.5598,0,39.005,52.194,6.916,18.419,36.258,50.404,80.357,92.152,36.558,25.074,47.824,36.541,43.338,40.345,18.578,58.31,43.101,36.929,56.016,55.224,81.208,58.48,52.644,51.026,42.735,35.148,175.25,180.66,183.75,145.81,142.3,120.69,31.874,47.384,41.098,39.574,34.688,13.196,18.214,9.7345,3.8629,179.83,129.98,90.255,112.62,103.62,4.5092,0.46195,5.9761,20.791,14.237,8.1817,16.541,2.7133,5.572,40.243,54.736,51.041,2.864,3.9396,1.7941,9.0193,7.3602,33.043,49.522,49.163,51.066,55.256,53.715,84.195,81.175,93.301,81.993,108.76,128.41,79.576,46.859,68.577,77.255,73.013,71.189,36.89,26.037,38.33,39.307,31.913,25.145,55.23,80.034,53.367,54.88,55.002,48.639,49.21,39.433,23.108,42.758,30.32,28.553,21.99,24.098,19.471,19.845,34.243,24.56,37.421,31.908,25.848,16.298,22.967,38.292,37.827,57.292,56.675,59.208,56.493,65.702,58.578,62.556,47.349,48.755,73.424,67.083,50.464,51.68,52.066,49.704,46.203,47.272,45.744,45.996,48.666,64.681,43.987,30.251,44.687,35.724,36.489,25.561,37.406,13.495,23.485,9.4406,5.3033,163.52,185.54,108.24,106.9,0.81117,2.1306,7.267,16.412,21.644,27.015,72.294,61.666,46.001,40.135,3.4234,12.951,17.833,5.9737,34.106,50.387,39.487,59.341,59.913,69.859,86.435,80.718,51.44,37.502,38.36,26.853,16.186,53.533,48.429,48.002,21.185,33.919,25.493,56.312,39.569,35.763,36.91,38.125,14.869,22.146,23.985,36.27,56.961,57.315,43.21,61.567,61.677,65.658,79.949,111.58,56.811,56.729,35.885,53.583,59.351,52.208,35.175,43.252,41.999,37.911,36.321,36.452,6.5059,14.812,37.751,33.356,58.199,54.721,54.917,39.978,39.478,72.669,75.603,72.511,44.837,37.737,27.254,51.534,41.248,56.318,57.874,56.897,54.201,55.503,38.489,37.446,38.1,81.519,56.378,58.384,69.523,57.9,57.942,57.786,54.397,54.482,56.065,58.527,58.289,49.67,54.929,52.401,49.903,59.974,58.329
65.656,45.118,61.886,16.96,5.7971,38.755,0.63364,17.555,8.4249,27.128,41.678,52.646,54.127,10.725,16.19,59.983,39.005,0,0.9727,65.171,108.29,1.5527,9.5678,8.674,17.825,0.14537,8.7784,17.874,1.0587,2.2692,0.1398,3.8061,20.082,4.3366,3.4977,1.6774,1.9337,13.871,4.18,1.0259,0.80899,0.10348,1.6347,56.951,54.014,54.611,41.222,32.305,32.004,5.5513,2.0821,10.992,3.9,1.1953,6.86,8.1074,9.773,20.094,51.847,34.419,14.926,19.816,15.535,43.875,33.958,19.541,29.664,21.934,11.595,19.693,30.916,45.63,0.13983,1.4011,0.90234,60.825,66.977,51.375,85.485,78.469,1.1003,2.2089,16.401,5.9959,15.001,12.946,9.3071,20.018,24.32,8.5505,24.598,26.816,16.174,1.567,9.6572,9.4563,11.227,12.387,6.7491,1.8716,4.9619,8.895,10.741,10.446,1.7102,22.96,12.325,13.097,11.809,18.119,15.691,17.634,3.0279,0.18548,0.74471,0.81357,3.4832,2.853,3.5119,3.2705,0.67123,1.8755,2.0955,4.8408,2.3749,4.9806,2.2441,5.2516,4.7369,2.0645,1.9811,2.2293,1.8333,4.1575,2.307,2.8606,0.59923,0.66217,7.1417,8.2604,0.74302,0.91776,1.0525,0.81087,0.35761,0.48311,0.33427,0.28839,0.62058,5.4067,2.0879,0.65334,3.3781,1.2063,1.0392,4.258,1.6309,6.6658,1.9586,18.163,16.053,42.9,60.534,17.346,16.787,36.859,25.43,19.171,13.624,3.5126,20.571,5.6216,2.8045,0.29869,0.019053,59.133,83.719,107.38,68.465,1.3852,14.172,13.399,10.738,14.348,16.465,20.196,8.5507,2.2628,0.70868,1.3945,10.792,6.0897,11.165,18.085,17.459,3.3385,21.146,27.197,7.8902,3.4935,0.65432,6.7383,4.4645,22.752,2.4549,1.9555,0.67243,1.8894,2.0282,0.64291,2.7837,3.2895,3.7401,10.937,25.055,1.6706,1.6728,0.074594,1.1556,2.2254,2.3046,1.1845,0.76568,0.13752,0.20309,1.3067,1.2193,15.363,9.225,0.87758,1.2815,2.7731,11.321,11.973,4.6643,4.8078,5.227,6.0187,6.2056,3.9483,0.068334,2.6607,9.8445,13.919,2.0976,2.3178,2.2115,12.37,12.237,4.7432,4.7455,4.6571,21.975,1.5956,6.7055,8.3532,2.8107,2.3994,2.3353,12.494,12.119,2.3612,3.4232,2.5602,8.0386,12.214,10.997,1.2673,3.497,2.9382
52.634,32.888,51.684,13.129,2.5013,32.227,0.99175,15.012,12.144,36.416,55.333,41.383,43.575,7.3637,10.359,75.917,52.194,0.9727,0,81.917,129.79,2.8944,11.039,4.1856,14.063,1.6053,13.902,21.323,2.3317,2.5384,0.83276,8.626,22.314,5.8758,5.8046,0.1439,0.4684,11.157,3.1733,0.043229,0.040318,0.54344,3.7724,46.544,41.819,41.872,32.862,22.171,26.218,9.0501,2.4121,14.181,5.8914,2.777,12.913,13.184,16.847,29.531,38.619,27.482,10.857,12.65,8.7427,57.66,46.416,29.09,39.118,30.937,19.273,27.999,42.769,59.583,0.84821,0.20364,0.04806,76.792,83.806,65.957,104.58,96.907,2.9544,1.5429,19.372,6.6284,16.762,14.556,4.3996,18.565,21.693,3.8827,19.362,17.655,14.22,1.264,8.1889,6.4369,9.3459,11.057,9.7448,5.3406,7.3715,11.951,15.255,15.88,0.56231,22.263,13.869,14.553,12.994,21.488,18.523,22.309,6.7469,0.68133,3.3002,3.5539,7.4402,6.3753,8.0101,7.7016,2.3184,5.2999,4.0044,8.1865,5.5487,10.223,6.161,7.7278,7.1756,0.34058,0.33555,0.28603,0.22428,1.3593,0.41592,0.5063,0.2413,0.30432,4.2341,6.7385,0.058831,0.094413,0.23564,0.34411,0.32008,0.31503,0.37188,0.21648,0.098529,3.6282,2.9697,3.1737,4.4545,3.1453,2.8172,8.3838,3.4271,12.721,5.674,26.13,24.707,30.976,48.958,10.27,9.7027,49.364,35.972,27.71,20.848,7.5385,27.585,2.0466,0.53379,0.2494,0.84464,75.263,102.53,128.79,85.729,3.0717,16.536,17.286,11.017,15.246,16.172,17.902,4.6416,1.3212,2.2367,2.9836,16.049,11.807,12.458,21.48,20.805,7.4507,27.266,35.58,8.0755,5.396,2.0476,9.7287,6.7997,31.815,6.3878,5.6702,2.3752,0.22292,0.30537,1.2482,0.52551,0.98837,0.96903,7.7876,19.412,0.12704,0.094642,1.5233,0.033274,0.44865,1.8861,3.1995,1.4038,0.73704,1.4903,3.1831,3.0526,24.041,15.796,1.95,3.0889,1.434,12.456,13.204,6.7584,7.0094,1.6932,2.2431,2.5993,5.1293,1.1896,5.5973,11.192,17.638,0.8865,0.88896,0.93105,13.791,13.427,7.0823,7.2438,7.0372,20.846,0.10114,6.2987,6.4344,1.5371,0.98653,0.92962,13.909,13.448,1.2831,2.2119,1.1364,9.3182,13.49,12.435,0.52351,2.0488,1.6252
235.6,216.07,205.54,113.71,103.23,153.79,69.161,102.82,45.675,18.094,2.7326,208.66,202.8,105.64,131.92,0.37801,6.916,65.171,81.917,0,7.0112,66.468,63.855,120.35,113.67,60.721,35.666,54.004,66.055,76.395,68.347,37.889,65.189,60.334,53.98,87.726,88.287,101.78,81.444,81.589,79.716,69.206,54.843,203.59,219.12,225.38,172.42,185.8,141.97,45.85,69.343,51.268,56.579,63.758,31.893,44.323,26.482,19.527,232.43,154.21,114.55,147.26,143.22,2.2871,6.5333,13.408,18.652,16.859,22.817,20.025,6.3204,2.1745,68.23,83.198,81.354,8.294,7.0035,10.523,6.0218,2.653,61.233,83.403,56.661,68.501,65.23,64.994,123.59,95.302,108.5,120.81,131.6,175.59,96.78,79.461,88.289,101.85,92.823,88.848,50.218,45.65,53.809,50.985,41.107,34.316,82.421,91.191,65.09,66.337,67.627,54.803,57.245,44.447,48.251,68.431,52.378,51.881,46.886,49.767,41.351,41.387,62.027,48.447,56.639,46.682,52.061,36.738,43.262,53.434,53.48,90.081,89.42,91.508,88.706,101.48,91.688,95.284,77.402,75.61,99.756,87.926,78.918,79.989,79.669,76.481,73.034,74.047,72.352,73.731,78.389,88.752,64.789,52.845,63.629,56.36,57.607,40.967,57.446,30.981,45.245,31.874,21.031,211.77,217.49,145.92,146.57,12.16,16.082,27.689,23.907,46.276,29.329,108.89,94.977,73.37,66.125,0.76799,1.1762,7.123,0.43929,63.256,59.849,47.501,74.299,71.711,82.995,102.57,109.84,85.507,59.616,59.039,35.751,31.569,66.335,54.577,54.508,45.048,36.178,24.262,73.27,57.11,64.149,50.252,54.154,16.922,44.626,44.559,58.3,89.158,89.944,67.061,94.855,96.628,100.09,103.83,135.61,86.781,87.481,61.671,82.944,88.508,75.769,55.792,66.743,67.626,61.888,56.825,57.161,17.346,26.605,67.318,62.017,84.061,67.71,67.371,56.117,55.347,106.75,108.64,110.51,63.024,64.591,54.779,65.022,49.14,82.901,84.93,83.536,66.107,67.883,54.251,53.025,53.895,94.044,86.378,77.524,91.436,83.461,84.762,84.705,66.247,66.684,81.647,83.009,84.849,64.435,67.17,65.051,81.942,85.163,83.837
321.5,292.7,287.94,175.85,159.1,226.04,115.39,162.85,87.67,47.605,16.139,289.93,283.89,164.67,196.22,10.374,18.419,108.29,129.79,7.0112,0,105.99,112.52,174.62,175.98,103.29,73.218,99.927,106.21,118.03,111.39,71.507,114.96,106.59,97.664,136.42,135.97,160.97,133.31,129.94,127.47,114.01,97.604,285.18,301.16,307.51,247.86,257.76,211.48,87.135,117.12,95.813,101.39,103.09,61.558,73.152,53.7,39.12,309.98,226.05,176.34,213.94,205.75,16.943,21.072,37.323,48.38,45.434,49.134,50.536,24.38,16.916,111.23,132.58,128.48,10.95,8.0081,16.127,2.5852,2.4928,100.12,127.83,103.5,117.81,114.87,114.42,179.66,153.78,170.47,176.38,198.29,242.05,155.25,123.35,143.63,159.81,149.55,144.88,93.629,83.811,98.035,95.133,81.584,71.596,132.36,148.73,114.49,116.2,117.76,101.01,104.26,86.759,82.372,113.5,92.327,90.458,80.319,84.274,74.622,75.085,101.87,84.316,100.47,88.044,87.473,68.235,79.469,97.62,97.504,138.82,137.91,141.3,137.38,152.26,140.83,146.26,122.94,122.98,156.33,142.8,126.51,128.15,128.21,124.28,119.3,120.8,118.48,119.6,124.69,142.68,111.3,92.61,110.53,99.275,100.81,79.245,101.2,61.331,81.316,52.718,43.316,287.26,301.1,210.54,210.09,23.512,32.798,47.691,55.899,79.619,65.019,161.91,145.33,119.37,109.86,7.4868,3.7618,0.021597,4.8488,102.18,107.68,90.843,126.26,123.32,137.99,162.84,168.31,130.79,103.12,103.15,73.804,64.304,115.99,100.71,100.61,78.53,75.023,57.209,124.41,101.92,104.53,93.674,98.324,45.611,79.526,81.312,101.24,138.04,138.77,112.79,145.18,146.15,151.55,162.65,203.05,136.51,136.88,103.35,131.55,139.51,125.24,98.453,112.56,112.36,105.17,100.03,100.4,42.35,58.416,108.14,100.8,135.43,117.81,117.44,101.07,100.08,161.07,164.4,162.84,109.99,106.8,90.268,114.1,93.141,133.41,135.92,134.25,115.83,118.14,98.561,96.884,98.043,152.31,135.92,129.48,147.09,134.77,135.84,135.7,116.02,116.56,132.26,134.72,136.11,113.01,117.21,114.29,127.69,137.3,135.31
