0,0.65611,199.28,67.991,15.501,27.431,31.051,56.061,55.208,68.151,63.293,63.797,71.788,79.978,79.95,134.15,130.79,113.75,88.583,85.2,77.277,31.707,29.177,26.276,10.516,3.884,15.527,2.5261,165.33,164.48,179.17,228.43,279.69,316.35,323.94,188.44,205.91,144.26,143.92,140.26,126.68,137.47,127.92,134.89,102.66,125.19,123.81,149.94,88.775,80.757,119.5,65.759,60.39,63.592,63.753,8.2118,4.6925,3.7527,13.152,10.03,7.238,12.667,24.2,39.724,33.472,34.533,47.378,44.401,33.789,79.434,65.625,63.756,66.956,67.595,70.345,79.907,60.66,62.956,67.984,72.478,65.325,69.465,78.634,78.709,86.195,78.969,84.464,81.538,125.18,122.23,98.814,98.201,97.832,98.843,101.8,101.29,114.79,88.908,88.909,86.832,92.437,88.56,87.177,88.662,96.157,86.133,80.172,34.459,43.066,7.3031,22.397,4.0514,0.21573,10.92,7.3355,0.024844,8.0358,7.4138,0.19879,2.3483,0.39338,12.158,0.64372,169.17,152.43,174.69,129.14,180.49,178.48,185.75,149.95,157.65,121.67,115.78,130.33,127,110.01,119.75,75.209,82.569,64.848,64.074,66.166,65.05,63.87,63.885,5.7714,19.464,15.996,15.14,17.86,75.143,58.284,39.594,67.953,57.244,47.848,67.019,75.067,69.69,62.805,64.16,68.065,69.643,78.721,75.51,63.433,86.621,70.315,77.105,79.717,78.158,83.082,83.381,84.998,86.377,82.784,83.711,84.325,127.03,104.72,99.068,97.175,82.165,98.642,92.998,97.266,88.711,88.217,89.877,88.762,96.984,84.719,92.272,73.169,91.238,97.106,78.329,85.744,129.73,128.35,126.72,127.13,64.335,66.392,65.898,91.277,77.718,83.543,91.495,64.432,64.125,63.324,65.563,61.919,65.066,60.79,67.138,63.993,69.193,71.082,68.331,73.937,69.114,72.144,70.035,64.262,63.434,65.077,65.441,69.092,69.943
0.65611,0,220.02,81.051,22.515,33.518,40.684,68.507,65.698,81.556,73.107,73.276,83.301,91.681,91.19,148.35,149.37,131.01,101.91,98.719,89.505,38.119,35.429,31.502,15.14,7.5164,18.798,5.7435,184.44,184.09,199.34,251.44,305.78,342.88,351.54,206.68,228.31,161.14,161.1,156.76,141.28,153.92,142.59,149.05,119.37,143.28,139.95,164.64,99.552,95.494,135.25,78.629,72.834,76.431,76.544,13.408,6.5457,5.9011,19.537,15.815,12.09,18.68,32.535,50.309,39.475,42.81,58.762,54.759,42.705,94.326,79.053,77.134,80.306,80.927,84.015,92.316,70.053,72.656,78.052,83.483,74.705,79.816,89.527,89.668,97.651,90.002,95.718,92.639,138.49,140.11,110.49,109.85,109.49,110.75,113.54,113.18,127.51,102.27,102.27,99.969,106.15,101.73,99.714,104.12,112.12,96.637,90.68,40.734,54.205,8.0766,30.649,6.308,0.95216,12.215,5.5741,0.46024,11.372,9.9607,0.14377,2.0405,0.92068,13.571,0.83775,185.63,171.59,194.77,144.42,201.72,195.35,203.35,165.59,173.78,136.77,129.43,145.17,141.23,122.76,133.02,87.66,96.027,77.793,77.002,79.251,77.928,76.652,76.686,9.8558,26.834,22.955,18.887,22.764,84.768,68.549,49.826,79.53,69.631,58.927,80.788,88.895,83.258,72.457,73.926,77.669,79.736,89.228,87.34,76.666,101.98,82.865,87.812,90.689,88.745,94.434,94.587,96.067,97.815,93.995,95.161,95.542,145.27,121.23,110.84,108.77,92.915,110.58,108.67,112.74,102.04,101.52,103.43,102.09,111.24,97.457,105.81,84.955,104.65,111.22,89.939,97.24,145.02,142.76,141.5,141.74,77.121,79.405,79.17,103.86,92.422,96.334,104.59,77.251,76.91,76.071,78.461,74.478,77.904,72.366,80.261,76.768,82.385,84.47,81.895,87.966,82.653,85.984,83.697,77.142,76.201,78.318,78.706,82.73,83.527
199.28,220.02,0,36.093,113.16,89.263,84.996,51.124,46.122,38.627,46.836,49.16,34.904,32.058,34.823,17.904,16.585,19.027,23.251,24.051,30.263,83.915,86.747,97.835,120.37,167.24,126.25,160.4,1.6332,2.7184,0.94371,2.3039,11.877,13.923,17.899,5.1233,3.8274,5.7025,5.0262,6.8533,14.617,7.0741,14.33,18.279,27.702,16.289,9.1685,17.485,37.933,33.71,10.572,37.778,42.406,40.586,39.973,146.05,158.16,157.19,135.63,132.05,152.11,147.74,88.174,67.185,86.763,69.624,57.094,55.74,68.954,40.73,44.271,48.799,40.116,38.785,37.883,28.792,50.355,47.693,44.222,37.382,49.712,42.04,37.24,36.788,32.943,36.266,34.393,35.599,22.599,17.067,31.605,31.756,31.638,29.88,31.277,30.133,25.429,23.053,23.067,24.311,21.088,23.736,26.593,30.713,25.737,40.004,39.938,83.8,67.148,168.32,114.11,155.16,192.03,156.14,213.11,201.61,197.36,210.96,209.31,197.32,210.04,246.5,196.87,10.438,5.2309,1.5863,11.385,5.6959,10.115,7.6842,11.545,10.05,12.205,19.356,13.589,16.733,24.703,22.167,30.346,25.341,39.54,40.59,38.723,38.759,39.73,39.849,137.23,95.555,106.3,121.34,107.39,47.099,45.6,63.176,36.025,47.353,53.29,49.036,32.329,37.809,48.068,46.991,47.657,43.811,40.005,32.409,46.214,33.107,32.851,38.657,36.617,39.439,33.811,34.769,35.679,33.048,34.771,33.128,34.653,16.171,20.886,30.905,32.105,38.074,29.636,26.502,19.932,23.213,23.407,22.27,23.179,18.591,26.248,21.616,33.298,22.288,18.838,32.859,32.701,11.366,15.864,13.658,14.623,39.127,37.849,41.136,25.829,40.531,26.375,23.373,39.207,39.399,40.264,38.2,40.979,38.471,40.027,37.61,39.518,35.393,34.278,40.316,36.018,38.472,36.797,38.354,39.895,40.253,42.375,41.945,39.854,37.562
67.991,81.051,36.093,0,21.444,19.454,10.593,1.8371,4.0147,0.36805,10.457,12.625,5.4191,8.1268,10.531,25.043,11.622,6.7269,4.7656,2.7924,4.5199,18.55,18.854,24.874,27.991,48.109,36.792,45.309,22.371,21.156,26.985,47.371,71.995,91.86,95.14,38.775,37.298,18.315,17.067,17.589,18.464,16.299,18.835,25.71,5.977,9.6454,10.542,32.217,17.926,1.6821,9.8417,0.019356,0.25506,0.18585,0.11586,36.941,48.903,47.206,31.932,30.107,40.019,38.092,11.55,4.8654,21.832,8.9323,2.4676,2.8001,6.6175,3.7554,1.4895,2.6488,0.52846,0.31819,0.565,4.8363,11.669,10.945,11.195,8.1952,13.959,10.304,11.777,11.449,12.549,11.167,12.768,12.098,24.493,8.8864,18.297,18.094,17.808,16.939,19.591,18.424,21.59,4.7615,4.7817,4.7599,4.9034,5.3605,7.4887,2.8268,3.4053,18.105,14.807,20.345,5.2832,57.648,22.538,46.179,64.621,52.791,84.343,69.617,64.78,72.591,74.434,70.807,73.411,94.15,68.412,35.132,16.821,25.028,16.636,27.18,39.031,40.056,27.182,29.473,13.388,17.049,19.384,20.511,18.569,21.449,2.8669,2.0905,0.13323,0.2306,0.12949,0.056575,0.096568,0.10899,34.396,14.732,18.74,33.161,25.415,17.524,6.0237,3.8631,3.6705,0.92391,1.7657,3.5577,0.22978,0.43139,11.156,11.117,13.963,11.853,14.051,5.5282,1.6617,3.0433,1.0807,12.051,11.89,13.283,11.499,12.464,14.108,12.737,12.127,11.288,12.902,10.226,4.5258,17.877,17.831,14.446,16.636,2.7585,2.6146,4.817,4.6799,4.4672,4.8132,4.9024,5.4859,5.4955,4.7607,5.5706,5.4398,7.8255,12.092,16.929,20.432,17.589,18.701,0.063012,0.039106,0.60932,9.2819,3.1993,4.7679,6.9878,0.071134,0.076933,0.12709,0.033333,0.15501,0.038606,1.5747,0.062692,0.082453,0.0067487,0.041167,0.83519,0.78301,0.49104,0.62852,0.6281,0.13761,0.13112,0.79958,0.74609,0.85476,0.41675
15.501,22.515,113.16,21.444,0,14.049,2.6866,13.319,20.328,20.292,30.854,32.82,31.377,38.26,40.277,78.907,57.62,46.933,39.363,35.379,33.441,16.532,14.915,16.904,5.4351,5.4226,16.059,5.5151,87.606,84.809,96.431,131.69,168.29,201.51,204.55,113.38,112.84,76.936,75.341,74.719,69.986,72.293,70.863,79.783,39.038,54.269,60.624,91.855,50.738,26.579,58.256,20.178,17.039,18.373,18.694,2.0983,13.093,10.935,1.4178,0.74466,2.8761,3.0614,1.6589,6.1834,20.03,10.866,9.7083,11.03,7.4935,25.016,18.059,16.701,19.451,20.069,21.257,35.133,30.242,31.038,34.148,34.243,34.71,34.289,40.563,40.344,45.247,40.261,44.499,42.396,74.232,52.316,56.316,55.845,55.436,55.293,58.835,57.688,66.917,39.513,39.536,38.518,41.312,40,41.424,30.988,35.823,49.439,43.743,19.71,7.0822,20.509,1.5135,10.678,15.033,21.23,33.104,16.545,12.023,15.327,19.096,21.617,16.917,26.203,17.904,102.62,75.272,92.522,69.376,93.514,109.77,113.55,87.732,92.964,63.058,63.753,72.415,71.888,62.198,69.236,30.556,33.181,19.086,18.471,19.723,19.515,18.838,18.777,3.9372,1.4723,0.36812,13.503,10.668,42.929,24.161,7.3247,27.512,14.514,11.233,18.21,24.84,21.052,31.114,31.877,36.301,35.607,42.372,33.502,16.865,29.561,25.606,39.941,41.244,41.476,42.746,43.679,45.832,45.493,43.09,42.911,44.531,55.406,41.521,56.129,55.113,44.559,54.954,34.052,38.633,39.481,39.093,39.629,39.501,43.304,38.241,41.906,31.493,41.503,44.021,37.116,44.642,69.904,72.439,69.221,70.396,19.229,20.196,18.814,45.128,24.146,36.908,43.087,19.192,19.051,18.486,19.895,17.955,19.687,20.884,20.443,18.97,22.011,22.95,19.892,23.115,20.656,22.218,21.014,18.813,18.506,18.217,18.449,20.289,21.214
27.431,33.518,89.263,19.454,14.049,0,16.603,20.536,7.4549,22.753,7.7694,7.6913,12.564,15.123,14.446,41.016,60.696,48.694,21.431,21.511,15.579,0.15895,0.026961,0.34848,4.421,24.738,3.2049,18.043,68.396,71.17,78.82,113.73,155.49,173.69,184.44,75.461,102.47,51.177,52.132,48.372,38.04,47.118,38.712,41.345,46.654,55.836,41.336,49.651,17.556,31.556,38.419,18.612,17.076,19.258,18.718,21.657,10.781,11.292,23.362,16.975,23.157,28.532,9.2565,14.234,0.53202,2.0777,15.29,8.1691,4.564,35.977,25.212,26.905,22.884,22.26,24.515,16.664,6.709,7.5799,9.3754,11.788,8.1444,10.086,13.629,13.717,16.925,13.882,16.083,14.861,35.775,54.091,22.298,22.012,21.856,22.455,23.68,23.525,30.297,21.627,21.61,20.421,23.658,20.941,18.931,36.57,39.134,16.367,13.939,0.52015,18.325,12.507,23.579,10.745,23.597,9.3031,26.582,27.731,42.897,46.817,29.944,22.403,33.364,64.266,23.952,61.959,65.594,76.993,40.495,87.503,67.589,72.739,50.784,55.457,37.049,31.705,40.101,37.61,28.096,33.094,15.905,20.916,19.667,19.893,20.414,18.951,18.569,18.743,9.8618,6.9329,9.8908,2.4877,1.037,11.772,7.2638,10.031,12.004,18.469,11.69,30.313,23.9,23.695,7.4996,7.981,9.1417,9.9242,13.383,14.157,24.514,36.684,15.915,12.929,14.085,13.221,15.671,15.635,16.141,16.978,15.419,16.006,15.998,57.253,42.4,22.464,21.53,14.836,22.392,36.86,33.666,21.462,21.29,22.484,21.496,26.695,18.733,23.028,13.524,22.345,26.181,14.466,16.797,40.758,38.482,38.394,38.249,18.424,19.622,22.674,20.333,34.228,18.597,21.538,18.673,18.491,18.493,18.924,17.416,18.58,11.491,20.329,18.461,20.181,21.257,24.623,26.64,23.711,25.443,24.633,19.317,18.633,22.927,22.934,25.025,23.732
31.051,40.684,84.996,10.593,2.6866,16.603,0,4.3892,13.952,9.0542,25.126,27.629,22.476,28.658,31.43,63.126,35.839,27.757,26.819,22.73,23.147,18.252,17.07,21.041,11.925,15.412,24.464,15.864,63.119,59.711,69.907,99.309,129.98,161.22,162.63,89.329,82.266,56.55,54.525,55.059,53.813,52.825,54.534,64.041,21.407,33.374,42.203,74.732,42.308,12.795,40.622,9.7446,7.5949,8.1798,8.5372,8.9026,25.163,22.593,5.9627,6.1046,10.438,8.6222,1.1738,1.124,22.362,9.3173,2.8359,5.6464,5.0599,11.349,7.113,6.0794,8.3956,8.9608,9.5344,24.425,25.342,25.515,27.777,26.12,29.617,27.379,32.346,32.015,35.778,31.797,35.437,33.709,60.223,31.851,45.995,45.589,45.173,44.574,48.278,46.902,54.259,26.896,26.927,26.345,27.983,27.69,30.161,15.767,19.41,41.574,36.106,21.506,1.1188,34.378,2.2442,22.093,30.175,33.749,52.27,32.492,23.452,28.418,36.023,38.335,33.056,42.091,33.975,82.023,51.367,66.313,52.034,65.644,88.209,90.585,69.072,73.255,46.3,49.526,55.722,56.293,49.656,55.49,20.037,20.772,8.655,8.1368,9.0117,9.1377,8.6815,8.5967,12.034,2.8082,2.8382,21.067,15.964,37.003,17.955,2.6021,18.719,5.4707,4.6151,6.9254,12.491,9.4951,25.679,26.185,30.707,29.119,34.799,23.916,6.3535,14.652,15.243,32.099,32.85,33.791,33.579,34.74,37.058,36.044,34.168,33.555,35.536,34.226,23.823,45.635,44.988,36.434,44.189,18.2,22.629,26.929,26.594,26.684,26.937,28.946,26.783,28.849,22.095,28.699,29.866,27.741,35.126,52.527,56.521,52.755,54.2,9.0226,9.5422,7.95,33.616,10.8,25.429,30.75,8.9397,8.8664,8.4203,9.4479,8.234,9.3554,12.536,9.5972,8.8084,10.9,11.447,8.4935,10.678,9.1894,10.145,9.3336,8.5097,8.4071,7.4778,7.6463,8.7389,9.615
56.061,68.507,51.124,1.8371,13.319,20.536,4.3892,0,7.8357,0.88873,17.381,20.028,12.059,16.422,19.44,40.308,15.628,10.251,12.392,9.1303,11.337,20.682,20.349,26.22,23.447,35.714,35.44,35.001,34.589,31.772,39.393,61.942,86.956,112.41,113.74,56.942,48.759,31.235,29.306,30.446,31.928,28.707,32.42,41.141,7.0514,13.834,20.666,49.359,29.087,2.2725,19.868,1.5716,0.9388,0.85511,1.0534,25.579,42.832,40.409,20.583,20.336,28.158,25.238,6.6367,1.4037,24.769,9.7337,0.4445,3.0095,5.8179,2.3539,0.37814,0.42957,0.66803,0.88182,0.99479,11.996,18.449,17.919,18.894,15.751,21.796,18.006,20.826,20.437,22.488,20.122,22.596,21.507,39.324,12.856,30.391,30.106,29.739,28.787,32.138,30.728,35.35,12.398,12.429,12.31,12.714,13.272,16.154,3.7225,5.4582,29.032,24.589,23.368,1.0967,52.803,12.482,39.561,53.93,49.698,77.164,57.79,48.112,55.142,62.374,62.1,59.8,73.579,58.217,52.987,25.728,36.648,29.51,36.277,57.714,58.784,43.147,45.987,25.121,29.867,33.15,34.534,31.467,35.433,8.7161,7.8223,0.98469,0.77414,1.0431,1.2626,1.1296,1.0731,27.028,9.8788,12.166,31.502,24.098,27.149,11.097,2.0262,9.1951,0.19033,1.3245,0.9511,2.2479,1.0038,18.15,18.292,22.168,19.89,23.545,12.581,0.23663,3.3272,5.2577,20.994,21.074,22.577,20.927,22.127,24.251,22.732,21.662,20.726,22.744,14.422,7.8204,29.916,29.715,24.372,28.411,4.7793,7.2229,12.474,12.249,11.977,12.471,12.732,13.246,13.61,11.299,13.688,13.599,15.882,21.892,29.902,34.462,30.791,32.24,1.2882,1.3451,0.54292,18.785,1.9722,12.146,15.721,1.2191,1.2146,1.0381,1.3967,1.1235,1.406,4.9502,1.2856,1.1953,1.882,2.0085,0.67156,1.3753,0.89788,1.192,0.92593,0.96933,1.0146,0.41259,0.45493,0.74265,1.0451
55.208,65.698,46.122,4.0147,20.328,7.4549,13.952,7.8357,0,6.45,1.9005,2.8166,1.2072,2.8139,3.5275,19.163,26.828,19.224,3.9689,3.6735,1.8548,6.344,6.8618,10.56,17.775,42.901,20.331,37.141,31.137,32.617,38.092,63.275,94.917,110.57,118.24,39.853,54.652,21.062,21.175,19.495,15.24,18.502,15.663,19.584,19.463,23.515,14.167,25.781,7.6953,10.894,12.588,3.8476,3.8774,4.7709,4.3338,34.511,33.479,33.173,32.34,27.592,37.234,39.023,10.582,7.9289,7.8881,2.4485,6.0928,1.867,3.1719,15.211,9.1614,11.242,6.8371,6.1854,7.3674,2.2825,2.239,2.0695,2.52,1.9034,3.5053,2.3057,3.8112,3.6977,5.095,3.6268,4.9339,4.2924,16.898,22.475,9.3323,9.1471,8.966,8.7713,10.38,9.7939,13.576,4.0431,4.0413,3.5857,4.8768,3.9252,3.8275,13.487,14.181,7.4406,5.2299,6.972,10.357,38.481,26.207,32.237,50.864,33.226,61.291,56.207,62.881,69.533,60.067,52.678,61.898,91.307,52.888,32.228,28.827,36.685,15.598,43.96,36.341,39.086,24.097,27.053,12.981,12.146,16.455,15.888,11.442,14.539,1.6474,3.3971,4.7997,5.1446,5.0751,4.2301,4.1994,4.3238,25.543,11.393,16.035,18.126,12.834,5.9755,0.29143,4.5515,0.66135,5.7414,3.1711,13.452,5.9175,6.8536,2.1446,2.2124,3.6987,2.9201,4.7385,1.6857,9.1617,14.043,1.6709,3.7392,3.9852,4.3528,4.2797,4.6725,5.5335,5.1904,4.4667,4.2933,4.9662,24.445,15.432,9.1952,8.8713,5.3109,8.6157,12.865,9.8063,3.9924,3.8957,4.316,4.0043,6.151,3.1566,4.7602,1.2979,4.5123,6.0358,2.5114,4.8649,15.817,16.206,15.051,15.42,3.9983,4.4413,6.9237,4.9297,14.04,2.9254,4.6006,4.1568,4.0895,4.2615,4.1066,3.7853,3.9613,0.58354,4.8067,4.0957,4.3027,4.7209,7.9407,8.2916,6.9983,7.7131,7.5364,4.6664,4.3404,7.3417,7.2535,8.0899,6.8256
68.151,81.556,38.627,0.36805,20.292,22.753,9.0542,0.88873,6.45,0,14.563,17.097,8.606,11.947,14.836,30.737,10.357,5.8682,7.5365,4.9101,7.4503,22.155,22.256,28.691,29.518,46.674,40.345,44.979,24.439,22.294,28.645,48.643,71.997,94.097,96.03,43.847,37.5,21.734,20.049,21.156,23.184,19.695,23.576,31.495,4.3056,8.6872,13.083,38.495,23.43,0.72157,12.529,0.3517,0.40777,0.14722,0.21667,35.225,51.06,48.908,29.667,28.811,38.247,35.344,11.181,4.0782,25.979,11.085,1.9349,3.7208,7.7728,1.8535,0.39857,1.0981,0.019797,0.0028896,0.033511,7.8317,15.909,15.125,15.52,12.02,18.666,14.498,16.305,15.92,17.203,15.589,17.468,16.686,30.412,7.9276,23.79,23.564,23.237,22.215,25.247,23.905,27.32,7.5197,7.5468,7.5851,7.5707,8.3281,11.081,1.6612,2.5099,23.634,19.835,24.403,3.9206,60.845,19.964,47.908,65.284,56.508,87.706,69.925,61.619,69.458,74.869,72.824,72.897,90.185,69.545,40.902,17.42,26.382,20.782,26.896,44.969,45.669,32.509,34.809,17.122,21.934,24.124,25.646,23.907,27.021,5.2705,3.9719,0.12483,0.096045,0.082392,0.23398,0.24399,0.21715,34.944,14.841,18.29,36.358,28.221,22.897,9.1109,3.95,6.3408,0.48503,2.066,1.6551,0.31749,0.010101,15.368,15.354,18.726,16.314,18.954,8.7477,0.52491,1.6565,2.7084,16.62,16.441,18.062,15.978,17.114,19.032,17.423,16.719,15.726,17.625,9.2013,3.9192,23.301,23.271,19.424,21.865,1.9855,3.0645,7.6011,7.4338,7.0827,7.5942,7.3258,8.5894,8.3779,7.7761,8.5166,8.0741,11.586,16.667,21.114,25.491,22.11,23.453,0.29173,0.19724,0.047417,13.221,1.4614,7.6798,10.349,0.25098,0.26844,0.23749,0.27011,0.37821,0.30574,3.3079,0.13317,0.26752,0.32961,0.31251,0.094463,0.15498,0.011277,0.075846,0.042575,0.15105,0.21995,0.11218,0.089704,0.1018,0.012225
63.293,73.107,46.836,10.457,30.854,7.7694,25.126,17.381,1.9005,14.563,0,0.10217,1.2733,1.3967,1.0318,13.177,36.533,28.111,4.828,6.0253,2.4475,5.9207,6.9226,9.757,22.324,54.396,20.321,46.119,33.08,36.667,40.881,66.695,100.99,111.43,122.11,34.929,60.604,20.089,21.186,18.213,11.469,17.622,11.837,13.393,30.282,32.555,15.295,18.398,2.4698,20.253,13.413,10.39,10.876,12.175,11.419,46.508,36.832,37.551,45.498,38.565,49.396,53.333,19.17,17.275,6.2478,5.2099,14.776,7.2834,8.1809,26.733,18.944,22.093,15.28,14.183,15.834,2.7081,0.067675,0.006444,0.088342,0.5425,0.25519,0.15125,0.8321,0.84506,1.7733,0.88176,1.5248,1.1555,10.475,31.536,4.0475,3.9212,3.833,3.9678,4.7117,4.5164,7.6469,4.9283,4.9109,4.3368,5.9389,4.3438,2.8603,23.252,23.275,2.1816,1.1312,5.5134,20.983,39.529,39.904,36.54,57.778,33.02,62.191,63.971,78.397,85.057,67.58,56.556,71.552,108.86,58.765,25.857,34.165,40.191,13.093,51.146,29.543,32.969,18.827,21.715,11.447,8.0852,12.616,11.193,6.4151,8.9251,3.4378,6.3013,12.124,12.762,12.475,11.13,11.178,11.392,32.409,18.967,24.941,18.896,14.402,1.1621,0.70519,11.909,1.9165,14.113,9.9556,25.081,12.936,15.074,0.013134,0.011865,0.29763,0.17224,0.9279,1.6468,19.069,24.33,5.2471,0.68319,0.94724,0.82372,1.3726,1.3831,1.623,1.7956,1.3108,1.4724,1.506,33.623,23.807,4.0613,3.7196,1.3049,3.9185,21.702,15.834,4.8209,4.7957,5.5135,4.8392,7.7266,3.3011,5.3412,1.7355,4.9585,7.1372,1.242,1.7228,13.221,11.669,11.725,11.578,10.788,11.374,15.497,3.1568,25.2,3.5084,4.1159,11.057,10.966,11.329,10.868,10.61,10.658,4.0068,11.932,10.988,10.837,11.356,16.901,16.948,15.357,16.212,16.128,11.946,11.456,16.209,16.047,17.071,15.006
63.797,73.276,49.16,12.625,32.82,7.6913,27.629,20.028,2.8166,17.097,0.10217,0,2.011,1.8889,1.2499,13.217,40.184,31.401,6.0008,7.5063,3.3966,5.7571,6.8235,9.3343,22.801,56.005,19.736,47.196,35.373,39.43,43.499,69.883,105.15,114.7,126.11,35.807,64.164,21.486,22.813,19.493,11.984,18.968,12.353,13.389,33.843,36.005,16.966,18.258,2.1071,23.23,14.964,12.547,13.049,14.487,13.665,48.459,36.646,37.603,47.854,40.42,51.323,55.844,20.987,19.59,5.7931,5.9344,17.094,8.832,9.4245,30.136,21.792,25.131,17.867,16.684,18.475,3.6548,0.052789,0.060444,0.13227,0.93435,0.037754,0.2917,0.90537,0.95226,1.8722,1.0208,1.5754,1.2325,10.293,34.957,3.8158,3.6964,3.6275,3.863,4.4207,4.3214,7.4622,6.1117,6.0906,5.4597,7.2118,5.4101,3.5687,26.419,26.397,1.7694,0.93524,5.1358,23.623,38.743,42.656,36.595,58.076,32.084,60.975,64.379,80.707,87.243,67.864,56.124,72.326,111.25,58.785,26.184,37.097,42.929,13.952,54.751,29.857,33.525,19.228,22.182,12.456,8.3949,13.158,11.478,6.4031,8.886,4.6449,7.8753,14.438,15.128,14.826,13.355,13.402,13.635,33.23,20.442,26.598,18.53,14.368,0.693,1.3092,13.798,2.8853,16.533,11.873,28.326,15.334,17.654,0.046672,0.050929,0.087676,0.16135,0.78518,2.4153,21.909,27.578,6.8017,0.71264,1.022,0.74615,1.5322,1.4485,1.551,1.8783,1.4017,1.6635,1.5412,37.123,26.882,3.873,3.4998,1.1645,3.8386,24.731,18.308,5.988,5.9733,6.7846,6.0086,9.1806,4.2479,6.4967,2.5855,6.0678,8.4805,1.7468,1.8614,14.063,12.011,12.352,12.081,12.978,13.626,18.096,3.7218,28.506,4.545,5.0025,13.272,13.171,13.564,13.07,12.769,12.838,5.3783,14.237,13.195,13.044,13.613,19.617,19.681,17.958,18.887,18.792,14.241,13.703,18.856,18.684,19.803,17.581
71.788,83.301,34.904,5.4191,31.377,12.564,22.476,12.059,1.2072,8.606,1.2733,2.011,0,0.37606,0.87726,10.769,24.216,17.546,1.2528,1.759,0.19827,10.581,11.611,15.881,27.44,58.442,28.408,51.431,22.606,24.967,28.95,51.338,81.305,92.901,101.42,27.611,45.144,13.066,13.513,11.713,7.9079,11.055,8.2151,11.094,19.728,20.998,8.4372,15.861,3.7012,12.393,7.1092,5.5352,6.3599,7.0827,6.4821,48.624,45.464,45.525,45.902,40.339,51.85,53.795,18.807,14.124,11.755,6.7527,10.93,5.6294,8.2905,18.016,12.435,15.303,9.2815,8.3449,9.4653,0.307,1.9024,1.4591,1.2407,0.29486,2.4452,0.89521,1.2224,1.1212,1.6347,1.0397,1.6428,1.3601,9.2088,20.202,4.2843,4.1685,4.0367,3.786,4.9849,4.4997,6.8988,1.3034,1.2967,1.0079,1.8542,1.0824,0.75296,14.445,14.11,3.7317,2.3109,10.655,16.8,50.112,38.023,44.415,66.551,43.408,75.692,72.817,81.51,89.062,77.061,67.47,79.697,113.51,68.48,21.015,22.56,28.124,8.3626,36.619,24.367,26.745,14.563,16.915,6.6185,5.6963,8.8034,8.3364,5.3457,7.4562,0.55799,1.929,6.9375,7.5031,7.1056,6.1533,6.2865,6.4495,37.404,20.017,26.036,26.199,20.142,3.568,0.73601,9.7853,0.19511,9.2293,7.0543,17.603,6.8458,8.8998,1.5427,1.4323,2.2818,1.3963,2.0191,0.048502,12.74,15.469,1.6917,1.3084,1.2675,1.7346,1.2199,1.5165,2.1091,1.6989,1.3966,1.1818,1.6818,21.854,14.256,4.1414,4.0062,2.182,3.6661,12.949,8.195,1.2548,1.2272,1.5783,1.2637,2.8691,0.61579,1.608,0.036044,1.4192,2.591,0.28138,1.4824,8.5105,8.5716,7.8164,8.0339,5.9501,6.2339,9.5462,1.258,16.81,0.62477,1.2243,6.1472,6.1027,6.4487,5.9119,6.0186,5.7919,1.6027,6.6065,6.1305,5.6204,5.8854,10.497,10.114,9.1724,9.641,9.729,6.8476,6.5374,10.2,10.035,10.577,8.8257
79.978,91.681,32.058,8.1268,38.26,15.123,28.658,16.422,2.8139,11.947,1.3967,1.8889,0.37606,0,0.18404,7.3473,26.314,19.773,1.3015,2.4176,0.54303,12.678,13.991,18.256,32.497,67.06,31.892,59.053,20.945,24.082,27.275,48.867,78.872,87.915,97.413,23.135,44.066,10.921,11.703,9.5695,5.3479,9.1149,5.6039,7.5928,23.049,22.977,7.5328,11.608,1.9337,15.798,6.2206,8.3611,9.557,10.315,9.5867,56.875,51.029,51.448,54.232,47.896,60.308,62.795,24.3,19.106,13.45,9.5979,15.303,8.897,11.922,22.352,16.532,19.91,12.795,11.661,12.867,0.50634,2.0618,1.5511,1.0235,0.21079,2.1154,0.697,0.43972,0.3714,0.48063,0.31092,0.52575,0.42579,5.9249,22.267,2.1486,2.0696,1.9756,1.7811,2.6451,2.2828,4.0679,1.3502,1.3384,1.0787,1.8461,0.98822,0.26508,17.759,16.926,2.0527,1.162,12.33,22.157,55.033,45.888,50.262,74.173,47.556,81.512,80.944,92.082,99.939,85.26,74.1,88.655,125.75,75.834,16.557,22.434,26.808,6.1241,36.552,19.555,21.965,10.92,13.053,4.8945,3.3675,6.121,5.4922,2.9156,4.5606,1.3665,2.8637,10.093,10.8,10.242,9.1399,9.3461,9.5424,43.729,25.413,32.198,29.858,23.726,2.4285,1.7473,13.99,1.0914,13.078,10.674,22.417,9.5246,12.229,1.622,1.4358,1.7974,1.0247,1.003,0.2559,16.969,19.059,3.2807,0.56147,0.42803,0.81672,0.29507,0.47229,0.83307,0.5177,0.41163,0.25921,0.55539,23.84,16.536,2.0382,1.9624,0.98355,1.6973,15.759,9.793,1.2894,1.3014,1.6969,1.2987,2.8907,0.5608,1.4467,0.47834,1.247,2.4497,0.0089657,0.39548,6.2272,5.7356,5.3908,5.44,8.9212,9.1839,13.149,0.38557,21.052,0.75052,0.7448,9.1564,9.1142,9.5623,8.8272,9.0922,8.7009,3.4929,9.6027,9.1528,8.3198,8.5563,14.166,13.466,12.576,12.993,13.192,10.007,9.6652,13.949,13.741,14.227,12.13
79.95,91.19,34.823,10.531,40.277,14.446,31.43,19.44,3.5275,14.836,1.0318,1.2499,0.87726,0.18404,0,6.9907,30.77,23.73,2.4089,3.9321,1.3354,11.896,13.29,17.111,32.515,68.54,30.494,59.827,23.636,27.399,30.412,52.807,84.16,92.036,102.51,23.959,48.482,12.393,13.484,10.882,5.6212,10.513,5.8798,7.1778,27.35,27.161,9.3496,11.027,0.98048,19.294,7.8718,10.746,11.956,12.902,12.086,58.835,50.125,50.86,56.745,49.741,62.229,65.503,26.147,21.651,12.279,10.016,17.869,10.435,13.032,26.409,19.833,23.458,15.752,14.506,15.903,1.2993,1.5352,1.1209,0.58765,0.24921,1.3235,0.39318,0.059142,0.036536,0.14511,0.019181,0.12285,0.054328,5.2601,26.41,1.3851,1.3146,1.246,1.1883,1.8055,1.5717,3.3873,2.4722,2.4554,2.117,3.0925,1.9532,0.74886,21.519,20.637,1.0292,0.42138,11.265,25.139,53.322,48.958,49.681,73.88,45.659,79.186,80.788,94.473,102.15,84.931,72.83,88.979,128.2,75.164,16.621,25.963,30.102,6.8605,41.001,19.611,22.354,11.066,13.295,5.8246,3.3526,6.4331,5.4577,2.4615,4.0817,2.5009,4.4987,12.685,13.459,12.885,11.614,11.817,12.04,44.187,26.794,33.809,28.758,23.084,1.3125,2.0481,15.972,1.8963,15.797,12.709,26.243,12.244,15.181,1.164,0.98741,1.0199,0.51769,0.33196,0.80374,20.255,22.924,4.8717,0.11976,0.051012,0.23256,0.036826,0.087787,0.26602,0.16061,0.060685,0.044199,0.13168,28.091,20.196,1.3333,1.2127,0.32056,1.1379,19.341,12.647,2.3893,2.4147,2.9375,2.4018,4.3849,1.3605,2.5359,1.1321,2.273,3.7961,0.20747,0.11272,6.943,5.7782,5.814,5.6973,11.348,11.696,16.12,0.68271,24.979,1.6689,1.4732,11.617,11.561,12.047,11.272,11.475,11.116,4.8245,12.187,11.601,10.777,11.082,17.297,16.63,15.555,16.076,16.256,12.574,12.166,16.984,16.764,17.381,15.076
134.15,148.35,17.904,25.043,78.907,41.016,63.126,40.308,19.163,30.737,13.177,13.217,10.769,7.3473,6.9907,0,33.435,29.172,8.0075,11.117,9.8434,36.416,38.996,44.646,69.641,118.75,65.059,107.62,13.407,18.744,18.251,33,58.943,57.931,69.59,6.3667,34.204,4.6414,6.2605,3.811,0.64535,4.184,0.61717,0.0054922,37.248,30.319,6.8508,0.4935,5.3938,33,6.1497,25.974,29.127,29.474,28.339,105.07,93.844,95.181,101.1,92.717,109.74,112.65,57.987,47.827,36.258,33.56,40.679,31.578,37.922,42.797,38.093,43.424,32.298,30.458,31.521,9.0213,14.55,13.369,11.194,9.5934,12.809,10.551,7.3881,7.3522,5.2849,7.2678,5.7434,6.5285,0.29907,30.207,3.0223,3.1148,3.1435,2.8176,2.6609,2.5529,0.93348,7.9988,7.9748,8.1222,7.804,7.3755,6.0585,33.641,30.271,6.212,7.2798,34.691,51.508,96.936,88.476,93.569,126.13,85.884,130.21,135.18,151.42,161.48,140.44,123.81,145.85,193.89,127.54,2.2869,20.51,19.224,1.6838,32.026,3.4108,4.9337,0.78928,1.4393,2.6115,0.82444,0.63528,0.23496,1.2214,0.43691,12.08,12.668,28.824,30.077,28.712,27.337,27.946,28.239,86.305,60.061,70.247,63.027,55.035,9.7882,16.199,40.317,13.324,35.14,33.677,46.164,25.283,30.751,13.46,12.835,11.613,10.59,7.6158,9.5922,39.282,36.097,16.75,7.8963,7.0592,7.683,6.0895,6.0238,5.715,5.2442,6.1762,5.9283,5.7887,31.004,27.158,2.9006,3.2872,6.5882,2.8231,29.481,19.303,7.942,8.125,8.3561,7.9442,8.2218,7.6838,7.078,10.744,7.0207,7.3724,7.8687,5.3941,1.6104,0.27757,0.93595,0.6053,27.186,27.061,33.092,4.6996,41.405,8.4707,5.807,27.518,27.531,28.41,26.732,28.048,26.667,19.409,27.501,27.623,25.024,24.887,33.954,31.447,31.414,31.231,32.08,28.844,28.537,34.475,34.077,33.845,30.539
130.79,149.37,16.585,11.622,57.62,60.696,35.839,15.628,26.828,10.357,36.533,40.184,24.216,26.314,30.77,33.435,0,0.66531,15.965,13.008,20.292,58.536,59.444,69.819,74.783,98.172,89.735,97.394,9.4667,5.9476,9.6234,18.137,29.687,48.37,46.877,30.31,10.305,15.015,12.405,15.881,24.928,14.759,25.02,34.286,1.9532,0.11467,10.018,38.694,40.411,6.0026,11.028,12.414,14.361,12.604,12.771,80.464,107.32,104.27,70.396,71.318,84.95,77.957,42.485,26.389,63.657,40.812,20.764,25.735,35.58,7.1761,11.183,12.423,10.705,10.622,9.4149,19.881,39.517,37.508,36.279,29.267,41.992,34.181,33.509,32.894,31.993,32.292,33.06,32.987,36.607,0.1926,37.084,36.981,36.631,34.694,38.115,36.292,36.11,15.806,15.85,16.748,14.45,17.252,22.167,4.1014,2.6807,41.721,38.268,61.021,24.357,120.81,53.203,102.81,127.23,113.95,158.02,133.37,115.58,126.66,140.25,138.11,136.56,152.68,133.39,34.226,3.2909,7.9131,20.134,4.8709,36.461,34.36,29.527,29.786,17.532,27.501,24.858,28.598,32.846,33.659,17.572,12.489,12.125,12.259,11.529,12.374,12.808,12.728,83.144,49.785,55.334,84.043,71.411,44.73,29.948,27.088,22.058,15.103,21.554,11.619,8.599,9.7359,37.93,37.42,41.086,36.873,37.486,23.028,12.146,4.6612,15.161,34.563,33.305,36.35,31.32,32.936,35.228,32.259,32.563,30.694,33.352,0.061122,1.6454,36.247,36.939,36.896,34.242,3.2733,4.2979,16.018,15.946,14.7,15.986,12.154,19.201,15.83,22.383,16.474,13.339,26.385,31.35,20.407,27.799,23.244,25.155,12.774,11.796,11.095,23.89,7.4422,18.211,19.298,12.635,12.787,12.972,12.286,13.806,12.552,19.707,11.341,12.829,11.07,10.28,10.066,8.1264,9.9008,8.77,9.4943,12.404,12.885,11.378,11.237,9.7756,9.6583
113.75,131.01,19.027,6.7269,46.933,48.694,27.757,10.251,19.224,5.8682,28.111,31.401,17.546,19.773,23.73,29.172,0.66531,0,11.109,8.4023,14.347,46.824,47.594,56.924,61.507,84.195,74.948,82.909,10.352,7.4039,11.578,22.92,37.607,56.514,56.189,30.065,14.583,13.586,11.311,14.07,21.148,12.913,21.305,29.978,0.8245,0.27562,7.9519,34.871,32.807,2.8747,8.552,7.3363,8.8817,7.5302,7.6371,68.047,91.266,88.554,59.193,59.439,72.2,66.435,33.022,19.171,51.494,31.062,14.306,18.14,26.547,4.2856,6.7823,8.0148,6.1754,6.0573,5.2006,14.107,30.671,28.969,28.088,22.041,33.09,26.279,26.108,25.562,25.132,25.038,25.996,25.785,31.455,0.15483,30.358,30.232,29.898,28.218,31.447,29.784,30.392,10.988,11.025,11.704,9.9894,12.227,16.465,1.7018,0.74909,33.847,30.444,49.134,17.736,103.61,43.86,87.191,110.22,97.205,138.32,116.1,101.47,111.78,122.48,119.95,119.45,136.75,115.81,32.169,4.3623,9.8166,17.073,8.0489,34.795,33.445,26.709,27.451,14.327,22.769,21.312,24.422,27.195,28.493,11.893,7.8463,7.1512,7.2803,6.6969,7.3188,7.6596,7.6028,69.429,39.333,44.53,69.754,58.292,36.008,22.063,19.445,15.498,9.6211,14.722,7.6263,4.4832,5.4109,29.339,28.941,32.399,28.693,29.671,16.665,7.5593,2.1857,9.6503,26.976,25.979,28.626,24.374,25.831,27.962,25.379,25.468,23.848,26.251,0.3742,0.21833,29.622,30.138,29.313,27.803,1.0443,1.7605,11.162,11.075,10.078,11.137,8.2443,13.739,11.177,15.996,11.685,9.2705,19.757,24.535,17.349,23.795,19.661,21.377,7.624,6.8737,6.4931,18.196,4.3523,12.819,14.164,7.5208,7.6376,7.7925,7.244,8.4327,7.4477,13.231,6.5346,7.6717,6.3086,5.7156,5.7666,4.2723,5.5523,4.7244,5.2775,7.3648,7.7282,6.757,6.6365,5.55,5.3478
88.583,101.91,23.251,4.7656,39.363,21.431,26.819,12.392,3.9689,7.5365,4.828,6.0008,1.2528,1.3015,2.4089,8.0075,15.965,11.109,0,0.29529,0.47097,18.962,20.237,25.909,38.53,71.207,41.207,64.674,13.287,15.041,18.192,36.616,62.375,73.146,80.3,19.233,31.386,6.7586,6.8247,5.9189,4.6751,5.3501,4.8832,8.3774,14.138,13.4,3.2401,12.337,5.7695,9.508,2.4662,5.1513,6.5922,6.7771,6.2306,59.217,60.388,60.078,54.878,50.065,62.933,63.34,24.863,17.057,20.659,12.652,12.717,8.7193,13.386,15.003,11.401,14.385,8.3025,7.3725,8.0393,0.31975,6.0347,5.1656,4.4166,2.2008,6.5516,3.6855,3.2194,3.0314,2.8297,2.8502,3.1174,3.0592,7.6707,12.889,5.0967,5.0194,4.8737,4.2883,5.6769,5.0017,6.2149,0.00051616,0.0003808,0.013403,0.058886,0.027949,0.52817,10.562,9.4965,6.18,4.8014,19.185,19.009,66.455,44.404,58.813,83.186,58.969,95.581,89.908,94.853,103.51,94.829,85.444,96.737,129.63,85.832,15.076,13.307,17.508,4.2296,24.547,17.83,19.207,9.8135,11.473,2.7832,3.7886,5.2301,5.5768,4.6533,6.0166,0.56732,0.57247,6.4809,7.0831,6.455,5.7725,6.0453,6.1844,49.346,27.383,34.032,38.364,30.719,7.267,3.752,13.132,1.4066,9.5985,9.1915,16.168,5.1389,7.6075,5.3148,5.0395,6.0684,4.5244,4.5244,0.85389,11.985,11.745,1.6357,3.5629,3.1525,4.1383,2.5762,3.0619,3.8229,2.9142,2.9406,2.4048,3.2059,14.053,8.8544,4.8252,4.9377,4.3382,4.1269,8.7338,4.1451,0.00013819,0.00047579,0.026238,0.00013048,0.33922,0.15567,0.039955,0.92194,0.03275,0.24155,1.3448,2.629,4.3632,5.5815,4.3457,4.7917,5.6935,5.6659,8.6824,0.94363,14.046,0.1085,0.23757,5.8497,5.8526,6.2598,5.4976,6.0827,5.4606,2.905,5.8923,5.8943,4.7853,4.7797,9.2403,8.1934,7.927,7.978,8.3187,6.4804,6.3218,9.391,9.1907,9.2168,7.5088
85.2,98.719,24.051,2.7924,35.379,21.511,22.73,9.1303,3.6735,4.9101,6.0253,7.5063,1.759,2.4176,3.9321,11.117,13.008,8.4023,0.29529,0,0.80777,19.358,20.428,26.388,36.813,66.627,41.248,61.085,13.494,14.427,18.12,36.461,61.337,74.236,80.237,22.157,30.173,8.0071,7.6942,7.269,6.9155,6.5349,7.1497,11.567,10.619,10.682,3.5969,16.041,8.3663,6.4591,2.9204,3.1262,4.3577,4.4027,3.9817,54.53,58.987,58.281,49.794,45.827,58.158,57.768,21.739,13.764,21.522,11.876,9.7388,6.9974,11.742,11.09,8.1025,10.652,5.5395,4.7883,5.2863,0.73483,7.316,6.4217,5.8436,3.2522,8.2673,5.0176,4.9169,4.6818,4.6992,4.4617,5.0101,4.8328,10.903,10.15,7.7713,7.6686,7.4862,6.7828,8.5106,7.6866,9.2125,0.28749,0.29331,0.34098,0.29595,0.49169,1.5129,7.3926,6.6285,8.7739,6.9274,19.991,15.233,65.918,39.215,57.052,80.281,58.97,94.952,86.642,88.634,97.242,91.634,83.701,92.714,122.48,83.313,18.477,12.147,17.143,5.9997,22.765,21.429,22.574,12.721,14.437,4.1509,6.0885,7.5119,8.1681,7.289,8.92,0.43427,0.050705,4.1451,4.6279,4.0969,3.6037,3.8389,3.9433,46.661,24.611,30.698,38.119,30.222,9.6282,4.0429,10.619,1.4369,6.8062,6.961,12.145,2.9793,4.9473,6.5955,6.3551,7.8585,6.0804,6.534,1.4215,8.6245,8.3596,0.78814,5.2802,4.8784,6.0392,4.2723,4.9034,5.9067,4.8123,4.7286,4.072,5.117,11.288,6.3088,7.4446,7.5537,6.4414,6.5805,5.9515,2.4844,0.30781,0.2782,0.19845,0.30559,0.40154,0.70398,0.4605,1.2947,0.49963,0.48661,2.3956,4.4284,6.1707,8.1189,6.4175,7.0607,3.5635,3.4922,5.862,2.2559,10.268,0.48308,1.0612,3.6772,3.6877,4.0154,3.3861,3.9252,3.3714,2.0605,3.6476,3.7224,2.7829,2.7484,6.2817,5.3854,5.2094,5.2219,5.5145,4.1587,4.0593,6.4505,6.2814,6.254,4.8659
77.277,89.505,30.263,4.5199,33.441,15.579,23.147,11.337,1.8548,7.4503,2.4475,3.3966,0.19827,0.54303,1.3354,9.8434,20.292,14.347,0.47097,0.80777,0,13.46,14.551,19.395,31.023,62.225,32.905,55.545,18.759,20.765,24.516,45.391,73.632,85.239,93.068,24.532,39.402,10.516,10.761,9.373,6.672,8.7233,6.9457,10.197,16.726,17.358,6.1723,14.737,4.5252,10.486,5.0687,4.7301,5.7562,6.2542,5.6931,51.569,50.546,50.406,48.175,43.023,54.967,56.209,20.272,14.382,14.902,8.5145,10.801,6.1848,9.6166,15.93,11.19,14.037,8.1393,7.2323,8.1555,0.022242,3.3078,2.6996,2.3064,0.82301,3.9068,1.8006,1.8831,1.7418,2.018,1.6167,2.1354,1.9195,8.7647,16.666,4.645,4.5399,4.3973,4.002,5.3241,4.7445,6.7423,0.50139,0.49809,0.32876,0.8583,0.40123,0.46476,12.142,11.577,4.6991,3.2233,13.652,16.711,55.862,39.297,49.243,72.052,48.944,82.77,78.436,85.263,93.226,82.947,73.654,85.182,118.17,74.311,18.931,18.53,23.699,6.7147,31.428,22.087,24.051,12.854,14.953,5.0222,4.9709,7.445,7.3328,5.131,6.9994,0.18877,0.98396,6.0577,6.6191,6.1491,5.3276,5.5079,5.6566,41.163,22.031,28.203,30.412,23.716,4.9733,1.5688,10.318,0.30556,8.5928,7.172,16.097,5.5197,7.6546,2.8118,2.6443,3.6336,2.4635,2.9194,0.086812,11.592,13.194,1.1893,2.0695,1.8901,2.5799,1.6379,2.0281,2.7212,2.0942,1.8996,1.545,2.1959,18.13,11.474,4.445,4.403,2.9644,3.8602,10.58,6.058,0.47416,0.4526,0.66458,0.47935,1.5687,0.17232,0.72593,0.07525,0.61286,1.3866,0.49064,1.8367,6.8629,7.4726,6.4649,6.7988,5.1773,5.3366,8.4389,0.98557,14.838,0.1337,0.62335,5.3525,5.3271,5.6841,5.0822,5.3629,4.997,1.6148,5.6431,5.359,4.648,4.8063,9.2201,8.6085,7.9363,8.241,8.4173,6.0038,5.76,9.095,8.9214,9.2601,7.5739
31.707,38.119,83.915,18.55,16.532,0.15895,18.252,20.682,6.344,22.155,5.9207,5.7571,10.581,12.678,11.896,36.416,58.536,46.824,18.962,19.358,13.46,0,0.056281,0.5441,6.2507,28.769,4.3569,21.573,63.995,67.132,74.238,108.22,149.5,166.17,177.29,69.593,97.866,46.866,47.965,44.124,33.867,42.996,34.499,36.706,45.501,53.687,37.856,44.491,14.466,30.775,35.015,17.807,16.554,18.691,18.086,25.221,13.358,14.025,26.776,20.046,26.896,32.39,10.725,15.04,0.21029,2.0402,15.616,8.0307,4.8714,35.704,25.043,27.036,22.394,21.659,23.909,14.432,4.9501,5.7318,7.2899,9.6242,6.1075,7.9643,11.084,11.18,14.075,11.344,13.287,12.194,31.399,52.025,18.85,18.59,18.453,19.044,20.103,19.994,26.278,19.15,19.132,17.995,21.091,18.415,16.284,35.618,37.814,13.373,11.248,0.14196,19.254,14.893,26.419,13.417,27.536,11.161,29.899,32.008,48.096,52.321,34.343,25.946,38.101,70.737,27.826,56.394,62.064,72.63,36.394,83.666,61.753,66.801,45.82,50.287,33.273,27.821,35.818,33.334,24.302,28.948,14.014,18.932,19.038,19.348,19.751,18.237,17.913,18.103,12.506,8.5047,11.969,3.6621,1.9778,9.2315,5.849,10.45,10.308,18.329,11.635,30.498,22.853,23.064,5.6523,6.0713,6.9796,7.7462,10.768,12.025,24.452,35.907,14.455,10.435,11.495,10.648,12.969,12.888,13.285,14.115,12.706,13.289,13.203,55.083,40.684,19.019,18.148,12.076,18.995,35.584,31.731,18.985,18.838,20.018,19.017,24.056,16.301,20.402,11.533,19.735,23.472,12.095,13.979,36.631,34.183,34.268,34.056,17.716,18.864,22.248,17.459,33.932,16.26,18.803,17.981,17.806,17.874,18.166,16.805,17.829,10.364,19.58,17.785,19.251,20.278,24.187,25.946,23.127,24.78,24.062,18.702,18.018,22.59,22.568,24.565,23.084
29.177,35.429,86.747,18.854,14.915,0.026961,17.07,20.349,6.8618,22.256,6.9226,6.8235,11.611,13.991,13.29,38.996,59.444,47.594,20.237,20.428,14.551,0.056281,0,0.41753,5.1212,26.294,3.6961,19.426,66.288,69.182,76.61,111.08,152.56,170.17,181.02,72.833,100.18,49.176,50.175,46.407,36.166,45.202,36.821,39.311,45.84,54.604,39.671,47.404,16.213,30.946,36.795,18.055,16.639,18.791,18.228,22.987,11.852,12.412,24.597,18.101,24.564,29.945,9.6993,14.355,0.38191,1.9591,15.205,7.9441,4.5534,35.552,24.874,26.681,22.429,21.764,24.006,15.589,5.9096,6.737,8.4316,10.784,7.2414,9.1191,12.486,12.575,15.65,12.737,14.834,13.666,33.867,52.897,20.792,20.516,20.367,20.955,22.123,21.98,28.542,20.428,20.411,19.249,22.414,19.731,17.696,35.872,38.282,15.069,12.754,0.33996,18.473,13.542,24.538,11.838,25.215,10.123,28.049,29.485,44.9,48.96,31.76,23.907,35.287,66.808,25.563,59.503,63.81,74.867,38.625,85.536,65.018,70.106,48.58,53.159,35.307,29.97,38.178,35.71,26.425,31.274,14.955,19.898,19.173,19.431,19.903,18.428,18.07,18.25,10.885,7.4461,10.607,2.9716,1.3955,10.673,6.5644,10.019,11.156,18.176,11.473,30.097,23.221,23.18,6.6586,7.1128,8.1845,8.945,12.227,13.138,24.223,36.055,15.124,11.811,12.923,12.078,14.454,14.406,14.876,15.698,14.203,14.78,14.751,56.008,41.382,20.955,20.051,13.618,20.896,36.034,32.601,20.265,20.102,21.283,20.297,25.406,17.571,21.767,12.559,21.095,24.871,13.365,15.532,38.879,36.567,36.532,36.368,17.906,19.078,22.245,19.012,33.801,17.47,20.251,18.16,17.982,18.01,18.384,16.942,18.044,10.856,19.785,17.955,19.566,20.618,24.181,26.087,23.215,24.907,24.138,18.831,18.151,22.533,22.528,24.572,23.21
26.276,31.502,97.835,24.874,16.904,0.34848,21.041,26.22,10.56,28.691,9.757,9.3343,15.881,18.256,17.111,44.646,69.819,56.924,25.909,26.388,19.395,0.5441,0.41753,0,4.7823,25.903,1.9251,18.487,76.303,79.763,87.476,124.09,168.08,185.51,197.43,81.543,112.99,57.272,58.587,54.199,42.325,52.994,43.025,44.914,54.957,64.559,47.435,53.288,19.431,38.478,44.234,23.946,22.263,24.743,24.115,23.79,9.3687,10.244,26.382,19.235,25.13,31.569,12.469,18.845,0.45263,4.1205,20.216,11.887,7.4004,43.406,31.488,33.362,28.856,28.135,30.67,20.549,8.4102,9.4729,11.401,14.544,9.6279,12.323,16.006,16.156,19.549,16.383,18.576,17.323,38.827,62.706,24.658,24.37,24.239,25.04,26.007,26.01,33.114,26.13,26.107,24.774,28.394,25.247,22.615,43.973,46.685,18.084,15.884,0.62737,23.493,10.045,27.741,9.7423,22.259,6.8862,22.682,26.391,44.682,48.165,28.283,19.892,32.444,65.379,22.11,66.768,74.192,85.744,45.404,97.609,72.544,78.236,55.353,60.287,42.046,35.402,44.507,41.512,31.108,36.278,20.079,25.867,25.195,25.468,26.035,24.36,23.939,24.141,10.375,9.4108,12.4,1.6238,0.9718,13.087,9.9541,14.057,15.588,23.891,16.076,37.139,29.859,29.745,9.3522,9.8843,10.72,11.902,15.383,17.629,30.706,44.135,20.492,15.188,16.495,15.321,18.318,18.126,18.434,19.577,17.939,18.724,18.461,66.086,50.112,24.907,23.871,16.933,25.016,44.199,40.346,25.934,25.766,27.152,25.973,31.83,22.745,27.572,17.064,26.788,31.145,17.575,19.478,45.654,42.508,42.867,42.523,23.76,25.111,28.628,23.882,41.482,22.725,25.626,24.048,23.842,23.861,24.317,22.632,23.926,15.497,25.917,23.811,25.692,26.897,30.814,33.031,29.771,31.698,30.808,24.8,24.022,28.921,28.926,31.261,29.782
