0,32.661,81.673,74.054,99.95,71.97,222.38,206.85,133.77,164.21,56.983,33.989,20.638,67.827,93.841,79.064,107.21,88.385,98.878,86.093,118.65,130.42,110.55,101.52,112.08,0.50338,0.73416,4.0342,25.772,1.3519,9.3806,13.534,39.028,28.987,12.908,12.051,13.974,21,24.168,9.3606,18.284,42.538,55.045,56.55,53.424,43.406,102.03,45.28,128.99,85.497,98.549,76.759,101.42,106.06,109.85,129.33,161.41,186.89,206.08,140.56,141.35,212.02,218.86,264.39,219.78,308.88,316.21,212.5,243.38,213.49,232.81,199.85,188.71,238.14,206.97,173.73,146.68,165.93,195.02,146.66,145.17,149.26,143.52,145.17,129.83,158.42,117.39,124.66,20.101,7.7362,13.337,20.497,12.751,13.143,29.718,32.125,19.63,44.512,54.923,66.786,60.921,93.91,92.941,91.115,107.35,122.31,101.14,83.762,74.244,91.476,89.264,84.912,89.9,105.03,105.1,108.68,108.05,111.29,124.2,127.4,113.19,76.627,107.85,111.79,119.46,106.68,108.44,110.48,109.12,22.232,17.854,14.755,6.6204,34.683,13.955,40.925,83.755,89.556,39.214,90.141,116.15,159.58,165.49,153.46,169.32,277.35,285.84,204.79,175.58,166.82,169.37,155.56,158.72,137.83,112.72,21.155,15.815,24.769,20.801,95.587,114.34,94.233,94.403,94.531,93.38,84.912,88.958,95.857,68.784,87.989,90.136,90.395,92.778,87.659,94.395,84.848,93.277,92.98,88.437,89.524,105.22,106.03,113.87,110.45,121.14,118.65,129.45,102.94,103.22,95.255,107.67,99.371,108.63,110.85,118.08,116.29,171.42,166.33,124.33,122.09,122.36,122.6,18.848,30.553,55.604,56.999,78.079,44.93,72.536,74.726,72.781,71.994,93.482,95.675,187.05,148.25,173.4,161.23,123.11,123.44,122.11,122.14,71.209,71.926,73.43,75.89,123.39,122.48,122.9,122.66,122.64,72.587,72.596,69.455,71.384,72.737,71.138,71.384,71.531
32.661,0,14.464,22.842,23.08,11.126,141.67,104.73,83.872,86.775,5.8927,10.199,18.05,34.031,45.665,31.142,55.324,42.861,31.395,25.425,44.725,54.778,52.671,46.579,51.205,27.699,25.328,42.629,40.715,23.93,11.463,4.1609,2.6617,0.2555,4.8693,5.0337,20.847,1.5111,8.0111,8.0923,21.555,1.11,4.4667,12.684,9.7901,11.998,24.296,18.965,44.86,18.578,29.359,48.04,25.717,29.946,29.346,51.775,100.91,90.965,104.48,76.804,80.369,102.06,124.6,152.65,124.94,198.25,174.46,119.2,160.7,111.9,154.36,111.63,123.02,116.65,99.611,107.86,84.368,106.09,83.292,90.877,89.648,94.386,88.918,86.72,80.371,61.694,33.915,38.882,3.8358,10.738,4.2597,1.6233,21.23,5.7554,0.26839,0.10354,11.248,20.784,3.4774,27.754,33.415,45.606,42.818,43.751,51.742,70.747,35.34,21.784,27.2,24.251,24.218,18.913,23.664,37.719,37.752,39.601,40.648,40.541,47.871,66.267,51.745,29.153,62.342,50.636,58.592,49.577,50.326,50.612,49.641,12.893,15.578,3.5415,23.564,0.030358,16.572,5.1326,51.152,22.855,17.569,25.705,34.498,91.018,72.168,65.799,70.956,153.08,181.08,120.13,106.87,67.028,66.758,88.111,85.421,46.099,70.085,5.0034,5.2594,21.265,16.55,48.711,37.778,45.946,45.444,45.933,45.569,39.9,42.529,47.24,37.847,40.531,22.992,24.088,25.439,24.242,24.953,23.895,25.487,24.61,23.041,23.526,37.813,38.355,43.88,42.652,45.815,43.946,73.609,60.298,50.857,45.796,50.169,43.315,49.168,50.562,53.891,54.834,69.407,81.541,39.469,37.93,38.681,38.606,7.734,3.4934,6.8213,4.9957,18.871,13.263,34.751,35.881,33.476,34.107,44.405,47.04,77.528,92.904,90.226,64.727,38.702,38.975,37.532,36.372,32.828,34.472,34.255,37.23,39.041,38.433,38.751,38.578,38.523,34.951,35.277,32.513,33.804,34.955,33.236,33.779,34.472
81.673,14.464,0,6.7421,1.0076,0.31392,79.318,44.444,47.516,38.542,2.2323,15.053,33.02,20.968,21.363,12.52,26.174,20.748,5.7332,4.7322,11.376,17.082,21.881,19.066,19.739,71.4,72.315,103.74,102.67,71.106,51.186,31.396,22.547,15.087,34.563,33.077,42.459,20.966,19.966,35.739,39.251,7.6028,2.9104,5.4156,4.7027,11.142,1.2692,16.845,9.2136,0.62362,4.3037,32.632,1.7367,3.2578,2.6311,14.662,55.655,36.112,44.381,36.363,40.08,40.994,61.363,78.032,61.437,114.61,89.08,57.545,93.791,49.79,90.32,53.397,70.582,49.513,39.745,58.727,42.472,59.914,28.456,50.107,49.299,53.158,49.155,45.835,45.122,16.872,4.138,6.0597,33.127,48.686,31.413,25.272,44.172,29.289,14.421,13.443,26.571,19.238,3.9385,14.665,24.001,21.268,18.673,20.486,22.181,37.14,8.3183,2.7415,10.692,2.4913,2.979,0.85337,2.4703,9.1999,9.2065,9.7504,10.864,9.8146,12.61,29.895,19.88,11.585,33.93,19.263,24.688,20.143,20.234,19.737,19.251,53.332,59.581,28.689,54.223,13.444,37.44,7.5583,32.629,2.0514,19.027,3.7907,4.5124,44.909,23.927,21.028,22.246,75.578,102.54,61.065,56.821,19.656,19.236,43.182,39.009,8.9931,40.834,20.314,25.725,33.415,31.172,23.952,6.8717,21.497,20.871,21.35,21.464,19.101,20.124,22.196,24.831,18.393,2.0127,2.6272,2.9618,3.4043,2.3256,3.9362,2.8821,2.3983,2.4086,2.4675,9.2249,9.4524,11.997,11.931,11.647,10.714,37.328,33.862,22.956,20.881,20.373,16.529,18.95,19.542,20.274,21.921,20.837,32.455,6.4096,5.7733,6.1681,6.0986,24.155,12.593,2.611,2.489,2.3474,11.445,19.37,19.534,17.851,18.929,20.147,22.058,25.101,51.827,39.158,18.694,6.1002,6.2204,5.5593,4.9978,17.918,19.366,18.383,20.458,6.263,6.0135,6.1497,6.0762,6.047,19.566,19.923,18.446,18.899,19.496,18.399,18.872,19.563
74.054,22.842,6.7421,0,7.7471,5.7674,50.753,33.816,20.605,20.916,7.186,7.7089,19.442,4.1104,4.5844,0.93489,7.5666,4.066,2.0694,0.69216,5.2355,8.0998,6.1903,4.2897,5.6487,62.827,68.796,103.15,120.54,69.27,57.578,34.502,38.827,20.882,39.003,35.191,28.119,24.247,13.654,33.189,23.886,14.968,9.4753,1.561,2.7418,4.0696,7.7471,4.7758,8.5085,3.8422,2.4883,9.7643,5.7981,5.0569,7.6837,7.6645,28.224,26.009,33.55,15.916,17.708,35.476,42.064,61.002,42.332,88.207,84.231,39.032,62.374,37.032,58.465,34.352,40.208,46.833,33.42,31.625,19.571,31.112,30.155,23.398,22.793,25.339,22.525,21.009,18.931,16.873,8.5046,9.2586,43.323,52.711,34.22,32.068,29.893,27.407,20.109,20.278,17.651,5.7821,13.063,1.6883,5.9085,4.5499,3.4962,4.0848,5.9658,14.075,2.1116,1.2421,0.45326,2.3333,1.687,3.2848,2.1092,2.6991,2.7112,3.3117,3.2367,3.7863,6.4497,11.346,5.8321,0.66376,11.27,5.4638,8.279,5.1638,5.3832,5.4526,5.1378,68.923,73.279,31.19,40.941,22.313,25.568,6.8663,9.709,2.4071,6.8643,1.4035,7.3236,22.673,18.144,14.31,19.778,65.161,76.581,38.555,30.963,19.527,21.066,21.24,20.022,12.575,15.237,17.178,23.298,17.849,18.506,5.7716,5.01,4.6613,4.421,4.6194,4.5989,3.2808,3.8383,5.0447,5.885,3.1288,2.5335,2.067,2.208,1.2787,2.9991,0.80477,2.3439,2.6652,1.9538,2.0576,2.7295,2.8618,4.3059,3.7108,5.7763,5.2647,14.918,10.934,5.8892,4.4777,5.3474,3.2763,4.9858,5.4353,6.615,6.8941,21.225,19.509,8.6965,8.399,8.0958,8.2674,18.313,11.71,5.3221,9.217,1.1687,3.6544,3.2918,3.3323,2.6759,3.1199,4.0821,4.9765,27.439,24.503,23.13,17.379,8.4862,8.5039,8.6707,9.5665,2.7301,3.3012,2.8772,3.7144,8.4383,8.3041,8.3422,8.3167,8.3399,3.3726,3.5229,2.985,3.1198,3.3408,2.9225,3.1086,3.3916
99.95,23.08,1.0076,7.7471,0,2.3297,68.771,33.871,43.801,31.385,6.1582,21.627,42.472,23.1,20.517,13.012,24.102,20.479,4.1075,4.4344,7.7935,12.439,19.281,17.305,16.909,88.302,89.925,124.99,123.56,88.713,66.555,43.564,32.348,23.883,47.339,45.49,53.695,31.067,28.387,48.196,49.483,14.141,7.3421,8.6673,8.4716,16.195,0.017338,21.723,4.849,0.81933,2.7796,34.335,0.30955,1.1857,0.44815,10.11,49.6,26.96,33.865,31.359,35.178,30.051,50.284,63.868,50.283,98.356,71.675,46.861,82.126,38.801,79.429,43.638,62.717,36.87,29.146,51.634,37.161,53.659,18.933,45.216,44.513,48.181,44.528,40.854,41.677,10.055,1.1659,2.3183,45.613,63.661,43.568,36.372,55.758,40.635,23.041,21.811,35.968,24.312,8.8228,16.666,27.139,20.41,17.817,19.902,19.924,34.03,6.4135,2.7997,11.7,1.7872,2.4488,1.0462,1.9223,6.9081,6.9074,7.104,8.2737,6.9231,8.5214,25.908,16.943,12.335,32.182,16.449,21.287,17.88,17.792,17.07,16.706,68.597,75.851,40.323,67.821,21.767,48.4,13.276,33.509,1.5838,24.855,3.1165,1.5347,38.461,16.389,14.438,14.478,60.439,87.624,51.193,49.446,12.167,11.645,37.038,32.377,4.1049,38.959,29.523,36.276,42.184,40.503,23.029,3.7994,20.613,19.943,20.427,20.672,19.151,19.764,21.165,27.042,18.071,1.4935,2.0149,2.0865,3.0071,1.365,3.8039,1.9661,1.5608,2.0124,1.957,6.9147,7.0618,8.852,9.1107,7.8395,7.1397,33.489,32.647,21.165,19.86,18.016,14.912,16.447,16.83,16.861,18.738,13.014,24.922,2.6345,2.2264,2.5493,2.4736,33.744,20.085,6.4629,6.6638,3.0625,16.266,20.864,20.776,19.251,20.468,19.289,21.041,16.195,46.875,31.198,11.598,2.4433,2.5262,2.0456,1.5963,19.507,20.932,19.729,21.605,2.566,2.4078,2.499,2.4504,2.4263,21.062,21.434,20.268,20.509,20.971,20.017,20.481,21.185
71.97,11.126,0.31392,5.7674,2.3297,0,82.038,48.892,46.974,40.611,0.91465,11.234,27.164,18.461,20.355,11.339,25.604,19.461,6.3696,4.6679,12.755,18.72,21.854,18.707,19.981,62.295,63.338,93.216,94.099,62.292,44.279,25.777,19.373,11.412,28.767,27.24,35.638,16.398,15.321,29.434,32.834,5.2087,1.4937,3.5927,2.8022,8.1098,2.6886,13.423,11.504,1.0068,5.066,29.765,3.0127,4.6401,4.3801,16.444,56.234,39.898,48.781,37.084,40.566,46.115,65.234,83.664,65.364,120.39,97.499,61.295,96.796,54.243,92.896,56.633,71.785,55.757,44.618,59.857,43.112,60.463,33.558,50.173,49.332,53.16,49.096,46.127,44.514,20.457,6.2162,8.4113,28.027,41.75,25.772,20.541,37.181,23.604,10.825,10.082,21.188,15.585,2.5402,12.595,20.873,20.271,17.823,19.383,21.933,36.663,8.851,2.7422,9.3806,3.0018,3.2939,1.1627,2.8832,9.8982,9.9089,10.632,11.604,10.858,14.24,30.289,20.179,10.338,32.81,19.525,24.994,20.016,20.208,19.879,19.347,47.357,52.922,23.279,46.321,10.301,30.993,4.8037,30.169,2.4926,15.12,4.0729,6.4448,46.181,27.319,23.856,26.071,82.331,107.7,64.025,58.212,23.564,23.383,44.331,40.684,11.955,39.497,15.579,20.385,27.711,25.464,22.848,8.4044,20.502,19.936,20.384,20.42,17.735,18.919,21.245,22.085,17.267,2.4955,3.0532,3.5009,3.5729,3.0439,3.8761,3.4622,3.0162,2.7366,2.857,9.933,10.191,13.008,12.729,13.165,12.154,37.279,32.45,22.392,19.996,20.289,16.244,19.041,19.722,20.849,22.25,24.962,35.159,8.6908,7.9727,8.3367,8.2935,18.97,8.9324,1.1158,1.2166,2.05,8.4604,17.258,17.536,15.872,16.82,19.213,21.106,29.955,51.865,41.781,22.293,8.3318,8.4608,7.7886,7.3104,15.842,17.218,16.4,18.456,8.4945,8.2103,8.3596,8.2783,8.2515,17.441,17.771,16.228,16.757,17.385,16.281,16.732,17.377
222.38,141.67,79.318,50.753,68.771,82.038,0,11.932,11.684,7.2859,93.595,89.404,107.55,44.965,28.493,40.914,21.493,31.436,42.724,48.349,30.67,22.861,21.812,26.197,22.539,201.72,219.93,279.92,325.06,223.1,211.9,165.16,177.22,136.56,175.3,165.65,125.21,143.34,107.61,156.35,113.57,120.25,101.39,69.86,77.068,77.487,66.948,69.107,38.252,66.067,46.715,38.438,60.085,51.989,59.242,26.157,5.0567,13.121,11.661,10.066,9.3281,19.737,3.2546,8.1822,3.4106,8.252,32.54,3.7515,0.61047,9.3137,0.43015,3.5138,1.9087,25.942,18.341,3.041,7.9921,4.5735,34.22,8.0671,8.3939,7.7216,8.8375,8.2047,12.726,33.701,54.432,48.888,187.27,200.94,164.32,162.57,129.1,145.29,134.61,135.19,112.98,68.996,111.71,48.069,50.53,28.49,29.941,30.109,22.7,14.844,37.055,55.048,45.572,53.94,52.456,64.22,54.282,34.948,34.927,33.629,31.951,33.363,28.954,14.395,22.178,43.195,20.506,22.914,18.144,23.864,23.268,22.962,23.629,237.52,244.57,157.81,153.29,140.25,125.07,94.416,33.581,56.201,76.493,49.577,50.702,5.6543,21.487,21.58,27.166,17.45,4.9921,1.4731,2.7675,32.3,36.419,6.4347,7.2037,46.253,18.986,120.78,135.74,98.826,107.39,26.977,40.289,28.264,28.39,28.171,28.683,33.882,31.333,27.293,43.815,32.494,56.298,53.55,51.87,51.462,54.481,50.879,52.122,54.194,54.845,54.367,34.881,34.4,29.742,30.152,30.355,31.868,12.568,22.785,23.921,27.994,23.432,28.472,23.952,22.979,20.859,20.245,32.922,11.298,46.658,48.216,46.372,46.897,119.72,109.12,87.68,99.922,59.258,74.581,41.745,40.143,42.055,42.267,29.081,27.418,36.077,7.8252,7.4875,30.483,47.285,46.923,49.464,53.359,43.175,42.192,41.407,39.102,46.666,47.242,46.864,47.058,47.196,41.655,41.556,44.319,42.725,41.565,43.064,42.734,42.429
206.85,104.73,44.444,33.816,33.871,48.892,11.932,0,21.513,4.7133,61.141,73.347,99.825,41.501,24.881,30.413,20.298,27.705,21.655,27.8,12.869,8.8249,16.728,19.909,15.324,187.45,198.94,255.08,275.67,199.87,177.69,135.28,129.78,103.06,143.65,137.09,118.53,113.2,90.202,134,108.23,84.621,66.798,49.114,53.81,61.046,32.392,59.312,13.208,35.868,23.189,42.963,28.742,23.647,26.57,9.4814,15.543,0.5117,0.0023541,11.277,13.101,1.0022,2.8512,4.7174,2.7477,17.226,12.823,2.309,16.319,0.21136,16.733,2.7928,16.284,3.4071,0.68634,13.074,12.463,16.882,5.9057,17.609,17.666,18.739,18.278,15.241,21.599,7.6843,22.661,18.66,147.96,169.88,134.84,127.77,122.34,122.03,101.24,100.29,99.056,61.048,73.72,39.44,48.723,24.798,24.199,26,18.32,19.564,19.364,31.123,33.287,28.22,28.248,35.068,28.835,17.644,17.616,16.237,16.141,15.422,11.171,13.094,14.904,31.814,24.705,15.311,14.005,17.839,17.069,16.007,16.447,191.08,200.66,128.72,145.23,102.65,115.1,69.497,38.164,29.801,66.835,26.823,21,9.224,3.1542,4.503,4.4188,5.1743,13.398,5.3579,11.143,6.4448,7.9575,9.6174,6.4481,15.498,27.092,99.162,113.2,93.737,98.454,25.229,16.802,24.729,24.341,24.494,25.187,29.007,27.072,24.175,43.13,26.875,29.678,28.366,26.941,28.364,27.651,29.123,26.905,27.908,29.525,28.985,17.57,17.213,14.009,15.127,12.191,13.146,16.406,27.349,20.68,23.881,17.467,20.16,16.573,15.787,13.062,14.271,6.3743,2.4929,17.642,18.753,17.836,18.041,101.71,84.476,58.208,65.111,34.916,59.093,37.235,35.794,36.342,37.401,24.52,24.207,6.9209,18.185,2.7777,6.2123,18.139,17.913,19.355,21.313,37.482,37.664,36.133,35.472,17.801,18.224,17.975,18.107,18.175,37.298,37.474,38.992,37.819,37.157,37.755,37.806,38.044
133.77,83.872,47.516,20.605,43.801,46.974,11.684,21.513,0,6.14,52.116,40.447,49.594,12.228,5.8464,13.096,3.2257,6.8222,21.12,22.288,16.002,12.135,4.9767,6.4062,6.289,117.9,133.09,180.36,224.49,136.07,131.44,95.959,114.44,78.47,103.88,95.739,61.305,81.129,52.26,86.866,53.188,69.618,57.999,31.742,36.965,33.654,42.838,26.478,25.573,37.447,24.541,7.8893,36.865,31.232,38.464,14.881,1.3678,17.818,21.074,1.9624,1.1142,29.948,15.609,30.719,15.994,39.018,64.58,14.674,16.428,20.566,13.676,11.363,4.7146,41.571,27.487,2.8319,1.2288,1.7335,38.739,0.34452,0.29064,0.42525,0.20907,0.55932,0.037369,29.251,36.412,33.62,116.13,122.11,95.201,96.543,63.992,79.482,77.124,78.42,54.641,25.87,66.472,15.302,14.533,5.8758,7.1314,6.526,4.7683,0.63936,16.706,27.47,15.838,28.783,26.848,35.706,28.621,15.948,15.951,15.824,14.101,16.339,16.004,2.6122,6.2853,14.421,1.6307,6.5759,4.1142,5.8012,5.7952,6.1837,6.4132,156.3,160.18,90.492,81.239,83.389,61.8,47.549,5.8287,30.179,30.652,24.59,32.892,2.6645,20.187,17.177,26.241,42.486,31.177,10.125,3.3665,30.142,34.37,2.3815,4.4419,34.826,0.90363,62.377,72.699,43.43,49.737,4.7594,23.369,5.7512,5.982,5.7764,5.8609,8.0768,6.9768,5.3175,11.064,7.8839,30.431,28.13,27.366,25.505,30.092,24.147,27.73,29.438,28.68,28.584,15.943,15.745,13.779,13.153,16.418,17.086,0.7553,2.1384,4.5115,5.8932,5.6945,8.0074,6.5788,6.3294,6.535,5.3074,31.833,10.855,31.615,32.358,30.843,31.36,60.356,56.258,46.726,57.383,29.414,31.622,11.079,10.345,11.595,11.415,6.3859,5.3872,38.425,0.38604,8.8662,27.138,31.829,31.606,33.434,36.771,12.074,11.278,11.173,9.6938,31.372,31.624,31.41,31.515,31.629,10.993,10.869,12.464,11.627,10.97,11.902,11.637,11.34
164.21,86.775,38.542,20.916,31.385,40.611,7.2859,4.7133,6.14,0,49.362,50.691,69.051,21.435,9.9078,15.867,6.4524,11.803,14.814,18.511,8.059,4.3373,5.2923,7.5258,5.1089,146.64,159.56,211.04,241.83,161.37,147.26,108.56,113.92,83.459,116.6,109.45,84.336,90.081,64.95,103.86,75.209,69.666,54.999,33.903,38.706,41.111,30.185,37.078,12.548,29.513,17.135,20.504,25.577,20.4,25.201,5.8707,3.8673,3.0868,4.5129,1.4465,2.0983,8.9962,3.9189,12.194,4.0426,23.378,32.123,3.1163,12.086,4.5238,10.959,1.7543,6.149,15.758,7.6786,3.3301,1.8787,4.8346,15.241,4.3357,4.3207,5.0344,4.5972,3.0986,6.1426,11.549,22.273,18.97,124.39,138.88,107.99,104.78,87.579,94.119,81.887,81.961,70.794,37.761,62.482,21.612,26.31,9.8754,10.073,10.777,6.0306,5.1633,11.676,22.551,18.564,21.637,20.781,28.309,21.882,10.459,10.446,9.6855,8.8775,9.4987,7.2091,2.526,4.8931,17.176,8.2043,5.2216,3.555,6.202,5.802,5.4158,5.7365,165.6,172.49,102.6,107.58,85.452,82.659,51.747,17.072,23.083,42.941,19.031,19.815,0.91323,5.2374,4.4922,8.614,17.739,17.515,2.7107,2.5244,11.381,14.085,0.9455,0.13722,17.952,9.2823,74.224,86.352,63.089,68.36,9.6566,13.35,9.7883,9.677,9.6745,10.075,13.011,11.53,9.3207,21.845,11.799,23.134,21.419,20.338,20.239,21.935,20.026,20.484,21.772,22.265,21.943,10.419,10.149,7.6517,7.945,7.9039,8.681,3.5821,9.8066,7.1574,9.3977,5.9659,8.3232,5.8703,5.3628,4.0605,4.1686,12.145,0.84773,17.536,18.436,17.279,17.619,74.717,63.619,45.39,53.832,25.397,39.178,18.657,17.579,18.392,18.885,9.9364,9.3657,15.542,4.6959,0.25443,9.8661,17.884,17.668,19.234,21.759,19.203,18.971,18.104,17.137,17.504,17.833,17.609,17.723,17.81,18.656,18.699,20.178,19.198,18.57,19.278,19.196,19.201
56.983,5.8927,2.2323,7.186,6.1582,0.91465,93.595,61.141,52.116,49.362,0,7.3513,20.321,18.434,23.155,13.064,29.498,21.718,10.397,7.4221,18.544,25.409,26.357,22.448,24.761,48.577,49.136,75.667,77.583,48.157,32.57,16.981,13.312,5.9118,19.444,18.174,27.075,9.5669,9.7252,20.153,25.186,1.9079,0.15965,2.9892,1.7789,5.6791,6.7389,10.972,18.237,3.5635,9.0656,29.921,7.1392,9.2937,9.26,23.121,63.574,50.819,60.969,43.689,47.003,58.905,77.64,99.079,77.848,137.44,116.44,73.356,109.31,66.807,104.66,67.797,80.731,70.264,57.052,68.194,49.916,67.943,45.271,56.437,55.504,59.464,55.112,52.547,49.427,29.542,11.819,14.699,19.194,30.326,16.976,12.894,28.289,15.4,5.4873,5.0268,14.571,12.896,0.87241,12.837,19.846,23.085,20.692,21.948,26.092,41.375,13.048,5.2537,10.666,6.2858,6.3709,3.6928,6.0116,14.451,14.469,15.523,16.398,15.997,20.508,36,25.063,11.843,36.245,24.301,30.23,24.226,24.592,24.497,23.856,36.089,40.632,14.967,35.559,5.3637,22.784,1.9799,31.104,5.5715,11.764,7.2454,11.995,54.088,36.872,32.474,35.965,98.916,123.5,75.167,66.864,33.28,33.269,51.962,48.886,19.345,42.944,9.3553,12.915,21.442,18.77,25.668,13.87,23.335,22.826,23.258,23.165,19.721,21.277,24.206,21.905,19.626,5.6295,6.2351,6.925,6.4927,6.602,6.5074,6.9328,6.4425,5.7177,5.948,14.503,14.835,18.325,17.718,19.178,17.961,42.706,35.371,26.077,22.975,24.587,19.906,23.516,24.389,26.198,27.33,35.014,44.44,14.977,14.055,14.461,14.433,12.285,4.4202,0.18782,0.13206,3.9507,6.2226,17.866,18.378,16.602,17.395,22.05,24.057,41.107,58.165,51.352,31.593,14.51,14.67,13.858,13.327,16.392,17.758,17.169,19.368,14.702,14.336,14.524,14.421,14.391,18.042,18.351,16.548,17.265,18.008,16.794,17.242,17.86
33.989,10.199,15.053,7.7089,21.627,11.234,89.404,73.347,40.447,50.691,7.3513,0,3.4975,8.2463,16.957,9.8429,23.244,14.849,17.188,12.124,25.65,31.316,23.457,19.279,23.624,26.521,30.76,55.172,74.399,31.32,26.182,11.807,23.27,7.6247,14.686,11.772,7.2101,7.2699,0.88618,9.4377,5.7071,8.0239,8.3156,3.1914,3.0285,0.57694,22.291,1.541,31.33,14.238,17.41,14.815,20.717,21.656,24.736,30.72,54.508,61.634,72.914,39.611,41.035,76.259,82.601,110.17,83.084,142.72,142.9,78.515,103.98,77.617,97.913,71.253,71.36,92.444,73.218,60.793,44.004,57.889,67.342,46.498,45.613,48.626,44.899,44.445,38.059,46.504,27.707,30.534,20.069,22.297,11.545,12.49,8.0194,6.7552,7.3343,8.2521,2.0697,1.9424,10.768,6.3615,7.2087,16.957,15.967,15.748,22.263,32.419,17.886,11.805,7.9942,15.063,13.885,13.653,14.399,19.53,19.563,21.125,20.843,22.296,28.261,32.317,24.105,8.8891,25.866,23.409,27.728,21.532,22.251,22.969,22.322,38.23,39.726,9.942,13.552,10.504,5.5342,1.8233,17.032,14.507,0.99834,13.95,26.471,50.278,49.506,43.008,51.926,117.32,127.43,75.61,60.97,51.008,52.918,48.021,48.283,37.038,30.054,2.3783,4.8199,3.7032,2.9374,18.291,24.208,17.134,17.035,17.204,16.816,13.217,14.889,17.91,9.7079,14.12,14.783,14.525,15.384,13.071,16.475,11.82,15.642,15.783,13.819,14.241,19.612,19.962,23.44,21.924,26.826,25.686,35.306,24.047,20.858,17.349,21.975,17.937,22.064,23.082,26.222,25.803,53.652,50.534,30.024,29.111,28.975,29.175,2.3392,1.7566,5.5906,8.7747,9.9303,0.76973,9.2284,9.9591,8.9114,8.9435,16.518,17.807,62.949,47.746,55.193,47.721,29.492,29.608,29.313,29.965,8.4413,9.0383,9.2492,10.58,29.545,29.164,29.322,29.23,29.241,9.2969,9.3967,8.0419,8.7477,9.3245,8.5417,8.7402,8.97
20.638,18.05,33.02,19.442,42.472,27.164,107.55,99.825,49.594,69.051,20.321,3.4975,0,13.69,26.693,20.069,33.885,23.806,34.104,26.968,44.215,50.082,36.201,31.248,37.437,14.695,20.259,40.819,69.1,21.602,23.466,12.147,33.085,14.024,14.773,11.302,0.81119,10.642,2.2218,6.747,0.26931,18.377,21.308,13.05,13.024,6.3738,43.363,5.2765,53.527,31.734,35.035,18.091,40.922,41.736,46.479,50.274,66.758,86.324,99.216,53.59,53.979,105.63,105.79,138.81,106.47,170.02,181.82,101.51,122.4,103.7,115.03,92.675,84.834,125.56,101.72,74.679,57.286,69.792,98.022,57.42,56.479,59.157,55.479,56.366,47.155,72.532,50.26,53.647,23.233,19.05,11.764,16.062,1.1484,5.9605,13.936,15.745,0.80533,4.7563,24.297,13.787,10.644,26.738,26.458,25.284,34.275,42.481,34.024,27.315,18.105,32.284,30.332,30.789,31.302,36.085,36.131,38.216,37.303,39.926,47.54,45.722,38.09,19.054,34.169,37.335,41.286,34.125,35.158,36.459,35.717,39.918,39.103,10.764,4.268,19.002,0.67167,9.6207,21.46,31.626,3.3328,30.096,48.313,65.492,73.888,65.603,78.171,150.42,153.02,95.591,75.835,77.935,80.898,62.939,65.264,61.966,37.181,4.058,4.9096,0.26223,0.034434,27.488,44.024,26.897,27.04,27.071,26.434,22.115,24.158,27.737,14.072,23.807,32.053,31.428,32.573,28.943,34.447,26.848,32.989,33.391,30.462,31.068,36.195,36.616,40.664,38.438,45.838,44.56,46.713,31.466,31.81,27.508,34.681,30.405,35.468,36.718,41.068,39.688,81.295,71.596,52.763,51.681,51.325,51.645,2.2237,6.9315,17.628,22.209,24.651,6.5653,15.945,16.978,16.179,15.72,26.6,27.646,93.043,58.47,75.439,73.538,52.107,52.229,52.06,53.225,15.432,15.658,16.442,17.485,52.12,51.662,51.839,51.734,51.762,15.957,15.939,14.575,15.436,16.032,15.359,15.438,15.461
67.827,34.031,20.968,4.1104,23.1,18.461,44.965,41.501,12.228,21.435,18.434,8.2463,13.69,0,2.2024,1.6992,4.4996,1.4331,9.9637,7.5599,12.368,13.695,5.6073,3.9223,6.3951,56.655,66.019,100.53,131.97,67.756,63.492,39.745,55.28,30.032,44.905,39.552,20.794,30.779,13.931,34.026,16.355,26.562,21.649,6.5787,8.8904,5.6638,23.041,2.7187,20.157,15.879,11.712,1.385,19.377,17.3,22.43,14.698,20.769,33.29,41.049,13.111,13.402,47.201,43.526,65.895,43.982,87.239,100.08,40.862,55.072,43.35,50.401,35.264,31.559,61.641,44.346,24.999,15.097,22.74,46.499,15.832,15.322,16.988,14.871,14.906,10.944,30.425,23.178,23.487,53.706,57.07,39.246,40.678,22.419,29.367,29.277,30.449,15.425,2.5749,26.903,0.56269,0.30773,2.2201,2.3213,1.8386,4.7971,8.2454,8.2544,9.8165,1.9386,12.341,10.747,14.733,11.877,8.8381,8.8585,9.696,8.6979,10.616,13.851,9.3965,6.6703,1.7816,4.9811,6.42,7.606,4.9257,5.3419,5.962,5.7074,81.796,84.17,36.278,33.087,34.035,20.251,12.874,1.7515,12.668,4.2049,9.7223,20.834,19.335,27.762,22.695,32.012,75.562,75.196,36.932,25.429,33.36,36.425,17.954,19.226,27.735,6.8151,19.397,25.296,10.989,13.505,2.3806,15.067,2.2574,2.3313,2.3165,2.1217,1.1156,1.5539,2.4863,0.16331,1.5892,12.947,11.722,11.865,9.6386,13.775,8.2615,12.185,13.067,11.567,11.768,8.8829,8.9889,10.03,8.8561,13.237,12.912,9.9883,4.1453,3.8206,2.4753,5.1275,3.9712,5.6436,6.1034,8.0121,7.136,35.633,23.751,22.26,22.089,21.302,21.658,18.288,16.581,14.929,21.657,9.6155,4.8393,0.12382,0.2128,0.23812,0.12818,2.2421,2.4632,43.917,16.51,25.297,30.101,22.058,22.019,22.706,24.632,0.17654,0.10296,0.22149,0.24171,21.874,21.775,21.765,21.762,21.821,0.11684,0.10357,0.096275,0.11082,0.12548,0.13638,0.11241,0.082213
93.841,45.665,21.363,4.5844,20.517,20.355,28.493,24.881,5.8464,9.9078,23.155,16.957,26.693,2.2024,0,1.4441,0.49647,0.082886,6.5295,6.0914,6.0564,5.8324,0.80663,0.35619,1.2444,80.641,91.022,130.91,161.69,92.744,85.122,56.661,68.616,41.948,62.713,56.838,36.44,44.639,25.366,51.405,30.522,35.13,27.108,10.356,13.421,12.124,20.098,8.9505,12.656,15.096,8.4173,2.9895,16.189,13.173,18.119,6.9577,10.932,18.77,24.515,4.7856,5.2387,30.004,26.212,44.006,26.556,62.318,73.326,24.126,36.967,26.129,33.442,19.899,19.064,41.913,27.662,13.626,6.3322,12.614,31.356,7.7112,7.3549,8.7476,7.1401,6.6404,4.9578,19.294,17.705,16.884,71.05,78.131,56.146,55.993,38.581,45.1,40.934,41.726,28.318,9.1052,33.015,2.5478,4.0047,0.00017105,0.095169,0.022399,0.50566,2.7351,4.4233,8.8586,2.4391,10.248,8.9179,13.95,10.016,4.4367,4.4461,4.77,3.8615,5.3251,6.7918,2.5624,1.3611,1.9037,1.4831,1.2905,1.6245,0.61819,0.76951,1.0533,0.97907,103.22,107.09,52.409,52.218,45.232,35.473,20.279,2.1394,10.922,11.843,7.6873,15.361,8.8856,15.6,11.942,19.49,52.192,52.246,21.422,13.629,21.236,24.139,7.9505,8.484,19.433,3.1455,31.977,39.857,22.994,26.324,0.074285,9.4834,0.00046283,0.0056702,0.00152,0.0010211,0.23373,0.06773,0.013587,2.4953,0.15331,11.123,9.7671,9.5225,8.0114,11.297,7.032,9.7817,10.774,9.9306,9.963,4.4541,4.4419,4.3749,3.6842,6.5907,6.6083,3.3963,1.4356,0.22422,0.012787,0.68066,0.60842,0.97501,1.128,1.9962,1.4687,23.013,11.64,15.612,15.776,14.887,15.233,31.447,26.609,19.555,26.735,9.6269,10.961,1.3769,1.0945,1.3477,1.4467,0.018939,0.0106,29.683,8.3023,12.575,18.566,15.584,15.491,16.44,18.523,1.5664,1.4631,1.2521,0.9857,15.342,15.378,15.302,15.335,15.402,1.3745,1.3845,1.8311,1.5345,1.352,1.5702,1.5344,1.5253
79.064,31.142,12.52,0.93489,13.012,11.339,40.914,30.413,13.096,15.867,13.064,9.8429,20.069,1.6992,1.4441,0,3.4581,1.107,3.4411,2.2663,5.2204,6.7945,2.9953,1.6362,2.9698,67.145,75.11,111.44,135.36,76.186,66.88,41.811,50.265,28.299,46.945,42.206,28.925,31.093,16.628,38.54,24.068,22.376,16.06,4.1039,6.0963,5.9147,12.856,4.7817,10.247,8.1486,4.5497,5.0854,9.9947,8.2772,12.044,7.0952,19.935,23.156,30.088,10.402,11.528,33.814,35.418,54.387,35.737,77.695,81.167,32.768,51.227,32.757,47.358,28.132,30.401,45.759,31.555,23.19,13.097,22.278,31.445,15.663,15.159,17.184,14.886,13.928,11.751,18.241,12.418,12.557,53.258,61.063,41.418,40.43,30.81,32.715,27.443,27.961,19.937,5.34,20.682,0.6374,3.3094,1.4285,0.92879,1.1468,2.6693,8.102,2.4992,3.8191,0.13345,5.1983,4.1891,7.3078,4.941,2.8827,2.8949,3.4274,2.9397,3.9872,6.2991,6.7723,3.1412,0.032824,5.7892,2.8935,4.6221,2.3097,2.53,2.7454,2.5235,81.502,85.435,38.145,42.728,30.714,27.191,11.172,4.802,5.5168,7.0785,3.4756,10.677,16.149,17.252,13.324,20.018,60.673,66.567,31.063,22.903,20.678,22.894,14.899,14.618,15.72,8.6679,21.494,28.209,17.589,19.429,2.1086,6.6613,1.4911,1.3778,1.4773,1.4417,0.71303,0.99891,1.7236,2.7438,0.6659,5.6893,4.8109,4.8155,3.5152,6.0975,2.7473,5.0186,5.6489,4.7904,4.8814,2.9103,2.988,3.8453,3.1427,5.8006,5.5002,8.9949,5.492,2.4057,1.428,2.4527,1.2064,2.4352,2.7808,3.9428,3.7892,22.477,16.046,11.659,11.541,10.969,11.226,21.753,16.398,10.376,15.795,4.0278,5.1825,0.99792,0.93011,0.68276,0.93406,1.1955,1.6843,29.116,16.532,18.451,18.204,11.514,11.486,11.996,13.443,0.78058,1.0307,0.7511,1.0933,11.381,11.311,11.302,11.301,11.344,1.038,1.1179,0.99633,0.96293,1.0147,0.87657,0.95729,1.097
107.21,55.324,26.174,7.5666,24.102,25.604,21.493,20.298,3.2257,6.4524,29.498,23.244,33.885,4.4996,0.49647,3.4581,0,0.94312,8.3293,8.6477,6.3308,5.077,0.38465,0.56812,0.89926,93.041,104.54,147.04,180.1,106.48,98.618,67.765,80.066,51.366,74.367,67.956,44.613,54.51,32.916,61.918,37.945,43.387,33.976,15.096,18.732,17.523,23.499,13.566,13.192,18.936,10.529,4.2114,19.157,15.441,20.761,6.5265,6.8187,15.122,19.938,2.2574,2.5115,25.888,20.145,36.372,20.471,52.143,65.371,18.406,28.902,21.003,25.79,14.669,13.452,37.148,23.645,8.9256,3.2848,8.1928,29.08,4.4032,4.1383,5.2371,4.0035,3.5324,2.5991,18.434,19.774,18.327,83.307,91.067,67.202,66.947,46.976,55.029,50.23,51.024,36.108,13.652,40.505,5.2911,6.7461,0.49783,0.80291,0.72974,0.22068,1.0036,5.7089,11.975,4.9498,13.083,11.705,17.682,12.919,5.447,5.4528,5.5732,4.5375,6.0349,6.756,0.90975,0.95668,4.1644,0.63514,0.99423,0.61775,0.49719,0.55737,0.78089,0.80457,117.9,122.12,63.106,61.971,54.779,43.813,26.947,2.8537,13.97,17.023,10.239,17.216,5.2371,13.518,10.31,17.717,44.861,42.943,15.655,8.9253,19.95,23.056,4.5261,5.1637,20.231,1.8215,40.436,49.228,29.501,33.566,0.33457,10.648,0.46661,0.49674,0.45839,0.51922,1.4056,0.92685,0.34741,4.5576,1.174,14.163,12.604,12.173,10.767,14.089,9.8119,12.436,13.586,12.913,12.882,5.454,5.3801,4.7054,4.1404,6.7645,6.9817,1.3102,0.87486,0.10767,0.45409,0.49597,1.1142,0.84554,0.85286,1.3548,0.78196,21.594,8.5907,16.911,17.26,16.233,16.607,39.771,34.329,25.549,33.47,13.187,16.122,3.3912,2.939,3.4276,3.5249,0.6054,0.36242,27.869,4.8735,8.848,17.358,16.968,16.839,18.01,20.358,3.7599,3.5232,3.2538,2.6988,16.674,16.78,16.664,16.718,16.796,3.3748,3.3658,4.1288,3.6602,3.3448,3.7419,3.6617,3.6049
88.385,42.861,20.748,4.066,20.479,19.461,31.436,27.705,6.8222,11.803,21.718,14.849,23.806,1.4331,0.082886,1.107,0.94312,0,6.7423,5.9268,6.8468,6.9465,1.3835,0.68652,1.8758,75.586,85.728,124.55,155.3,87.439,80.399,52.878,65.417,39.11,58.746,52.991,33.047,41.446,22.722,47.579,27.424,32.928,25.514,9.1746,12.078,10.449,20.131,7.3615,13.632,14.739,8.5879,2.3858,16.29,13.475,18.429,8.0317,12.581,21.182,27.323,6.0843,6.522,32.897,29.241,47.903,29.606,66.879,78.064,27.037,40.25,29.086,36.507,22.549,21.252,45.273,30.462,15.569,7.7363,14.331,33.791,9.0221,8.6343,10.091,8.3748,7.9638,5.8512,20.967,18.246,17.653,67.125,73.538,52.368,52.489,35.088,41.587,38.147,39.003,25.414,7.4699,31.274,1.7885,2.9563,0.085949,0.1694,0.027404,0.98833,3.5105,4.734,8.5741,1.9446,10.172,8.8003,13.599,9.8974,4.8602,4.8718,5.2946,4.3786,5.917,7.7271,3.5566,2.0229,1.4881,1.8655,1.9154,2.436,1.0937,1.2953,1.6395,1.5289,98.458,102.05,48.782,48.142,42.508,32.142,18.369,1.7717,10.774,9.9821,7.6187,15.915,10.61,17.52,13.597,21.453,56.321,56.422,24.129,15.645,23.102,26.02,9.5864,10.238,20.528,3.5854,29.085,36.575,20.316,23.465,0.18889,10.097,0.09439,0.10971,0.1058,0.06881,0.053031,0.0078701,0.1519,1.7182,0.07527,10.99,9.6677,9.4999,7.8616,11.289,6.8136,9.7691,10.733,9.7687,9.8335,4.8829,4.8944,5.051,4.2711,7.4437,7.3913,4.3756,1.6676,0.57938,0.14293,1.1836,0.88678,1.5121,1.7257,2.7916,2.208,24.971,13.61,16.398,16.494,15.631,15.976,28.466,24.192,18.154,25.214,9.1521,9.358,0.78504,0.57552,0.7761,0.83987,0.099939,0.14443,31.937,9.6351,14.688,20.327,16.335,16.254,17.145,19.186,0.94066,0.85033,0.6985,0.49787,16.107,16.115,16.052,16.078,16.143,0.78265,0.78989,1.1408,0.90711,0.76591,0.93835,0.9072,0.89741
98.878,31.395,5.7332,2.0694,4.1075,6.3696,42.724,21.655,21.12,14.814,10.397,17.188,34.104,9.9637,6.5295,3.4411,8.3293,6.7423,0,0.44292,1.177,3.3061,5.5977,4.5835,4.3898,86.073,91.812,130.26,142.95,91.896,75.403,48.897,47.12,30.26,53.887,50.133,45.284,35.904,25.309,49.255,39.973,21.038,12.978,5.9043,7.3277,11.5,3.8483,13.12,2.1865,2.5785,0.12924,16.431,2.2226,1.1563,2.8947,2.5358,25.803,15.584,21.51,13.271,15.636,21.664,31.223,45.615,31.35,72.233,61.828,28.527,53.538,24.814,50.74,25.176,36.096,30.153,20.241,27.773,17.085,28.741,16.547,22.331,21.817,24.414,21.786,19.394,19.635,7.1867,2.842,2.8583,56.513,70.562,48.667,44.226,47.502,41.869,29.282,28.86,31.177,14.699,16.572,6.4837,13.358,6.466,5.0629,6.2868,5.9401,14.501,0.25901,0.87695,3.3263,0.66621,0.50618,2.1973,0.69237,0.40833,0.4096,0.54371,0.81322,0.6045,1.7351,9.5952,4.4237,3.355,13.383,4.1586,6.8038,4.848,4.8047,4.4507,4.2569,84.51,90.61,45.026,60.949,30.371,41.809,13.708,15.313,0.93153,16.471,0.28504,2.009,18.551,8.8384,6.4572,9.4148,46.99,62.25,30.025,26.457,8.994,9.9514,17.447,14.917,4.59,17.854,29.136,36.847,32.073,32.801,7.9378,0.63987,6.571,6.184,6.4543,6.6354,6.1783,6.306,6.8343,12.319,5.413,0.95273,0.61177,0.45355,0.4621,0.80709,0.56383,0.48708,0.72679,0.75659,0.70091,0.41338,0.46255,1.1733,1.1231,1.3618,1.0594,14.243,13.804,6.6672,6.1093,4.9189,3.4098,4.1247,4.3348,4.4957,5.3879,10.138,11.847,2.4605,2.3837,2.146,2.2543,31.386,20.911,8.9487,12.347,1.5881,10.946,8.1328,7.8728,7.1885,7.9587,5.8496,6.7682,14.491,23.497,15.615,7.63,2.382,2.3743,2.5877,3.2969,7.4932,8.2336,7.3939,8.2541,2.3298,2.2885,2.2902,2.2863,2.3043,8.2432,8.4604,8.1137,8.0447,8.1754,7.7888,8.0284,8.4212
86.093,25.425,4.7322,0.69216,4.4344,4.6679,48.349,27.8,22.288,18.511,7.4221,12.124,26.968,7.5599,6.0914,2.2663,8.6477,5.9268,0.44292,0,2.8401,5.5885,6.3455,4.8041,5.3341,74.167,79.581,115.71,129.16,79.715,64.926,40.439,40.591,24.099,45.065,41.485,36.951,28.812,19.056,40.447,32.274,16.41,9.7154,3.1272,4.2628,7.4458,4.329,9.0408,4.5175,2.0138,0.55696,14.141,2.7511,2.0464,3.9491,4.814,28.499,20.807,27.611,15.47,17.714,28.196,37.459,53.947,37.64,81.68,72.638,34.524,59.82,31.173,56.499,30.549,39.902,37.884,26.523,31.162,19.418,31.531,22.345,24.281,23.703,26.389,23.563,21.456,20.645,11.154,4.3972,4.8879,48.043,60.279,40.209,36.574,38.94,33.812,23.234,23.01,24.208,10.452,13.082,4.275,10.256,6.0372,4.676,5.6862,6.4476,15.379,0.81454,0.27067,1.8488,0.59993,0.2935,1.6124,0.5175,1.2107,1.217,1.5815,1.781,1.8154,3.7311,11.177,5.4398,2.0289,13.374,5.1009,8.0598,5.3939,5.472,5.2823,5.0124,74.359,79.745,36.902,51.089,24.608,33.727,9.3935,13.564,0.72373,11.763,0.13652,3.5244,21.651,13.119,10.086,13.939,56.15,70.829,35.375,30.068,13.4,14.48,20.356,18.23,7.3862,17.847,22.453,29.299,25.332,25.77,7.5106,2.0867,6.1558,5.8092,6.0676,6.1587,5.1758,5.5611,6.5073,9.8044,4.6715,0.78357,0.47365,0.48338,0.13838,0.93311,0.037381,0.54976,0.76035,0.47904,0.49995,1.2281,1.3275,2.5045,2.2255,3.1811,2.7363,15.619,13.436,6.8434,5.7967,5.5258,3.5782,4.8573,5.2005,5.8366,6.5389,14.779,15.924,4.4868,4.269,4.0591,4.1784,24.377,15.422,5.96,9.2583,0.55782,7.0248,6.1719,6.0744,5.3145,5.9755,5.4388,6.434,19.901,25.469,19.886,11.744,4.3331,4.3471,4.4648,5.1408,5.4939,6.2254,5.5468,6.5034,4.3015,4.2032,4.2318,4.2129,4.2289,6.2775,6.479,5.9537,6.0154,6.2245,5.7626,6.0002,6.3733
118.65,44.725,11.376,5.2355,7.7935,12.755,30.67,12.869,16.002,8.059,18.544,25.65,44.215,12.368,6.0564,5.2204,6.3308,6.8468,1.177,2.8401,0,0.57822,3.6224,3.5903,2.4847,104.33,111.69,154.21,169.94,112.08,94.924,64.706,63.048,43.29,70.532,65.999,56.987,49.739,35.754,64.307,50.514,32.164,21.912,11.781,14.054,18.535,7.2492,19.068,1.2477,6.7866,1.7441,17.316,5.0099,2.9024,5.1301,0.2604,18.319,8.2745,12.741,8.0891,10.2,13.456,20.355,32.168,20.445,55.037,47.47,18.185,39.878,15.232,37.751,15.635,26.316,20.815,12.218,19.342,11.155,20.811,11.041,16.11,15.735,17.906,15.835,13.43,14.912,3.9964,4.1856,3.2408,73.932,89.266,64.41,59.675,59.557,55.966,42.121,41.665,42.09,20.583,26.415,9.4731,16.512,5.9927,4.8745,6.138,4.2008,10.677,0.69858,4.0858,5.8543,3.3812,3.1819,6.2582,3.5217,0.4182,0.41337,0.22075,0.32622,0.11893,0.063502,5.7489,2.4225,5.5064,10.957,2.3219,3.9184,3.3299,3.1369,2.6681,2.6249,105.62,112.35,60.206,75.14,43.505,53.697,22.559,15.389,3.9704,23.325,2.6201,3.0616,11.639,3.8871,2.2554,4.8485,33.81,46.431,19.739,17.98,5.1283,6.3457,10.883,8.4228,3.9296,14.764,40.928,50.072,41.157,42.962,7.1336,0.74326,6.0513,5.6915,5.9163,6.1998,6.7521,6.3957,6.1137,14.417,5.7271,3.9718,3.3422,2.893,3.114,3.4257,3.2883,2.9267,3.3902,3.716,3.5576,0.40631,0.36005,0.13673,0.30472,0.015313,0.017758,9.8313,11.844,5.2248,5.5358,3.3007,2.8357,2.5598,2.5418,2.1033,2.968,6.0435,5.5867,2.6429,2.8499,2.4142,2.5607,43.051,31.449,16.613,21.062,5.4935,17.625,10.06,9.533,9.1909,9.9792,5.4967,6.0741,9.7021,17.103,8.3749,3.9277,2.6973,2.6346,3.1752,4.2606,9.6772,10.234,9.2823,9.7223,2.5676,2.636,2.5761,2.6051,2.6377,10.152,10.346,10.473,10.14,10.071,9.9476,10.126,10.456
130.42,54.778,17.082,8.0998,12.439,18.72,22.861,8.8249,12.135,4.3373,25.409,31.316,50.082,13.695,5.8324,6.7945,5.077,6.9465,3.3061,5.5885,0.57822,0,2.7056,3.3074,1.784,115.17,123.97,169.03,188.45,124.71,108.11,75.516,75.388,52.894,81.943,76.729,63.632,59.499,42.61,74.078,56.414,40.911,29.382,16.435,19.379,23.459,11.712,22.847,2.5596,11.324,4.316,17.15,8.8709,5.9477,8.8024,0.14813,13.112,5.0891,8.6842,4.9058,6.6643,10.295,14.218,24.886,14.31,44.683,41.05,12.421,30.88,10.52,29.069,10.246,19.537,17.358,9.0666,13.658,7.2934,15.209,10.146,11.667,11.39,13.184,11.548,9.3362,11.339,4.1669,7.2984,5.7029,86.402,101.75,75.15,70.701,66.398,65.293,51.609,51.263,48.909,24.173,34.662,11.548,18.107,5.7755,4.983,6.1317,3.3535,7.9387,2.1453,7.5565,7.984,6.7336,6.3869,10.628,6.9134,1.5994,1.5918,1.2285,1.1128,1.0842,0.37157,3.5005,1.6744,7.356,9.0203,1.6907,2.4286,2.7399,2.4801,2.0121,2.0697,120.69,127.54,70.608,83.25,53.507,60.716,29.177,14.779,7.5555,27.584,5.5187,5.8437,7.3195,2.4602,1.1307,3.9991,27.409,36.872,13.562,12.409,4.9186,6.4948,6.7853,4.6909,5.8694,12.141,48.867,58.866,46.246,48.958,6.5743,2.4912,5.7958,5.4935,5.6626,5.9865,7.202,6.5315,5.7142,15.345,6.0982,7.5645,6.6582,6.0299,6.2134,6.8184,6.315,6.0876,6.762,7.1678,6.9588,1.5789,1.4703,0.61855,0.84588,0.53168,0.74623,6.847,10.131,4.4437,5.2992,2.6513,2.9493,2.0573,1.9001,1.1866,1.8842,5.7673,2.6537,4.8952,5.2936,4.673,4.867,50.62,38.96,22.966,28.431,9.3773,22.275,11.215,10.529,10.487,11.214,5.4173,5.6967,9.2665,12.498,4.568,3.6746,5.0326,4.9287,5.7387,7.19,11.07,11.429,10.479,10.554,4.8374,4.9781,4.8739,4.9261,4.9725,11.283,11.441,11.93,11.419,11.2,11.294,11.407,11.658
110.55,52.671,21.881,6.1903,19.281,21.854,21.812,16.728,4.9767,5.2923,26.357,23.457,36.201,5.6073,0.80663,2.9953,0.38465,1.3835,5.5977,6.3455,3.6224,2.7056,0,0.20552,0.10811,96.226,106.82,149.63,178.61,108.4,98.164,67.183,76.013,49.319,73.656,67.653,47.561,53.349,33.39,62.636,40.852,40.409,30.619,13.684,17.045,17.278,18.671,14.357,9.1022,15.192,7.4244,6.5071,14.806,11.411,15.997,3.7494,8.069,11.811,16.428,2.272,2.9692,21.116,18.319,33.247,18.584,50.498,58.761,16.513,29.545,17.785,26.73,13.134,14.865,31.317,19.138,9.8325,3.7499,9.6872,23.119,5.8022,5.5207,6.8537,5.4546,4.5003,4.2649,13.549,14.952,13.556,81.274,91.022,66.681,65.287,50.003,55.311,48.16,48.64,37.402,14.794,36.713,5.525,8.3847,0.79177,0.764,1.0271,0.03931,2.0808,3.4544,9.2168,4.331,9.8349,8.7474,14.108,9.7552,3.1548,3.1574,3.1745,2.4107,3.4833,3.9192,0.77995,0.1283,3.6256,1.9816,0.14411,0.17855,0.046832,0.03234,0.074423,0.093065,115.42,120.32,62.515,65.309,51.942,46.155,25.497,4.9451,10.672,18.083,7.4802,12.729,5.2604,9.6954,6.9383,13.118,40.049,41.553,14.84,9.4891,14.918,17.573,4.5651,4.4357,15.077,3.7701,40.429,49.419,32.069,35.653,0.92808,7.1473,0.77936,0.71437,0.73812,0.86234,1.7433,1.2577,0.68992,6.1379,1.2939,10.816,9.466,9.0083,8.0241,10.594,7.3564,9.2146,10.21,9.809,9.7383,3.1557,3.0813,2.4471,2.0817,3.9387,4.1259,2.0547,2.4189,0.23265,0.63728,0.030918,0.45967,0.11275,0.09618,0.31744,0.10083,16.362,6.3194,12.329,12.664,11.769,12.09,40.449,33.385,22.873,30.009,10.531,15.972,4.1631,3.6716,3.9795,4.2504,0.75814,0.69335,21.931,6.3895,7.132,12.685,12.396,12.279,13.317,15.38,4.3642,4.3111,3.863,3.5236,12.136,12.242,12.134,12.185,12.253,4.1721,4.2119,4.853,4.3979,4.1284,4.4162,4.3955,4.4304
101.52,46.579,19.066,4.2897,17.305,18.707,26.197,19.909,6.4062,7.5258,22.448,19.279,31.248,3.9223,0.35619,1.6362,0.56812,0.68652,4.5835,4.8041,3.5903,3.3074,0.20552,0,0.30108,87.833,97.785,138.89,166.76,99.255,89.395,59.97,68.893,43.326,66.099,60.405,41.917,46.984,28.374,55.685,35.695,35.25,26.391,10.652,13.671,13.715,16.815,11.205,9.0277,12.954,6.2428,5.4076,13.186,10.213,14.625,4.1789,10.507,14.365,19.599,3.8001,4.5854,24.105,22.298,38.356,22.58,57.112,64.395,20.275,34.588,21.284,31.48,16.547,18.256,34.821,22.039,12.681,5.572,12.302,25.029,7.7074,7.3684,8.8697,7.2444,6.3157,5.5332,14.447,13.955,12.958,73.449,82.577,59.493,58.268,44.209,48.777,42.248,42.755,32.156,11.655,32.123,3.6317,6.3646,0.34205,0.20906,0.44178,0.1379,2.9981,2.7285,7.3553,2.6656,8.1998,7.1167,11.924,8.0689,2.6099,2.6152,2.7731,2.0665,3.156,4.099,1.7563,0.36295,2.1141,2.3042,0.31092,0.76638,0.064134,0.11526,0.21276,0.16868,106.08,110.68,55.565,58.61,45.939,40.458,21.225,4.1918,8.9041,14.542,5.9835,11.839,7.5106,11.285,8.1968,14.579,45.117,47.581,18.534,12.371,16.104,18.669,6.6693,6.5426,14.93,4.345,34.87,43.253,27.534,30.688,0.60422,6.6132,0.34825,0.27585,0.31601,0.39488,0.85458,0.5714,0.34149,4.5614,0.52258,9.0579,7.8199,7.4848,6.3944,9.0089,5.6847,7.6934,8.6017,8.0658,8.0397,2.6182,2.5837,2.3378,1.8731,3.9823,4.0434,3.231,2.5382,0.19464,0.23401,0.090653,0.091159,0.16125,0.24088,0.72404,0.50424,17.653,8.3923,11.806,12.024,11.206,11.513,34.915,28.388,19.147,25.878,8.3741,12.554,2.6912,2.3128,2.4853,2.7415,0.26399,0.33436,23.541,8.3619,9.5911,13.788,11.817,11.723,12.63,14.548,2.7919,2.8081,2.414,2.2412,11.589,11.649,11.567,11.604,11.665,2.707,2.7545,3.2026,2.8572,2.6694,2.8516,2.8542,2.9115
