0,16.078,16.824,47.65,8.8804,10.972,56.838,60.76,175.36,163.63,195.25,257.4,127.19,122.93,90.807,95.811,90.874,97.851,51.489,78.225,50.323,54.484,46.022,40.981,3.9672,1.9755,4.3143,3.0903,22.86,7.5589,19.114,20.835,21.431,8.3885,23.96,18.261,17.287,33.47,18.208,34.46,31.817,9.356,6.3508,0.68342,0.35506,2.6004,12.131,3.0282,1.8783,11.323,14.302,26.448,35.726,37.145,53.254,24.336,38.494,89.181,85.24,151.15,166.87,154.76,112.93,152.18,234.4,141.01,195.47,194.32,209.46,209.62,141.81,156.06,149.09,143.75,112.03,118.76,118.08,84.567,114.72,84.983,78.577,88.403,72.127,86.852,60.077,71.94,72.787,73.102,71.914,74.059,48.733,47.115,49.201,49.57,71.802,68.19,73.732,70.806,72.278,56.247,61.539,51.236,57.807,56.533,53.5,54.419,62.076,50.189,52.222,46.498,43.634,44.082,46.885,51.749,53.146,50.126,49.337,48.803,53.832,29.895,45.296,40.03,43.06,52.012,44.249,63.356,42.577,41.789,40.476,4.9956,1.7666,13.16,1.0897,1.3675,0.63054,2.7712,14.169,2.6982,8.9148,11.399,10.081,7.9041,9.7149,20.515,33.421,20.652,20.49,20.747,26.412,21.442,44.243,22.068,21.075,4.0522,0.58193,9.4739,16.278,0.53913,2.8283,14.424,14.831,45.945,37.765,36.218,41.538,183.71,122.36,148.29,165.19,169.2,199.2,123.89,123.43,77.833,96.415,91.024,86.864,78.406,84.417,74.424,75.781,73.97,61.956,60.005,54.148,45.171,50.999,45.284,55.888,57.548,61.086,54.045,51.233,46.99,53.691,44.133,43.671,44.555,52.46,53.387,52.234,52.942,52.423,51.561,48.033,53.994,57.605,53.604,40.904,47.044,48.602,61.209,26.752,44.822,42.828,34.707,1.4735,5.8428,4.333,11.152,28.085,38.961,55.303,88.682,78.649,67.942,77.243,77.379,73.96,74.101,48.851,47.541,45.319,43.712,52.175,52.507,51.736,52.128,106.17,124.69,138.55,96.83,76.756,73.66,88.423,77.615,75.285,75.579,76.255,48.09,48.09,49.683,49.79,49.059,44.11,48.736,54.367,50.025
16.078,0,0.3144,8.3718,43.668,28.896,12.894,15.523,92.665,80.857,99.725,153.12,57.643,51.104,32.442,33.487,31.74,41.836,10.869,33.389,11.388,11.37,8.9544,6.4276,14.747,14.851,30.155,5.5645,25.942,2.7331,2.6119,2.0074,1.1218,9.2308,2.3566,0.83137,9.4823,20.387,0.7199,3.8105,2.8008,48.753,41.576,23.389,20.015,14.94,16.077,8.5043,6.9658,4.8875,11.454,3.7228,19.462,11.556,23.364,10.609,5.044,36.208,27.54,69.233,83.023,80.519,47.954,71.565,135.17,62.016,104.7,102.81,109.63,114.18,62.499,77.175,67.648,63.699,48.803,53.686,47.665,28.592,51.051,27.214,24.324,29.212,20.574,29.34,14.042,24.071,25.412,26.499,28.558,23.675,11.213,10.312,10.74,11.012,32.18,31.507,33.693,31.591,32.949,12.22,14.761,10.181,13.076,13.034,10.99,11.34,15.003,9.474,10.365,8.3503,7.1768,7.3129,8.5756,23.856,24.96,21.53,20.568,9.9306,11.633,2.7976,18.177,5.4915,7.2013,21.465,7.0126,16.071,7.1587,6.9034,6.4972,30.923,17.878,42.961,23.637,26.763,22.24,9.1091,21.624,6.1449,23.026,2.9544,2.6124,1.92,0.82097,0.86291,17.013,0.59415,1.7202,0.50516,1.312,1.4222,7.0999,1.1502,0.93197,21.908,22.556,24.402,23.832,10.883,6.2193,0.071681,0.48762,12.009,6.8129,5.7427,7.8279,95.227,51.079,67.034,78.24,82.59,109.61,61.308,55.514,35.575,44.672,41.742,38.53,27.773,30.391,26.624,27.316,25.635,15.257,14.321,11.866,7.5837,10.672,7.8784,12.343,12.806,14.486,11.25,9.9345,8.7318,12.285,7.258,7.1416,7.4869,24.888,25.31,24.766,25.43,24.738,22.77,20.586,24.042,27.015,24.573,16.751,20.663,9.2834,29.086,1.5303,17.632,8.0436,6.6864,23.616,26.132,21.229,41.529,1.6644,13.84,12.325,41.151,29.812,24.798,28.526,27.735,25.907,25.959,10.598,10.226,7.8256,7.0671,24.965,24.87,24.563,24.602,48.031,56.13,70.398,33.997,22.738,27.034,29.119,23.059,26.942,27.222,27.663,10.289,10.447,11.244,11.207,11.182,8.5115,10.481,13.449,11.039
16.824,0.3144,0,8.3271,42.596,33.356,11.824,17.139,97.513,84.094,100.38,158.58,61.292,52.53,34.591,32.645,33.38,46.221,12.222,38.374,13.413,11.247,10.606,7.675,17.519,17.059,32.911,5.6132,31.535,2.2227,4.7237,0.75033,0.35424,12.213,1.0655,0.12738,13.147,25.764,0.088829,4.725,2.445,50.872,41.679,24.247,20.37,17.359,20.162,7.8451,7.5793,7.4023,15.244,5.8928,24.698,15.298,28.534,14.576,5.7867,40.356,26.429,70.175,86.228,85.949,51.275,73.925,140.23,62.243,108.73,106.33,109.66,117.93,61.32,81.088,68.316,62.866,52.696,57.856,48.729,30.558,55.167,26.486,25.565,28.327,21.532,30.912,14.281,27.185,28.868,30.272,33.106,26.116,13.49,12.475,12.671,13.006,37.597,37.115,39.24,36.979,38.481,11.857,14.301,9.3864,12.384,11.687,10.554,11.22,14.619,9.6675,10.529,9.3519,8.1636,8.2531,9.6445,29.21,30.428,26.553,25.456,11.457,12.726,1.8995,22.847,5.0686,8.4296,26.349,7.2955,17.042,8.5064,8.2873,7.9448,33.887,17.142,47.463,23.73,27.487,23.499,8.4538,26.281,7.242,27.067,4.9689,4.3912,3.0168,1.3838,0.21952,21.926,0.19673,0.58319,0.22192,1.745,0.47079,7.6302,0.40996,0.27467,24.912,23.155,28.565,28.809,11.366,6.1583,0.23147,1.5665,15.047,8.9774,7.6355,9.8368,98.701,52.797,67.582,78.005,84.511,114.58,66.87,59.268,41.11,50.076,47.147,43.689,31.01,33.353,30.21,30.899,28.949,14.242,13.31,13.046,8.3058,12.041,8.9078,11.416,12.926,14.357,10.773,9.6764,9.909,13.956,8.1077,8.0723,8.4093,30.381,30.825,30.252,30.99,30.208,27.938,25.559,29.292,32.573,29.945,21.385,25.706,8.236,34.776,1.1863,22.222,9.9074,9.1999,25.503,29.569,24.308,45.619,1.8757,17.991,11.122,46.71,33.73,28.835,32.263,31.165,29.323,29.368,12.532,12.256,8.7822,7.886,30.487,30.358,30.04,30.065,52.836,59.811,75.944,33.759,21.877,30.888,28.567,22.646,30.483,30.809,31.281,12.229,12.473,13.336,13.256,13.377,10.359,12.377,15.62,12.939
47.65,8.3718,8.3271,0,88.582,62.082,1.0829,2.9841,53.383,41.401,50.881,98.333,27.742,19.394,10.485,8.4497,9.1898,21.743,1.637,21.395,3.4218,0.2293,2.3047,1.5585,42.656,44.227,68.915,27.283,48.52,19.149,10.815,8.2782,6.3627,29.996,6.6252,8.1512,24.07,31.301,8.0033,1.7284,1.7993,97.231,86.895,59.745,54.139,43.946,39.163,32.331,30.61,20.374,29.622,7.4461,28.074,13.335,22.153,20.952,0.93166,18.289,5.8139,30.217,42.783,47.37,21.322,33.596,83.986,25.049,59.532,57.071,57.64,65.637,25.2,40.568,28.953,25.893,23.477,27.047,16.945,8.3439,25.421,5.4679,5.2613,6.4287,3.4351,7.9531,0.82299,9.7501,11.473,13.14,17.597,7.4898,4.2849,3.8906,3.1076,3.3139,23.976,25.435,25.198,23.678,24.965,0.40284,0.95397,0.47263,0.72655,1.5222,0.25931,0.225,0.98891,0.085268,0.15103,0.87297,0.916,0.82406,0.98671,24.098,25,21.24,20.143,1.9711,1.244,3.1373,18.924,0.50601,1.3902,19.759,0.13715,2.0082,1.6738,1.8056,2.0575,69.762,49.363,84.708,59.821,65.047,57.837,33.557,47.281,28.643,53.432,16.955,17.299,17.624,14.387,6.5866,25.496,6.0442,8.0423,5.831,3.1921,6.8573,0.31045,5.9546,6.3008,54.934,58.365,55.405,49.586,38.304,28.59,9.6751,10.167,7.7207,4.6084,3.8611,3.6245,51.669,19.784,28.466,35.504,40.266,65.364,36.573,26.796,25.481,27.733,26.578,24.03,11.47,11.623,12.389,12.602,10.994,1.4652,1.2603,1.4235,0.48876,1.6531,0.93756,0.82935,0.50974,0.83352,0.31119,0.091271,1.1878,2.5109,0.68629,0.82434,0.78125,25.371,25.431,25.325,25.962,25.138,22.351,21.12,22.793,25.329,23.997,19.633,21.97,0.80606,26.306,3.2638,18.323,3.0551,6.6205,59.644,60.943,53.569,83.659,2.5764,15.989,1.2006,27.26,14.854,13.951,13.642,12.158,11.476,11.463,3.115,3.4266,0.81616,0.6583,25.711,25.307,25.333,25.117,26.436,26.946,41.649,8.6394,3.685,13.664,6.2809,3.6508,12.312,12.586,12.86,3.132,3.4106,3.639,3.4948,3.99,2.9351,2.9948,4.0638,3.0252
8.8804,43.668,42.596,88.582,0,31.03,97.286,110.94,259.75,242.7,273.73,357.34,199.36,189.14,150.99,148.53,149.84,163.98,97.905,139.35,97.912,97.559,91.203,83.245,22.898,17.716,13.754,18.175,55.98,25.36,52.94,44.928,48.077,34.24,49.678,43.316,50.821,76.003,43.541,73.174,65.287,8.1865,1.1007,5.7836,5.6888,19.38,39.703,13.881,17.202,40.181,45.151,64.367,79.782,82.082,105.63,62.587,78.39,152.62,134.17,222.07,246.53,235.79,181.14,226.99,329.87,207.73,282.23,279.84,288.57,298.34,204.05,234.95,218.8,207.6,181.04,189.86,182.2,142.64,184.76,135.23,133.16,139.02,124.08,144.58,106.19,128.75,130.42,131.3,130.66,130.21,96.275,93.832,96.184,96.825,131.09,126.27,133.72,129.74,131.77,99.095,105.79,90.789,100.01,95.783,95.159,97.481,106.77,92.812,95.464,90.197,86.225,86.714,90.909,103.48,105.44,101.2,100.07,94.701,100.37,60.361,94.273,76.737,86.078,103.84,84.99,112.68,85.717,84.714,83.045,15.069,5.6988,25.915,3.7493,4.3368,7.7511,13.097,41.443,20.657,29.973,39.855,37.142,31.77,33.63,47.162,76.497,48.371,44.944,48.961,60.049,47.297,85.747,49.187,47.984,19.317,5.2777,30.424,44.549,12.136,16.975,40.419,43.874,93.772,80.819,78.071,85.803,267.16,189.2,217.48,235.36,246.31,288.31,198.05,194.92,139.17,163.26,156.32,150.75,137.35,144.57,132.76,134.52,131.73,104.31,101.74,101.03,87.591,97.283,88.611,96.563,102.45,106.32,95.745,92.721,91.343,101.65,86.53,86.122,87.315,104.46,105.77,104.14,105.12,104.41,103.24,98.22,106.67,111.71,106.11,87.902,96.797,86.229,116.71,57.883,93.575,87.284,77.084,10.346,21.021,20.446,22.181,61.812,84.958,94.702,153.4,138.73,124.86,136.65,136.35,131.89,132.06,95.714,94.135,88.459,85.863,104.04,104.53,103.43,103.99,175.04,196.34,216.14,151.88,124.21,132.15,140.21,126.9,133.81,134.26,135.19,94.69,94.877,97.19,97.242,96.554,89.021,95.471,103.69,97.236
10.972,28.896,33.356,62.082,31.03,0,77.24,65.229,159.86,157.67,204.32,237.82,119.09,127.94,91.827,114.46,94.888,85.688,57.615,62.753,52.514,69.295,50.461,47.868,2.8254,4.2252,3.6034,17.892,4.8508,25.51,21.282,42.897,40.562,5.7879,46.162,37.08,10.456,16.38,36.594,43.404,48.318,12.717,21.551,11.139,13.727,3.5849,3.0663,22.087,13.394,11.327,6.832,28.134,19.402,29.457,37.02,15.582,48.394,78.489,105.57,158.8,161.08,136.01,106.87,151.46,217.25,152.96,184.59,186.47,222.13,200.36,162.07,146.19,158.37,161.95,102.62,107.67,125.26,86.725,103.98,103.05,85.065,107.37,80.357,91.307,72.676,67.482,66.317,64.773,59.062,73.53,49.461,48.531,51.956,51.945,53.895,49.212,55.04,53.077,53.692,72.462,78.264,70.072,75.95,78.582,70.175,69.213,78.344,63.18,65.36,54.761,52.022,52.738,54.746,34.472,35.187,34.788,34.798,53.939,61.465,49.649,32.084,56.806,50.031,37.461,56.787,71.602,48.851,47.86,46.19,3.0609,21.52,2.2045,16.068,12.676,8.6846,21.826,1.7965,11.314,0.33421,14.321,14.42,16.314,21.221,38.925,19.002,37.597,41.842,37.012,38.329,41.668,55.318,41.023,39.557,1.6994,12.558,0.19245,2.0176,12.944,18.3,28.196,23.162,42.243,39.301,39.374,43.935,176.23,125.65,158.28,179.7,170.95,182.83,104.61,114.74,59.167,78.312,72.972,70.291,73.158,80.725,67.17,68.536,68.32,81.972,80.018,61.266,55.101,57.038,53.399,75.45,70.883,75.86,70.958,66.883,54.211,57.921,53.323,52.389,53.31,34.36,35.153,34.186,34.451,34.462,35.366,33.022,37.29,39.058,36.195,27.97,31.639,68.97,41.852,43.266,32.083,46.061,34.242,5.8215,0.97971,1.5177,2.6425,41.285,28.87,76.516,69.76,69.41,58.118,69.08,71.006,67.708,67.893,51.591,49.735,53.862,53.09,33.913,34.439,33.741,34.212,91.476,116.42,119.24,111.89,95.697,64.848,105.42,93.885,68.286,68.314,68.8,50.805,50.299,51.479,51.841,50.26,47.422,51.704,55.64,52.949
56.838,12.894,11.824,1.0829,97.286,77.24,0,5.8933,56.632,42.148,46.046,99.84,30.771,18.704,12.587,5.4345,10.41,27.593,4.714,29.564,7.7457,0.71421,6.2845,5.2262,54.318,55.276,82.423,33.701,63.585,23.796,18.063,10.03,8.6866,40.746,7.9789,10.931,34.799,44.023,10.889,5.3669,3.6772,111.44,97.47,69.93,63.167,55.255,52.004,38.029,38.226,29.497,41.163,14.011,40.182,21.974,32.465,31.414,3.9563,24.15,2.9593,27.524,43.349,52.569,24.412,33.257,85.515,21.613,60.525,57.177,51.307,65.601,19.553,42.844,25.897,20.688,27.669,31.437,15.871,10.459,29.903,3.196,6.4703,3.7375,4.5407,9.269,1.5055,14.648,16.961,19.213,25.274,11.034,9.1748,8.6942,7.346,7.6388,33.459,35.579,34.831,33.166,34.663,0.40241,0.46267,0.17473,0.13125,0.067157,0.33619,0.71888,0.57845,1.3576,1.2364,3.7137,3.9441,3.7415,3.9115,34.942,35.984,31.486,30.158,5.534,3.7222,4.4154,28.807,1.5936,4.8661,29.546,1.9804,3.6647,5.389,5.6432,6.1063,83.601,56.262,101.41,68.804,75.36,68.506,39.368,61.442,36.803,67.469,25.055,25.155,24.611,20.187,9.1842,37.087,8.9716,9.9864,8.9119,6.7764,8.933,2.5477,8.2451,8.8158,67.832,68.058,69.732,64.253,46.372,34.952,14.173,16.087,14.234,10.142,9.0336,8.5742,52.073,19.612,25.246,30.366,38.502,67.944,43.427,30.19,34.819,35.69,34.841,32.031,16.215,15.519,18.026,18.15,16.142,0.12476,0.052544,4.0254,2.9672,4.791,3.9137,0.017775,1.1682,0.87476,0.28888,0.59319,4.2865,5.9808,3.4506,3.7568,3.634,36.472,36.501,36.425,37.172,36.188,32.795,31.43,33.219,36.153,34.727,29.829,32.522,0.33383,37.143,5.6317,28.073,7.6469,13.058,71.351,74.814,66.464,99.794,5.6537,25.317,0.031729,35.978,20.874,20.865,19.397,17.325,16.818,16.782,7.3841,7.9605,3.6689,3.4036,36.901,36.39,36.457,36.176,32.671,30.148,47.785,6.4951,1.673,19.861,4.0899,2.2662,17.811,18.153,18.446,7.4665,7.8979,8.1303,7.9009,8.7098,7.4002,7.2043,8.3694,7.151
60.76,15.523,17.139,2.9841,110.94,65.229,5.8933,0,33.019,25.525,39.388,71.455,13.659,11.015,3.0842,8.5261,3.0389,8.62,0.41621,9.0858,0.70172,2.5776,1.0424,1.9855,48.924,52.541,78.585,39.311,45.193,31.113,12.849,19.207,15.594,33.465,17.031,17.847,23.705,24.973,17.482,3.9552,7.9396,111.7,106.07,74.019,69.143,51.549,40.24,47.006,41.642,23.526,30.008,7.9312,21.431,8.7874,12.659,18.422,3.0149,6.5063,7.6697,20.943,26.753,27.265,9.1746,20.65,59.328,18.424,39.632,38.441,46.927,45.508,22.432,23.668,20.549,21.994,10.122,12.505,9.8922,1.9887,11.343,6.2397,1.3154,7.3218,0.88461,2.3549,1.5064,1.9943,2.8727,3.8255,6.8385,1.0536,1.175,1.257,0.75418,0.76066,11.625,13.203,12.388,11.497,12.356,3.2197,3.4265,5.1573,4.3034,7.2047,3.615,2.5729,3.1833,2.0839,1.9765,1.1859,1.6467,1.6154,1.0752,14.536,15.054,12.443,11.687,0.65449,0.39886,11.22,11.444,5.603,1.5795,10.92,2.661,0.37189,1.6277,1.777,2.0531,78.873,66.625,90.385,76.196,80.296,70.745,48.414,47.542,37.959,56.897,21.057,22.277,24.838,22.445,15.618,19.722,14.297,18.649,13.724,8.0011,16.667,2.1638,14.974,15.261,62.133,73.202,58.713,48.977,50.873,41.129,17.643,15.569,3.2812,3.2753,3.3936,2.1118,33.857,10.711,20.442,28.395,27.21,43.121,18.697,12.785,12.212,12.714,12.107,10.458,2.7544,2.9203,3.328,3.4038,2.5766,5.5083,5.5176,0.31785,1.7073,0.45366,1.3378,5.3278,1.8156,2.4237,3.7188,3.2215,0.98492,0.22828,1.7071,1.6955,1.5557,15.489,15.378,15.489,15.908,15.297,13.109,12.722,13.064,14.594,14.13,12.915,13.613,6.5828,14.863,10.217,11.052,1.7083,4.9654,70.917,67.475,60.347,90.613,7.7107,10.407,6.5991,12.75,4.6351,4.6668,3.9577,3.1209,2.8346,2.8234,0.79876,1.0517,1.4002,1.8163,15.829,15.426,15.585,15.332,11.665,12.995,22.578,6.914,5.6663,4.1173,6.2196,4.2565,3.2555,3.4011,3.5362,0.90005,0.97289,0.83781,0.78329,1.0276,1.453,0.78591,0.48901,0.63975
175.36,92.665,97.513,53.383,259.75,159.86,56.632,33.019,0,2.0836,15.565,7.8953,4.2074,12.057,16.553,35.003,18.6,11.612,40.762,22.399,39.123,48.67,44.024,50.522,144.78,154.39,193.29,141.15,114.55,127.21,78.685,102.35,93.954,115.68,96.919,99.411,91.065,75.484,98.536,59.349,72.985,247.12,248.37,196.2,190.56,151.46,119.71,156.83,143.35,99.484,102.78,65.667,68.828,53.526,43.48,76.589,55.952,14.709,41.513,12.325,2.1466,1.2863,7.3834,5.1499,4.4076,17.729,1.4098,2.3758,21.476,3.2173,29.776,1.0077,14.162,26.344,7.084,5.4992,14.864,19.535,6.4114,37.705,25.353,37.956,29.989,20.346,41.783,22.754,22.198,22.211,24.616,22.715,39.845,41.499,40.325,39.829,28.851,32.937,28.307,29.399,29.253,49.616,46.973,57.843,51.791,60.156,52.331,48.691,45.907,49.266,47.91,46.72,49.374,49.234,46.003,46.744,46.214,45.754,45.596,42.135,40.339,81.908,48.716,64.173,48.604,42.643,53.639,34.712,48.485,49.081,50.105,192.45,190.16,199.56,202.77,206.63,189.16,159.29,127.95,134.72,149.29,97.51,101.36,109.86,107.04,94.051,68.872,90.751,101.14,89.263,73.194,96.489,51.774,92.412,93.167,165.41,196.03,151.39,127.6,159.91,144.77,97.861,90.287,41.847,50.797,53.139,47.132,1.8719,10.681,15.014,20.555,6.8719,0.77695,6.4499,4.7389,25.444,14.913,17.371,18.379,19.333,16.925,21.34,20.611,21.559,52.487,53.734,39.635,49.615,41.07,47.628,55.703,44.421,44.214,52.328,52.384,45.327,37.692,49.737,49.669,48.908,47.257,46.391,47.438,47.354,47.067,45.315,47.77,43.334,42.217,44.813,54.098,49.567,62.943,39.791,79.918,48.718,46.261,54.046,186.23,171.19,161.98,202.97,72.589,53.285,59.342,19.274,19.366,25.771,19.928,19.768,21.552,21.476,40.609,41.456,48.018,50.316,47.876,47.147,47.947,47.342,9.4857,4.5874,3.4922,29.134,42.605,21.986,34.719,37.829,20.861,20.72,20.376,41.238,40.991,39.465,39.492,39.74,45.091,40.826,35.554,39.739
163.63,80.857,84.094,41.401,242.7,157.67,42.148,25.525,2.0836,0,7.2086,12.257,2.7613,4.9363,10.866,21.707,11.622,11.63,32.438,23.607,32.48,36.609,36.357,41.727,138.45,146.54,186.44,128.05,115.77,112.91,71.54,86.565,79.486,110.23,81.138,85.013,87.652,76.674,84.329,49.567,59.865,238.17,234.35,184.54,177.69,144.17,117,141.81,131.63,93.053,99.535,58.875,69.755,50.894,44.68,74.151,45.817,14.015,27.374,4.2792,0.018459,4.5989,4.9405,0.73003,7.5916,7.7384,1.6606,1.322,11.649,2.8693,16.161,0.54725,5.394,13.647,6.0634,5.2554,6.7612,13.296,5.9825,24.557,17.183,24.448,20.996,13.138,30.756,19.22,19.532,20.339,24.645,17.522,33.809,35.146,33.425,33.097,31.003,35.49,30.812,31.465,31.695,36.964,34.161,43.978,38.312,44.943,39.443,36.637,33.301,37.946,36.552,37.407,39.968,39.717,36.87,48.353,48.128,46.533,46.029,34.204,31.394,67.323,48.532,51.058,39.803,43.122,42.438,25.615,39.978,40.651,41.809,186.13,174.59,197.09,189.13,194.54,178.57,144.24,126.61,124.31,146.14,89.852,93.06,99.748,95.646,79.883,68.97,77.232,85.668,76.045,61.987,81.536,41.21,78.034,78.978,159.46,183.72,148.53,127.08,147.68,131.36,85.598,80.4,37.665,44.258,45.881,40.28,0.58745,4.2974,5.9266,9.6306,1.5112,3.4012,9.7267,3.5103,27.988,17.428,19.807,20.148,16.207,13.197,19.026,18.308,18.556,38.235,39.46,30.917,39.561,32.778,38.363,41.577,33.042,32.25,39.343,39.916,36.472,30.215,39.99,40.12,39.355,49.218,48.423,49.374,49.485,48.97,46.472,48.38,44.74,44.443,46.506,53.724,50.324,48.369,42.406,66.705,48.328,39.068,48.314,177.25,166.27,156.25,199.42,60.851,51.692,44.482,22.05,17.943,24.472,18.032,17.111,18.806,18.712,33.711,34.775,38.567,40.482,49.9,49.095,49.853,49.222,10.66,3.1917,6.9073,17.418,28.989,20.326,22.076,25.393,18.447,18.423,18.168,34.34,34.311,32.983,32.903,33.505,37.882,33.828,29.357,32.778
195.25,99.725,100.38,50.881,273.73,204.32,46.046,39.388,15.565,7.2086,0,20.662,16.124,8.9006,22.273,20.155,20.793,32.51,46.874,50.668,50.097,44.464,53.173,57.844,176.1,182.72,229.22,152.29,161.7,132.46,97.227,98.395,92.702,145.26,91.88,99.468,122.35,116.2,99.047,65.738,71.677,283.15,270.08,218.88,209.03,180.99,157.39,164.33,158.95,123.77,136.43,82.642,107.63,79.77,77.606,107.99,60.357,35.024,26.377,2.8896,6.7343,23.246,18.608,5.2865,16.218,4.5828,9.2186,6.6332,0.54417,7.6958,7.4525,11.716,3.1084,6.0208,22.552,22.179,9.8095,24.816,23.182,25.018,26.487,23.811,30.129,22.603,39.011,37.981,39.788,42.09,50.522,32.808,52.891,54.036,50.844,50.729,61.529,67.773,61.702,62.021,62.771,43.572,39.448,49.938,43.406,47.922,46.295,44.516,38.781,47.854,45.954,51.331,54.418,53.88,51,82.679,82.795,79.337,78.248,49.916,44.276,77.694,80.475,60.707,55.396,74.71,53.891,36.27,56.185,57.182,58.9,229.74,200.48,248,220.46,229.29,214.09,167.08,170.42,152.94,189.86,117.94,120.57,125.13,117.95,93.807,105.55,91.969,97.983,91.161,78.205,94.139,53.655,91.147,92.679,200.44,216.81,193,172.16,176.31,155.48,104.46,102.83,60.934,65.17,65.904,59.638,6.7449,9.5805,3.2374,1.9455,2.2984,14.98,32.908,17.841,58.065,43.731,46.96,46.673,34.493,29.246,39.642,38.68,37.93,41.396,42.987,44.106,52.595,47.376,52.652,46.168,41.279,38.878,45.937,47.873,51.039,45.61,53.765,54.328,53.346,84.198,83.309,84.357,84.742,83.818,79.767,81.382,77.952,78.631,80.51,86.55,83.967,53.95,76.575,79.87,79.936,57.494,71.588,215.38,209.78,197.2,248.93,75.755,82.309,48.196,50.401,39.487,48.443,38.914,36.489,38.675,38.521,51.213,52.972,52.544,54.217,85.115,84.031,84.907,84.098,32.435,17.02,28.105,18.032,30.226,42.384,22.69,28.185,38.702,38.847,38.632,52.021,52.38,51.037,50.737,52.15,55.963,51.181,46.863,49.896
257.4,153.12,158.58,98.333,357.34,237.82,99.84,71.455,7.8953,12.257,20.662,0,22.915,32.402,45.152,65.187,47.401,38.606,82.767,56.248,81.323,91.084,88.053,96.87,220.23,232.11,279.18,214.81,180.62,196.63,136.25,163.17,153.05,183.98,155.88,160.4,152.4,130.7,159.38,108.87,125.47,343.29,344.57,282.66,275.64,228.51,188.55,233.58,218,163.42,167.36,118.85,122.05,102.46,87.385,133.4,103.79,44.146,75.278,26.401,11.616,14.18,29.723,18.079,0.56611,34.853,4.8951,6.0906,24.498,3.9003,48.715,12.887,28.962,44.272,29.808,26.544,36.708,50.05,28.505,70.869,58.104,70.364,65.014,50.366,81.655,57.21,56.502,56.59,60.117,56.404,82.658,84.97,82.988,82.332,65.678,71.518,64.657,66.549,66.116,91.747,87.342,102.65,93.909,104.07,95.613,91.125,85.962,92.88,90.778,90.941,94.783,94.495,90.015,91.763,90.867,90.764,90.682,85.097,81.63,136.5,95.257,112.94,94.078,86.509,99.527,72.666,94.09,95.003,96.561,278.1,274.37,285.66,290.22,295.15,274.28,236.63,198.39,207.54,225.22,160.78,165.65,176.16,172.1,153.42,122.46,149.49,161.84,147.71,127.25,156.05,97.369,151.05,152.22,245.43,282.36,227.71,197.65,238.38,219.22,159.73,150.84,86.036,98.309,101.37,92.964,7.7533,30.981,30.117,32.85,16.291,3.7311,27.208,24.423,60.28,43.385,47.544,49.562,51.702,47.348,55.161,53.979,55.405,93.713,95.655,80.743,94.626,83.255,92.321,98.979,85.359,84.23,95.473,96.247,89.217,78.696,95.056,95.109,93.989,92.296,91.051,92.561,92.339,92.062,89.984,93.648,87.082,85.078,89.021,102.74,96.079,109.31,81.404,135.01,95.326,91.56,103.08,270.81,252.26,241.23,290.07,126.05,101.96,103.41,50.434,51.992,62.156,52.9,52.539,55.444,55.317,83.41,84.767,92.755,95.839,93.124,92.149,93.285,92.458,34.403,23.934,20.427,58.093,78.554,56.231,66.57,72.757,54.371,54.156,53.606,84.343,84.08,81.908,81.899,82.424,89.851,83.682,76.171,82.082
127.19,57.643,61.292,27.742,199.36,119.09,30.771,13.659,4.2074,2.7613,16.124,22.915,0,3.9375,4.1292,17.707,5.3893,3.0953,18.797,10.308,17.901,24.537,21.161,25.663,103.41,110.86,145.29,97.408,82.784,85.437,47.82,65.06,58.398,79.136,60.773,62.732,59.815,50.334,62.045,32.043,42.157,191.76,190.39,145.38,139.95,108.63,84.237,110.21,99.71,65.094,69.639,37.66,44.76,30.248,25.242,48.605,29.495,4.3344,21.597,7.5592,3.2312,3.072,0.44671,2.9457,16.347,10.103,7.3698,7.5261,22.548,10.581,19.183,1.4766,8.5842,16.839,0.64228,0.48162,5.3253,5.6577,0.65826,18.663,9.1193,19.191,11.943,6.2731,19.734,7.8573,7.84,8.2148,10.91,7.4348,18.56,19.65,18.69,18.376,15.424,18.646,15.352,15.731,15.953,25.353,23.704,31.323,27.112,33.489,27.244,24.55,22.935,24.781,23.862,22.894,24.774,24.668,22.397,28.035,27.886,26.625,26.243,19.788,18.492,49.04,28.158,35.618,24.276,24.06,27.826,14.824,24.227,24.669,25.436,144.86,138.7,153.67,150.32,154.33,139.7,112.3,92.205,92.87,109.26,62.897,65.798,72.14,69.422,58.481,44.156,55.902,64.095,54.747,42.391,60.4,26.467,57.183,57.781,121.45,144.95,111.28,92.512,113.68,100.38,61.741,56.194,20.674,26.385,27.918,23.586,5.5807,2.9672,9.086,15.4,6.328,8.2794,3.4139,0.046909,13.434,6.7752,8.1543,8.2031,5.9205,4.3915,7.457,7.0112,7.3075,27.955,28.767,18.016,24.926,19.012,23.539,29.984,21.54,21.596,27.275,27.157,21.938,16.773,25.017,24.977,24.434,28.717,28.119,28.834,28.934,28.524,26.589,28.025,25.298,25.143,26.644,32.159,29.509,35.105,23.679,47.452,28.013,22.865,29.119,137.92,127.12,118.61,155.92,41.875,30.702,32.762,9.6287,6.6707,10.843,6.7787,6.3501,7.404,7.3498,18.89,19.537,23.806,25.428,29.241,28.623,29.196,28.714,2.8308,0.015579,2.8622,13.395,21.623,8.1797,16.739,18.076,7.1164,7.0808,6.9089,19.333,19.207,18.178,18.172,18.433,22.015,19.022,15.528,18.267
122.93,51.104,52.53,19.394,189.14,127.94,18.704,11.015,12.057,4.9363,8.9006,32.402,3.9375,0,3.0536,6.0108,2.5061,9.941,15.336,19.529,16.841,15.823,18.833,21.972,106.15,111.66,148.32,90.37,95.268,76.26,47.595,52.927,47.952,82.381,48.455,52.578,65.258,61.681,52.145,27.273,32.955,192.87,184.31,141.66,134.39,110.16,91.438,100.75,94.72,66.524,75.642,37.493,55.536,35.549,35.465,54.974,24.054,10.417,9.0667,1.6803,5.2723,13.166,3.3376,2.0882,24.575,1.7762,12.179,10.51,13.032,14.26,5.9037,6.1229,1.7542,4.7575,5.5869,6.3577,0.14748,3.9928,6.3776,7.4771,4.9441,7.4199,6.8318,3.1872,12.228,10.422,11.619,13.127,18.628,7.5722,18.422,19.129,17.312,17.221,26.284,30.249,26.664,26.5,27.227,15.771,13.719,20.293,16.359,20.459,17.445,15.847,13.211,17.237,16.189,18.254,20.122,19.845,17.991,38.951,39.196,36.362,35.499,16.98,14.078,37.975,36.686,26.051,20.487,33.257,20.679,9.8598,20.869,21.451,22.464,148.63,129.22,162.94,143.91,150.21,137.37,102.87,101.5,89.544,116.55,62.52,64.614,68.591,63.926,48.488,53.793,46.764,52.385,46.007,36.057,49.314,20.193,46.819,47.727,125.17,140.31,119.01,102.93,108.35,92.979,54.699,52.385,23.3,26.007,26.594,22.595,8.456,0.069596,1.8353,5.2631,3.7843,16.398,14.249,4.3909,24.649,17.308,18.746,17.951,8.8534,6.2753,11.686,11.21,10.563,16.016,16.867,13.905,19.316,15.613,19.014,18.431,13.644,12.776,17.324,18.011,17.914,14.411,19.873,20.126,19.541,40.133,39.597,40.223,40.585,39.854,36.829,37.61,35.797,36.714,37.596,40.63,39.367,23.228,35.676,38.381,36.257,21.338,30.038,137.82,132.42,122.57,163.76,34.73,37.448,20.248,20.802,12.042,16.77,11.514,9.9882,11.028,10.945,17.528,18.535,19.024,20.181,40.767,40.018,40.564,40.023,11.105,4.0887,13.508,3.814,10.055,13.378,6.1353,8.0766,11.174,11.296,11.228,18.003,18.184,17.37,17.208,18,20.411,17.525,14.942,16.769
90.807,32.442,34.591,10.485,150.99,91.827,12.587,3.0842,16.553,10.866,22.273,45.152,4.1292,3.0536,0,7.1738,0.20843,3.984,5.7557,8.5006,5.9905,8.543,7.5468,10.015,74.417,79.566,110.48,64.39,64.212,53.737,27.54,36.752,31.954,54.51,33.439,35.353,40.311,37.391,34.88,14.017,20.141,150.06,144.96,106.75,101.15,78.105,61.343,74.164,67.185,42.022,48.569,19.92,32.662,17.771,18.193,32.174,12.087,3.429,8.5815,9.2609,11.67,13.717,1.9546,7.903,35.61,8.7922,20.668,19.748,28.698,24.899,14.27,9.8833,9.3796,13.125,2.9926,4.2757,2.9416,0.12616,3.7705,6.6867,1.0082,7.345,2.0446,0.28921,5.8207,2.2572,2.9554,3.8738,7.378,1.0175,6.7754,7.2899,6.35,6.2427,12.758,15.361,13.194,12.834,13.481,9.0723,8.2234,12.76,10.232,14.402,10.192,8.5499,7.7686,8.7047,8.1468,7.9734,9.1669,9.0567,7.7174,20.707,20.972,18.693,18.018,6.5364,5.3663,24.853,18.723,15.542,9.078,16.503,10.653,3.3246,9.1766,9.5105,10.098,110.57,98.376,121.97,109.73,114.31,102.55,75.932,69.479,62.255,82.355,39.271,41.173,45.14,42.124,32.114,31.259,30.341,36.082,29.56,20.963,33.358,9.9136,31.044,31.565,90.361,105.91,84.379,70.594,78.791,66.721,35.469,32.351,9.5316,11.785,12.415,9.6311,16.506,2.6474,9.4895,15.918,12.422,23.594,9.9381,3.8273,12.093,8.7255,9.1612,8.1947,1.7062,0.74874,3.0817,2.8803,2.4146,10.972,11.406,5.1514,9.0506,5.8995,8.4077,12.026,6.8141,6.9203,10.222,10.11,7.5251,4.8733,9.2068,9.2488,8.8905,21.637,21.288,21.691,22.006,21.424,19.112,19.517,18.482,19.39,19.799,21.491,20.779,15.209,18.861,24.012,18.392,8.9379,14.319,102.23,96.24,88.083,122.91,20.366,19.124,13.854,10.371,3.5713,5.8781,3.1521,2.2702,2.675,2.6347,6.4788,7.02,8.516,9.4482,22.098,21.553,21.92,21.534,5.6483,3.849,11.478,4.6577,7.8545,4.063,5.8163,5.7043,2.8302,2.9188,2.9192,6.7648,6.8063,6.2582,6.1924,6.5694,8.3566,6.5094,4.7692,6.0477
95.811,33.487,32.645,8.4497,148.53,114.46,5.4345,8.5261,35.003,21.707,20.155,65.187,17.707,6.0108,7.1738,0,4.9375,21.842,10.234,29.86,13.734,5.9092,13.644,14.357,88.662,91.271,125.54,65.291,91.3,51.564,37.038,30.221,27.642,69.149,26.581,31.514,57.651,62.495,31.382,17.023,17.253,162.93,148.07,112.67,104.52,90.777,81.372,71.905,70.906,54.022,66.801,29.32,56.911,34.418,41.317,50.588,14.114,20.351,0.41997,9.3305,22.301,35.414,14.258,14.741,54.099,5.6628,34.814,31.426,23.386,37.398,4.494,24.147,8.1879,4.9336,18.099,20.578,4.276,6.5777,19.903,0.32499,4.1434,0.15837,4.0014,4.7924,4.7236,14.607,16.947,19.406,26.764,10.043,15.794,15.817,13.681,13.869,36.46,40.144,37.49,36.426,37.747,5.2494,3.7822,7.0802,4.8189,5.9716,6.1203,5.9322,3.6683,7.7068,6.9433,10.941,12.166,11.817,10.993,44.815,45.6,41.202,39.877,11.938,8.522,19.521,39.653,12.007,13.252,38.234,10.286,5.5986,13.94,14.476,15.419,126.61,96.386,145.5,112.04,119.77,110.31,73.743,92.415,68.159,102.78,48.791,49.64,50.479,44.77,28.428,53.979,27.791,30.12,27.537,22.029,28.197,10.718,26.826,27.784,106.12,110.57,105.43,95.041,82.21,67.159,35.888,37.106,22.357,20.668,20.045,17.615,28.124,7.0138,7.739,10.138,16.83,42.209,32.958,17.996,36.196,31.647,32.231,30.16,14.472,12.012,17.664,17.405,15.678,3.9146,4.4295,8.7108,10.733,10.47,11.551,5.5747,5.2301,4.0467,5.9389,6.9475,11.315,10.801,11.534,11.979,11.549,46.425,46.145,46.446,47.111,46.094,42.289,41.854,41.975,44.301,43.925,42.429,43.512,8.4418,44.299,21.406,38.939,16.173,25.024,112.98,114.19,104.13,144.54,20.307,37.722,6.1305,34.27,19.656,22.868,18.388,16.009,16.44,16.358,13.838,14.887,11.311,11.644,47.043,46.31,46.655,46.18,25.362,17.636,34.088,0.30377,1.0868,19.978,0.19194,1.0234,17.168,17.468,17.601,14.179,14.636,14.355,14.075,15.183,15.465,13.687,13.091,13.204
90.874,31.74,33.38,9.1898,149.84,94.888,10.41,3.0389,18.6,11.622,20.793,47.401,5.3893,2.5061,0.20843,4.9375,0,6.0112,5.5611,11.155,6.3547,7.1349,7.6375,9.8159,76.035,80.76,112.28,63.72,67.984,52.524,28.27,34.757,30.33,56.165,31.38,33.818,42.397,40.777,33.404,13.603,18.733,151.54,144.76,106.99,100.95,79.461,63.921,72.967,67.001,43.206,50.821,20.614,35.894,19.685,21.193,34.424,11.499,5.3067,6.1918,8.1931,12.387,16.34,3.0127,7.9868,37.613,7.1909,21.96,20.619,26.663,25.898,11.541,11.231,8.0995,10.662,4.5312,6.0115,2.1232,0.21939,5.4817,4.6019,0.54436,5.116,1.3892,0.047422,4.6643,3.3751,4.3532,5.5352,9.7028,1.5642,7.3601,7.7934,6.6457,6.5881,15.826,18.621,16.361,15.885,16.646,7.4598,6.4977,10.842,8.3476,12.01,8.5418,7.1447,6.0998,7.5813,6.985,7.5301,8.734,8.5825,7.3258,23.88,24.232,21.592,20.806,6.5037,4.9426,23.036,21.359,14.007,8.8462,19.265,9.6473,2.7359,9.0461,9.416,10.067,112.54,97.257,125.22,109.36,114.49,103.1,74.749,72.56,62.436,85.032,40.029,41.756,45.197,41.715,30.598,34.231,29.018,34.183,28.325,20.237,31.592,9.1067,29.435,30.032,92.256,105.94,87.163,73.931,78.572,65.975,34.666,32.283,10.773,12.367,12.786,10.052,17.376,2.3405,8.1151,13.843,12.076,25.647,12.821,5.1927,15.221,11.624,12.093,10.942,2.8863,1.6638,4.5785,4.3651,3.6861,8.8031,9.254,4.7959,8.3912,5.7214,7.9965,9.9696,5.579,5.4609,8.5352,8.6175,7.2209,4.9221,8.6588,8.7702,8.3982,24.926,24.587,24.975,25.349,24.693,22.124,22.39,21.544,22.691,22.971,24.137,23.723,13.111,22.246,22.663,20.963,9.2284,15.219,103.29,98.514,90.026,125.84,19.445,21.371,11.583,13.448,5.3195,7.7972,4.7568,3.6183,4.0323,3.9847,6.7798,7.41,8.0454,8.8787,25.414,24.836,25.201,24.799,7.9835,5.1477,14.274,2.898,5.7123,5.7893,3.8519,3.9143,4.2838,4.4082,4.4303,7.0765,7.1891,6.6838,6.5811,7.0843,8.6232,6.7797,5.2254,6.3121
97.851,41.836,46.221,21.743,163.98,85.688,27.593,8.62,11.612,11.63,32.51,38.606,3.0953,9.941,3.984,21.842,6.0112,0,12.103,2.106,9.9209,20.176,12.748,16.582,74.429,81.523,110.16,74.25,54.444,65.762,30.588,51.776,45.284,54.036,48.654,48.384,37.644,28.798,47.656,21.662,32.238,151.66,153.79,113.22,109.49,79.327,56.886,86.451,74.98,43.386,45.328,22.92,24.651,15.281,10.764,28.587,20.411,0.20591,24.08,18.12,12.57,6.5028,1.9639,11.711,30.322,20.106,18.799,19.716,41.248,24.176,30.563,8.1549,19.194,28.215,0.93386,1.2841,11.073,4.698,0.93376,20.834,8.1004,22.083,10.073,6.2926,16.245,2.5614,2.0378,1.8153,2.4917,3.7666,9.777,10.674,10.599,10.268,4.7065,6.5559,4.6894,4.873,5.0129,21.58,21.142,26.718,23.918,30.375,22.915,20.172,20.426,19.157,18.732,15.502,16.704,16.766,15.011,12.577,12.446,11.748,11.558,12.225,12.675,38.818,12.991,28.017,15.745,10.105,20.7,11.197,15.41,15.602,15.942,109.52,110.67,115.38,118.91,121.2,107.64,88.183,62.909,68.381,77.793,42.456,45.167,51.509,50.456,44.988,24.392,42.356,50.68,41.175,30.168,47.331,19.083,44.293,44.501,89.374,113.33,79.366,62.892,86.914,76.946,45.366,38.997,9.7471,15.015,16.594,13.482,16.576,8.4884,19.726,29.068,17.938,18.396,1.9563,2.3816,3.6899,1.0263,1.398,1.2781,1.6454,1.7492,1.7124,1.5422,2.0245,25.854,26.248,12.156,17.553,12.184,15.818,26.515,17.629,18.666,23.099,22.174,14.434,10.118,17.24,16.986,16.671,13.003,12.593,13.084,13.136,12.878,11.664,12.723,10.775,10.606,11.635,15.811,13.709,30.015,9.652,35.97,12.947,13.33,16.24,105.08,93.659,86.857,117.76,30.389,15.18,29.307,2.0197,1.0557,2.7929,1.2756,1.4985,1.9144,1.9037,10.711,10.889,16.186,17.584,13.353,12.94,13.334,13.008,0.23212,2.6767,3.6972,17.202,22.378,1.717,19.381,18.653,1.6343,1.5641,1.4605,10.965,10.697,9.9337,10.026,9.8677,12.828,10.878,8.228,10.418
51.489,10.869,12.222,1.637,97.905,57.615,4.714,0.41621,40.762,32.438,46.874,82.767,18.797,15.336,5.7557,10.234,5.5611,12.103,0,11.198,0.38157,1.7673,0.24662,0.60046,41.507,44.514,68.891,31.724,40.405,24.334,9.1965,14.148,11.013,27.653,12.372,12.865,19.552,22.508,12.547,1.8088,4.8848,99.636,93.578,63.808,59.128,43.712,34.537,38.599,33.957,18.567,25.174,5.2459,19.372,7.3535,12.617,15.318,1.2005,9.4076,8.5413,26.532,33.813,34.039,13.453,26.781,69.675,23.199,48.169,46.822,54.737,54.596,26.522,30.349,25.924,26.376,14.434,17.241,13.812,4.2045,15.839,7.3212,2.8939,8.5357,1.9084,4.5971,1.3252,3.5878,4.57,5.572,8.5005,2.6751,0.77339,0.68845,0.31399,0.36834,13.177,14.412,14.071,12.973,13.925,2.4214,2.9925,3.6865,3.4401,5.8141,2.5509,1.7588,2.8333,1.0773,1.1267,0.21396,0.41258,0.40392,0.16282,14.289,14.91,12.13,11.329,0.065618,0.084671,7.5939,10.724,3.3449,0.38113,10.827,1.1771,0.7598,0.42525,0.51311,0.6859,69.274,56.575,81.004,65.61,69.61,60.908,39.878,41.608,30.772,49.64,16.14,17.09,19.072,16.839,11.002,17.516,9.8717,13.644,9.3856,4.7677,11.947,0.79486,10.499,10.713,53.771,62.966,51.396,43.195,42.328,33.347,12.648,11.052,2.7371,1.8261,1.7309,0.99672,41.755,15.102,25.725,34.128,34.015,51.966,23.783,17.732,14.223,16.085,15.108,13.188,4.8284,5.3617,5.1575,5.3314,4.3443,4.7725,4.6311,0.061344,0.50531,0.0014532,0.26873,4.1632,1.3772,2.1348,2.676,2.0672,0.12133,0.095896,0.46431,0.44305,0.37991,15.267,15.243,15.247,15.711,15.08,12.9,12.209,13.072,14.86,14.064,11.73,12.976,4.7189,15.428,6.5966,10.301,0.67944,3.2567,61.327,58.972,52.168,80.932,4.5606,9.1145,5.2046,15.567,6.7938,6.0305,6.0035,5.1471,4.6135,4.6118,0.329,0.49063,0.30638,0.52288,15.568,15.21,15.294,15.086,15.687,18,28.494,9.0135,6.113,5.9097,7.6238,5.0188,5.1434,5.3145,5.5012,0.36529,0.45929,0.47879,0.42325,0.63738,0.53816,0.29621,0.54462,0.26283
78.225,33.389,38.374,21.395,139.35,62.753,29.564,9.0858,22.399,23.607,50.668,56.248,10.308,19.529,8.5006,29.86,11.155,2.106,11.198,0,7.9617,21.182,10.427,13.704,55.128,61.922,85.784,59.725,35.705,54.108,20.984,45.394,39.049,37.942,43.235,41.13,23.979,15.678,40.368,17.705,28.647,123.16,128.15,91.277,88.939,59.754,38.945,71.424,59.164,30.089,29.897,15.378,12.708,7.5694,3.4735,16.704,17.525,1.4553,30.728,31.468,24.936,14.014,7.8683,23.593,46.54,32.985,32.902,34.441,61.31,40.065,44.563,18.331,32.579,42.216,5.8324,6.6082,20.446,8.5392,5.8218,27.229,11.884,29.073,13.149,10.938,17.976,2.8336,1.8959,1.1836,0.2016,5.3755,7.1572,7.8945,8.5472,8.2034,0.52711,1.2447,0.55626,0.57686,0.65073,23.068,23.629,27.514,25.881,32.395,23.943,21.163,22.958,19.123,19.105,14.016,14.658,14.859,13.531,4.4794,4.3644,4.1267,4.0926,10.604,12.492,34.972,5.1264,26.341,13.322,3.2442,19.426,12.821,12.752,12.738,12.724,84.959,92.1,88.397,97.573,98.44,85.769,72.862,43.37,52.77,56.449,30.2,32.752,39.085,39.401,38.441,12.731,35.768,44.191,34.567,24.684,41.131,17.598,38.244,38.13,67.515,91.818,57.658,43.088,69.416,62.191,36.447,29.411,5.3656,10.257,11.871,9.7685,30.315,17.682,33.135,44.969,32.164,31.426,5.4298,8.9667,0.31576,0.95204,0.49125,0.22899,2.7626,4.2122,1.6195,1.677,2.3098,28.717,28.764,11.938,16.08,11.168,14.062,28.247,19.009,20.855,24.252,22.664,12.859,9.2497,15.433,15.005,14.877,4.6956,4.4411,4.7477,4.7605,4.6255,4.004,4.7503,3.448,3.2721,3.9085,6.9699,5.3249,30.406,2.741,31.088,5.1635,10.084,10.238,82.582,70.665,65.269,90.88,25.512,7.0156,31.048,0.41038,1.074,0.80039,1.3841,2.1416,2.0303,2.0553,8.5867,8.3786,14.512,15.723,4.9029,4.6587,4.903,4.7074,2.7536,9.5307,9.065,24.954,27.602,1.0342,26.168,23.734,1.7578,1.6596,1.6128,8.6833,8.3001,7.7575,7.9297,7.4273,9.869,8.7817,6.8323,8.5658
50.323,11.388,13.413,3.4218,97.912,52.514,7.7457,0.70172,39.123,32.48,50.097,81.323,17.901,16.841,5.9905,13.734,6.3547,9.9209,0.38157,7.9617,0,3.781,0.18126,0.85902,38.436,41.95,65.259,31.807,34.695,25.279,7.8617,16.409,12.822,24.746,14.775,14.497,16.267,17.643,14.105,2.2637,6.599,96.145,92.345,62.271,58.232,40.949,30.362,39.303,33.352,16.426,21.567,4.0897,14.776,4.6706,8.6133,11.946,1.942,7.3553,12.143,28.929,33.928,31.47,12.723,27.652,68.445,26.228,47.683,46.9,58.773,54.592,31.026,29.538,28.587,30.549,13.042,15.631,15.64,4.5383,14.231,10.527,3.916,11.96,3.1223,5.3996,3.0737,2.4156,3.023,3.6655,5.6617,2.2999,0.07482,0.080367,0.011481,0.0031721,9.292,10.214,10.065,9.1015,9.9074,4.7206,5.4976,6.3205,6.1079,9.1165,4.8667,3.7681,5.2706,2.6695,2.7932,0.86653,1.0155,1.0673,0.75147,10.018,10.532,8.2291,7.5761,0.19922,0.7979,9.7988,7.1352,5.3411,0.70971,7.1476,2.5426,1.796,0.61265,0.64227,0.71397,65.423,56.951,75.403,64.875,68.109,58.995,40.545,36.704,29.727,45.12,14.596,15.754,18.389,16.824,12.656,13.261,11.285,15.777,10.687,5.5105,13.935,1.8992,12.302,12.4,50.188,61.727,46.719,37.955,41.656,33.509,13.262,10.71,1.1081,0.99175,1.161,0.43036,41.769,16.282,28.506,37.943,35.574,50.465,20.628,16.664,10.315,12.678,11.605,9.9055,3.6342,4.5845,3.4908,3.6944,2.9822,7.8529,7.6681,0.68758,1.4272,0.35531,0.86375,7.0303,3.2005,4.2894,5.0457,4.1518,0.59524,0.17739,1.226,1.1071,1.0733,10.838,10.811,10.822,11.211,10.68,8.8571,8.3175,8.9892,10.48,9.8179,8.0639,8.9702,7.5489,10.971,8.1526,6.7977,0.30538,1.9465,58.74,54.845,48.544,75.736,5.5848,5.9894,8.338,11.838,4.8219,3.715,4.2158,3.7132,3.1337,3.1434,0.015135,0.040986,0.9805,1.3078,11.095,10.789,10.866,10.687,13.15,17.033,25.57,11.905,9.3142,3.9193,10.706,7.7731,3.5445,3.6693,3.8326,0.027915,0.026113,0.0068854,0.0022452,0.037138,0.21256,0.022444,0.08558,0.012227
54.484,11.37,11.247,0.2293,97.559,69.295,0.71421,2.5776,48.67,36.609,44.464,91.084,24.537,15.823,8.543,5.9092,7.1349,20.176,1.7673,21.182,3.781,0,2.8695,2.4043,48.948,50.744,76.994,32.472,54.02,23.448,13.84,10.883,8.8125,35.118,8.8988,10.945,28.195,34.873,10.794,3.0232,3.2333,106.89,95.974,67.37,61.381,50.408,44.701,37.846,36.133,24.612,34.34,9.7356,31.262,15.352,23.722,24.387,1.8867,17.073,3.8107,25.428,37.862,43.685,18.646,29.023,77.319,20.575,53.825,51.254,50.685,59.364,20.629,36.267,24.209,21.249,21.033,24.396,13.527,6.6781,22.934,3.4731,3.7687,4.2583,2.2507,6.0878,0.26251,9.0959,10.893,12.664,17.54,6.508,4.823,4.5087,3.5191,3.7166,24.4,26.216,25.578,24.149,25.429,0.054777,0.27518,0.45874,0.28078,1.1945,0.08811,2.4407e-05,0.27838,0.1543,0.08326,1.2816,1.5246,1.3936,1.379,25.911,26.784,22.955,21.832,2.3163,1.1756,4.7757,20.8,1.2816,2.0802,21.237,0.62296,1.3309,2.4213,2.6179,2.9802,77.86,56.137,93.332,67.394,72.986,65.349,39.175,53.259,33.993,60.174,20.933,21.382,21.854,18.249,9.1197,28.653,8.5397,10.659,8.3095,5.1249,9.3335,0.81798,8.3333,8.775,62.076,65.893,62.25,55.59,44.446,33.883,12.872,13.404,8.7169,5.9212,5.2188,4.6032,46.209,16.29,23.739,30.067,34.962,59.837,34.278,23.79,25.597,26.718,25.855,23.409,10.493,10.231,11.763,11.897,10.293,0.77196,0.68761,1.3491,0.95182,1.8189,1.4354,0.51416,0.09764,0.19022,0.10443,0.071646,1.5908,2.5616,1.2394,1.4219,1.3146,27.229,27.23,27.194,27.83,26.981,24.05,22.97,24.358,26.831,25.676,21.859,23.95,0.98733,27.632,5.1486,20.187,3.9,8.2963,67.247,68.393,60.601,92.334,4.3429,18.079,0.9409,26.751,14.119,13.898,12.914,11.307,10.813,10.789,3.5512,3.9783,1.3005,1.2374,27.613,27.156,27.237,26.979,24.635,23.86,38.692,6.0646,2.1297,13.19,4.1115,2.0508,11.619,11.894,12.142,3.6221,3.9231,4.0599,3.8968,4.4821,3.6827,3.4292,4.194,3.3729
