0,8.7766,26.511,23.891,37.767,185.18,140.07,180.09,259.12,106.82,89.502,71.268,44.929,63.783,15.963,16.595,4.0406,5.6975,3.5734,16.02,22.62,26.403,55.451,53.095,27.367,26.711,21.454,26.682,24.126,19.234,20.3,20.651,38.442,31.351,27.454,10.018,22.234,5.1446,14.511,3.7206,25.87,1.2966,37.093,38.329,29.318,36.241,33.737,36.896,41.687,37.153,104.93,121.31,233.4,175.95,136.23,95.94,97.484,84.625,76.241,66.483,117.46,39.291,56.684,53.433,22.536,26.437,25.473,0.91925,3.2405,2.9757,13.356,40.022,21.404,33.622,35.976,23.163,46.574,43.323,48.41,51.853,63.28,38.981,50.53,47.673,48.12,19.863,19.903,20.243,24.965,25.118,26.324,25.509,29.427,27.675,29.07,21.123,27.496,26.094,17.98,33.813,25.72,23.295,39.669,55.443,48.036,43.154,43.571,44.528,65.308,61.719,52.071,14.403,34.959,16.091,23.093,22.888,25.774,29.095,12.593,24.407,18.35,22.79,21.746,20.754,41.328,16.817,17.408,31.073,19.758,21.508,2.3712,1.4528,3.289,12.717,8.2339,34.138,38.278,34.674,38.747,25.645,36.426,37.296,104.79,116.98,200.86,237.3,177.07,167.28,88.813,92.569,63.748,77.54,29.249,39.835,48.419,44.287,5.8316,3.7378,13.722,8.9004,9.6479,13.695,12.676,14.187,39.207,26.409,49.377,48.38,18.657,21.209,20.946,20.252,24.919,24.277,23.765,25.308,24.536,26.09,23.974,23.01,24.347,26.832,27.292,34.755,28.107,46.6,40.473,42.377,42.74,66.489,24.008,25.145,23.182,32.029,26.302,23.18,21.644,16.432,20.369,20.268,40.815,24.345,26.827,22.708,18.211,10.287,25.545,36.887,37.007,37.407,34.365,36.147,37.788,20.665,20.703,20.333,37.814,34.691,37.129,39.509,36.855,36.767,51.685,44.499,48.164,49.904,20.939,19.161,20.826,20.577,19.659,22.47,36.772,36.608,36.739,36.921,36.743,36.718
8.7766,0,13.709,14.634,45.351,243.66,192.77,232.45,337.22,161.39,131.79,93.468,76.425,81.553,41.851,41.308,16.48,18.728,16.544,23.63,48.847,56.765,70.67,67.707,51.962,53.388,31.181,43.005,39.984,35.394,41.155,41.092,13.387,8.7851,7.0518,0.30233,3.9759,0.62209,4.6529,5.5789,26.103,9.5463,43.753,43.744,38.099,47.114,44.912,47.787,52.008,47.551,152.87,173.15,308.76,242,186.6,132.97,136.21,122.2,112.81,100.78,147.65,69.943,64.999,95.074,53.096,52.033,15.522,13.726,11.324,19.268,22.45,38.345,32.353,40.614,49.752,36.989,51.866,59.66,65.553,69.041,79.957,54.873,66.84,64.891,65.011,43.618,44.472,44.505,54.777,56.08,56.642,53.812,62.736,60.281,63.151,51.271,59.15,58.196,44.471,69.663,57.981,35.861,52.249,81.262,64.118,61.223,62.027,62.715,84.298,78.536,69.196,33.925,66.231,40.898,45.97,45.552,49.345,35.242,25.667,31.995,38.55,42.602,40.705,41.019,13.705,1.3456,1.8176,7.9068,10.296,18.247,2.0873,3.236,16.109,10.709,21.444,25.504,51.37,48.038,48.184,47.199,48.55,47.445,157.51,174.3,250.07,293.82,230.43,216.48,129.12,134.1,105.97,125.92,61.67,75.935,78.66,68.464,17.494,16.032,26.698,27.056,25.2,30.766,29.322,40.703,77.191,59.419,65.661,64.585,46.015,45.811,45.352,44.566,51.385,51.378,50.297,55.524,54.249,57.639,55.147,53.45,49.279,57.633,58.685,59.857,57.501,63.431,59.686,60.504,60.607,78.26,56.344,49.269,45.903,59.212,55.665,50.03,40.531,38.521,41.686,41.011,69.374,33.486,33.921,48.334,47.451,31.746,40.155,47.346,47.671,47.852,44.696,46.373,48.878,44.993,45.333,45.01,49.304,44.964,48.003,51.445,47.843,48.365,73.45,62.711,64.589,64.56,44.725,44.493,40.796,40.911,37.836,42.763,47.692,47.177,47.002,47.253,47.419,46.785
26.511,13.709,0,0.39215,18.101,194.79,153.41,178.48,290.39,139.69,102,55.083,59.349,44.273,43.41,40.425,21.132,20.868,22.48,11.996,43.399,53.073,36.256,34.224,40.573,44.701,15.437,26.029,24.662,24.211,32.411,31.685,5.7726,5.9702,5.0694,17.629,6.851,17.683,2.4681,10.55,6.3721,18.896,16.743,15.83,16.418,21.583,21.018,21.866,23.135,21.331,122.61,140.53,266.43,206.75,145.98,94.909,99.063,89.677,83.306,73.968,95.925,55.82,27.825,85.689,53.962,42.416,0.31864,27.465,15.824,30.215,13.658,9.4574,17.015,15.787,25.404,21.4,19.308,32.125,35.611,37.314,42.415,29.64,35.392,35.382,35.104,38.069,39.785,39.131,51.744,54.652,52.963,48.164,60.585,58.795,62.732,53.172,56.304,57.584,44.38,67.425,58.071,19.641,25.246,52.909,33.88,34.651,35.427,35.429,46.9,41.786,37.328,29.856,56.13,40.752,36.547,36.111,38.296,13.242,19.1,13.525,31.059,30.87,29.218,31.379,9.305,11.608,8.8424,7.9979,0.50539,2.873,16.425,21.145,22.538,3.6472,20.03,2.4839,25.37,24.333,20.765,34.509,23.311,21.071,133.96,151.78,186.65,226.93,178.49,163.5,97.466,102.02,90.271,111.01,58.254,68.568,58.07,45.135,18.673,21.18,18.928,28.533,23.466,25.466,24.814,45.869,73.515,60.063,34.804,34.22,46.389,39.863,39.444,39.242,44.053,45.393,44.113,52.733,51.516,56.107,55.362,53.549,40.783,54.155,55.642,43.396,50.846,34.315,35.314,34.409,34.166,37.438,58.638,39.269,36.259,46.731,50.661,44.792,29.077,34.747,33.28,32.201,51.995,15.391,13.623,42.098,51.634,35.002,23.14,21.304,21.616,21.494,20.156,20.711,22.486,39.275,39.913,40.013,23.022,20.206,21.938,24.313,21.976,22.743,44.322,35.454,34.44,32.729,38.162,41.495,30.857,31.484,27.586,31.667,21.854,21.334,20.993,21.154,21.526,20.734
23.891,14.634,0.39215,0,13.45,178.17,138.51,162.91,269.68,125.28,89.811,46.745,50.108,36.937,36.313,33.455,17.065,16.547,18.365,8.1336,35.874,44.753,29.611,27.756,33.095,36.915,10.914,20.034,18.85,18.545,25.866,25.195,9.0916,9.0013,7.6808,18.938,9.251,17.87,2.8167,8.7599,3.6741,15.963,12.303,11.61,11.795,16.317,15.771,16.577,17.817,16.132,109.19,126.16,246.54,189.2,131.52,83.419,87.259,78.353,72.35,63.634,85.201,46.909,22.514,74.671,45.832,34.814,0.02588,23.781,12.679,25.645,9.6225,6.7023,12.251,11.386,19.579,16.009,14.878,25.591,28.783,30.385,35.3,23.317,28.664,28.559,28.33,31.067,32.653,32.03,43.576,46.32,44.653,40.186,51.714,50.109,53.784,45.183,47.752,49.05,37.071,58.007,49.538,14.486,19.541,44.308,27.263,27.795,28.487,28.512,39.298,34.681,30.405,23.834,47.291,33.799,29.535,29.144,31.053,9.1649,14.327,9.3193,24.717,24.396,22.939,24.915,13.336,13.788,10.883,11.305,0.38292,1.1426,15.568,20.027,18.48,2.0713,15.49,1.5129,19.607,18.628,15.71,27.615,17.793,15.917,119.86,136.75,171.27,209.81,162.81,148.66,85.602,89.874,78.808,98.269,49.509,58.836,48.918,37.139,14.595,17.169,14.116,23.084,18.409,19.904,19.384,38.821,63.569,51.398,28.112,27.57,38.919,32.66,32.285,32.132,36.382,37.654,36.486,44.491,43.384,47.644,47.068,45.406,33.38,45.753,47.136,35.551,42.583,27.595,28.326,27.565,27.361,31.204,50.201,31.962,29.269,38.644,42.488,37.145,22.815,28.191,26.653,25.677,43.366,10.873,9.4303,34.661,43.954,28.937,17.509,16.101,16.369,16.278,15.057,15.577,17.13,32.142,32.73,32.842,17.586,15.108,16.645,18.739,16.669,17.318,36.548,28.533,27.754,26.335,31.102,34.286,24.44,25.015,21.537,25.123,16.563,16.118,15.833,15.975,16.284,15.614
37.767,45.351,18.101,13.45,0,94.694,67.485,82.939,165.8,63.413,36.383,10.046,16.702,5.8408,20.974,17.859,18.56,15.789,20.093,4.599,15.697,21.123,3.1599,2.5681,10.942,14.18,2.4205,3.4664,3.8488,5.8473,9.5287,8.8952,44.225,44.44,41.258,52.996,43.551,46.019,24.609,22.157,3.1386,25.082,0.028223,0.13452,0.57003,0.32578,0.48828,0.31773,0.30887,0.22827,49.214,60.354,148.56,106.02,62.265,30.528,33.09,28.399,25.424,20.935,31.169,16.317,1.9371,34.948,24.888,12.682,13.631,30.658,18.893,26.891,6.2554,2.4477,2.6646,0.13356,1.1334,3.0846,0.58111,2.2819,3.0525,3.4687,5.2455,1.9665,2.8943,3.0205,2.9004,13.559,14.794,14.073,20.973,23.469,21.081,17.587,25.808,25.403,28.128,25.352,23.234,25.458,20.014,29.238,26.217,2.5519,0.72609,9.9983,2.5168,3.1873,3.4314,3.3174,6.7791,4.975,3.4671,11.947,18.575,18.567,10.531,10.364,10.246,0.64637,7.9788,1.4543,9.9018,7.31,6.9514,8.66,53.356,49.712,44.877,49.257,16.893,7.244,37.297,41.746,20.689,12.08,12.272,8.6854,0.86422,1.0447,0.10445,7.9932,0.60481,0.18898,58.867,71.32,88.783,117.02,83.039,72.817,33.176,35.825,34.422,47.576,23.78,26.523,14.663,7.8428,14.739,19.141,7.1096,16.24,12.398,9.9432,10.398,25.083,31.526,27.602,2.7482,2.6062,21.2,13.963,13.83,14.149,14.742,16.17,15.504,21.597,21.083,24.077,25.03,24.104,12.693,21.776,22.78,9.6063,18.138,2.7353,3.8532,3.1962,3.0577,4.4842,28.202,11.211,10.297,12.933,19.128,16.414,6.9294,13.655,10.021,9.4214,13.015,1.5297,0.94864,14.647,26.579,19.574,2.8098,0.24124,0.2748,0.23419,0.29655,0.21705,0.3503,13.893,14.337,14.666,0.43462,0.27226,0.31186,0.554,0.33693,0.46839,6.225,3.33,2.6846,2.1505,12.914,16.66,8.3218,8.8196,7.2033,7.9092,0.32484,0.26375,0.21188,0.22026,0.28025,0.18309
185.18,243.66,194.79,178.17,94.694,0,3.1698,1.3248,11.091,15.287,17.272,44.159,47.958,55.466,93.523,91.084,137.86,130.05,139.31,118.83,78.359,72.807,64.518,67.03,71.345,71.341,104.74,83.214,87.156,93.396,85.172,85.029,267.63,265.94,256.91,258.84,258.47,234.98,206.39,175.59,130.71,163.64,97.972,100.91,98.451,86.695,87.954,86.14,84.241,87.25,11.51,7.2093,8.2548,4.2939,3.8061,17.764,16.107,20.887,24.899,31.035,23.033,53.973,81.833,43.528,81.674,72.119,179.36,160.21,151.88,141.82,119.32,124.61,101.6,99.76,79.74,92.536,95.911,68.715,63.897,61.928,58.027,72.711,64.499,64.168,64.591,83.972,83.698,83.091,75.239,76.087,72.926,73.38,70.035,72.708,72.072,84.749,71.866,75.469,88.564,65.26,76.602,95.223,79.808,45.183,66.37,65.315,64.285,64.168,52.37,58.303,61.947,97.713,59.308,92.413,78.878,79.367,74.334,106.52,111.16,107.16,89.206,82.523,85.193,85.059,288.99,265.03,256.51,276.32,187.86,151.43,209.32,211.67,141.01,162.72,121.49,160.39,79.572,81.767,88.68,76.453,83.355,87.807,14.333,13.4,5.3601,5.9392,0.81509,2.5249,18.034,16.25,33.217,27.731,69.253,55.302,45.505,54.572,132.15,139.53,109.09,113.33,113.75,101.98,104.78,100.16,58.941,76.294,65.179,65.908,87.571,81.178,81.721,83.062,74.275,75.371,76.267,74.882,76.043,74.693,79.041,80.305,75.651,72.336,71.996,62.018,69.19,65.612,65.095,65.736,65.989,68.784,81.119,74.854,78.862,63.713,72.35,77.356,85.444,91.61,84.616,85.338,53.254,102.76,105.94,78.234,91.734,108.37,87.969,87.287,86.652,86.931,89.642,88.485,84.946,82.269,82.126,82.833,83.895,89.528,86.007,81.526,85.919,84.415,53.357,64.14,65.554,68.548,81.954,85.253,85.287,85.266,89.494,82.388,86.161,87.21,87.926,87.601,86.824,88.47
140.07,192.77,153.41,138.51,67.485,3.1698,0,3.9968,21.733,5.6912,5.7836,27.691,26.703,36.671,62.268,60.331,99.649,93.116,100.8,85.243,50.115,45.595,43.471,45.345,44.842,44.613,73.728,55.498,58.566,63.239,56.005,55.957,218.58,215.97,207.52,206.07,208,184.51,161.55,132.77,97.317,121.74,70.274,73.054,69.468,60.174,60.891,59.787,58.854,60.809,2.604,0.92542,15.894,5.0972,0.16541,7.44,6.119,8.521,10.875,14.948,15.407,31.152,58.995,23.417,52.679,45.314,139.8,118.43,111.89,102.66,85.201,94.149,70.937,71.309,53.963,63.196,69.904,45.326,41.834,40.614,38.876,48.192,42.7,41.959,42.407,54.725,54.442,53.986,47.525,48.202,45.689,46.096,43.439,45.542,45.094,55.157,44.853,47.732,58.24,39.774,48.645,65.608,54.611,26.14,43.979,42.264,41.41,41.46,34.139,38.888,40.664,66.069,35.103,61.4,50.844,51.25,47.259,76.552,77.81,76.364,59.249,54.138,56.346,56.009,237.53,212.71,205.47,224.91,146.29,114.77,161.77,163.53,102.23,123.19,86.092,124.59,54.182,55.553,62.324,49.195,57.244,61.325,4.7074,5.3013,10.561,15.655,3.074,3.4523,6.4709,5.3787,15.937,12.733,42.798,32.021,25.156,32.779,95.034,101.05,76.193,78.838,79.473,69.798,72.101,67.694,34.946,48.428,43.127,43.621,57.424,52.452,52.894,53.959,46.903,47.717,48.454,47.239,48.163,47.099,50.573,51.574,48.107,45.221,44.954,37.805,42.78,43.078,41.628,42.515,42.8,48.899,52.292,47.584,50.853,38.752,45.252,49.29,56.553,60.931,55.506,56.15,30.88,72.465,75.678,50.059,60.825,74.546,59.544,60.8,60.257,60.567,62.486,61.744,58.869,53.333,53.195,53.75,57.943,62.437,59.705,56.11,59.584,58.238,32.916,41.43,43.272,46.205,53.134,55.628,56.234,56.158,59.81,53.945,59.786,60.688,61.342,61.084,60.368,61.821
180.09,232.45,178.48,162.91,82.939,1.3248,3.9968,0,18.911,19.175,16.142,35.471,45.191,45.531,91.587,88.435,132.1,124.12,133.9,109.27,75.55,71.553,54.177,56.627,67.19,68.222,95.27,75.661,79.686,86.6,80.203,79.836,248.29,248.06,239.83,247.85,242.75,225.59,192.62,166.52,117.68,157.21,85.958,88.374,87.852,76.221,77.803,75.617,73.125,76.528,12.101,8.7074,15.836,9.9174,3.7173,13.814,12.82,17.882,21.999,27.793,15.009,51.352,68.921,45.046,81.119,68.528,163.74,155.83,144.73,138.16,110.63,109.69,92.571,88.156,70.35,84.386,82.688,59.689,54.79,52.585,47.709,63.867,54.917,55.145,55.409,80.368,80.472,79.672,73.903,75.339,71.659,71.2,69.929,72.472,72.452,84.209,71.138,75.196,86.588,65.945,76.477,86.586,69.667,39.043,56.886,56.971,56.06,55.763,42.804,48.141,52.564,92.976,57.445,89.897,74.454,74.873,69.902,95.042,104.03,96.638,84.205,76.807,79.24,79.778,269.29,251.22,242.21,258.66,173.15,137.9,200.89,204.39,135.62,150.75,115.13,144.1,69.734,72.336,77.488,71.153,73.317,76.986,17.376,18.044,1.7174,4.1224,0.089989,0.34014,16.016,14.56,34.037,30.608,68.689,55.349,41.849,48.615,125.66,133.79,101.77,108.94,108.09,96.291,99.075,98.925,60.1,76.484,55.672,56.444,85.935,77.786,78.272,79.666,71.279,72.764,73.453,73.708,74.717,74.116,78.59,79.605,72.006,71.251,71.158,57.313,67.215,56.521,57.421,57.478,57.6,56.455,81.326,70.744,74.358,60.224,70.596,74.774,79.474,87.727,79.841,80.325,49.516,92.778,95.001,75.125,91.226,105.27,79.868,76.61,76.039,76.206,79.135,77.787,74.419,78.822,78.816,79.598,73.511,78.972,75.458,71.164,75.434,74.158,45.826,55.746,56.191,58.389,78.218,82.505,79.871,80.037,83.468,76.912,75.659,76.596,77.191,76.876,76.237,77.668
259.12,337.22,290.39,269.68,165.8,11.091,21.733,18.911,0,33.357,48.592,97.57,92.761,114.03,146.45,145.12,206.4,197.68,207.37,191.36,130.25,120.15,126.26,129.55,124.54,122.42,174.47,145.32,149.94,156.23,142.88,143.15,377.76,373.68,362.26,353.81,361.83,324.01,299.71,256.22,210.9,237.4,170.15,174.42,168.71,154.21,155.28,153.6,152.08,155.25,36.351,27.371,0.7116,8.0237,24.914,54.301,50.806,57.327,62.763,71.74,66.089,100.01,151.18,77.484,129.21,124.34,271.57,229.18,225.38,206.56,190.43,206.11,169.98,171.77,144.06,157.62,169.13,129.82,123.86,121.67,117.81,134.54,125.27,124.08,124.84,138.67,137.55,137.23,123.27,122.96,120.32,122.89,114.16,117.7,115.48,132.86,117.81,121.11,140.65,106.48,122.13,161.68,145.24,95.405,127.51,124.54,123.06,123.19,109.53,118,121.75,157.37,105.01,146.41,134.22,134.95,128.73,179.75,177.94,179.08,147.77,141.14,144.8,143.35,402.34,365.9,357.22,385.02,280.01,236,293.27,293.59,209.29,246.63,188.59,250.38,144.52,146.62,157.66,132.99,149.47,156.07,34.344,28.258,25.661,17.588,17.457,23.803,51.438,48.22,65.924,53.492,114.27,95.761,91.41,107.13,201.26,208.28,175.87,175.06,178.15,164.31,167.68,152.71,97.598,121.02,126.03,126.9,138.71,134.87,135.64,137.14,125.72,126.22,127.74,122.47,124.21,120.88,125.82,127.91,128.73,119.2,118.22,114.16,117.36,126.01,123.22,124.93,125.45,133.85,126.77,128.72,134.36,113.86,120.71,128.56,145.14,148.37,141.83,143.16,101.38,172.94,178.25,130.74,141.09,166.5,152.02,155.23,154.36,154.86,157.87,156.73,152.14,136.3,135.84,136.53,150.64,157.8,153.47,147.68,153.27,151.1,108.13,123.13,126.31,131.17,136.52,138.39,143.89,143.5,150.11,140.51,153.6,155.04,156.09,155.68,154.53,156.86
106.82,161.39,139.69,125.28,63.413,15.287,5.6912,19.175,33.357,0,4.8225,31.469,17.029,39.544,40.251,39.852,75.056,70.18,75.398,71.027,32.666,27.18,44.374,45.619,31.182,29.286,62.271,45.119,47.094,49.09,40.47,40.835,200.37,194.76,185.85,172.31,183.27,151.14,140.45,107.52,88.05,93.913,66.006,69.321,61.828,55.124,54.789,54.99,55.951,56.186,2.1882,2.2095,24.477,8.6917,6.5794,11.635,9.7861,9.1363,9.4886,11.717,28.19,19.525,61.4,9.1751,31.309,30.546,127.16,87.951,87.217,74.144,69.202,90.749,59.268,65.638,48.266,51.811,69.183,41.808,39.913,39.854,41.873,43.16,41.723,39.761,40.453,37.236,36.427,36.405,28.657,28.34,27.263,28.864,24.146,25.787,24.708,33.098,25.941,27.388,37.32,20.644,27.852,54.581,50.588,23.553,42.206,38.193,37.374,37.858,37.139,41.377,39.995,47.44,20.889,40.446,35.835,36.244,33.336,69.008,60.533,66.589,42.873,40.499,42.512,41.03,217.13,183.3,178.15,201.78,130.16,102.53,130.34,129.87,76.502,105.59,65.472,117.09,49.529,49.422,58.44,36.253,52.057,56.792,0.13585,0.25509,31.739,39.4,16.97,17.849,6.6389,5.8744,5.8208,2.3664,24.289,16.234,17.712,26.859,72.665,76.132,59.693,56.549,59.16,51.866,53.635,43.361,16.84,27.307,41.765,41.936,36.239,35.258,35.666,36.347,30.687,30.653,31.495,28.231,29.096,27.33,29.653,30.698,32.583,26.684,26.159,27.463,26.247,40.608,36.176,38.137,38.635,53.82,30.07,33.002,35.981,25.911,27.646,31.73,42.695,42.219,39.771,40.653,21.279,62.511,67.069,33.096,37.245,51.241,49.119,56.064,55.538,56.035,56.769,56.751,54.387,35.978,35.659,35.942,53.406,56.859,55.002,52.144,54.756,53.276,30.662,37.81,41.456,45.407,36.305,36.549,41.437,41.044,45.139,39.914,54.936,55.827,56.577,56.379,55.544,57.074
89.502,131.79,102,89.811,36.383,17.272,5.7836,16.142,48.592,4.8225,0,11.794,7.6685,17.189,30.92,29.267,57.538,52.55,58.483,47.114,22.165,19.734,20.918,21.95,18.434,18.437,38.929,25.848,27.847,30.863,25.799,25.762,155.88,152.85,145.52,142.81,145.3,124.99,106.99,83.143,57.702,74.586,38.419,40.74,36.686,30.588,30.776,30.388,30.39,31.202,0.96721,3.0801,38.81,18.334,4.8922,1.7305,1.1689,0.68494,0.97962,2.2553,11.098,10.198,32.878,7.9811,24.898,18.804,91.046,72.478,66.819,60.397,46.825,57.333,36.806,38.701,25.864,31.181,39.6,20.45,18.604,18.22,18.75,21.968,19.57,18.587,18.986,25.098,24.993,24.634,20.983,21.737,19.791,19.682,18.936,20.249,20.347,26.623,19.51,21.693,28.057,17.079,22.4,33.001,26.877,8.2377,20.144,18.159,17.589,17.76,15.558,18.503,18.292,32.826,12.766,30.07,22.353,22.619,19.986,42.081,41.202,41.305,28.023,24.553,26.056,25.796,171.59,148.63,142.76,160.06,95.439,70.758,106.42,108.01,59.586,76.295,47.255,80.282,26.352,26.879,32.589,21.256,28.397,31.615,3.3792,6.7167,24.768,36.521,14.993,12.947,0.1494,0.10099,3.7532,4.4849,18.246,11.814,6.8324,11.467,53.949,58.617,40.059,42.142,42.411,35.403,37.051,35.157,14.386,22.455,19.712,19.929,27.635,23.594,23.883,24.62,19.969,20.618,21.049,20.869,21.417,21.09,23.514,24.057,20.63,19.568,19.517,14.039,17.58,19.259,17.328,18.236,18.496,26.835,25.105,20.223,22.353,14.64,19.286,21.679,26.198,29.343,25.47,25.897,9.9355,38.318,41.099,22.046,30.63,39.348,28.719,31.156,30.762,31.055,32.074,31.765,29.822,24.181,24.12,24.517,29.124,32.083,30.361,27.985,30.229,29.197,12.54,17.734,19.637,22.095,23.987,25.949,25.95,25.897,28.417,24.409,30.37,31.031,31.546,31.376,30.807,31.907
71.268,93.468,55.083,46.745,10.046,44.159,27.691,35.471,97.57,31.469,11.794,0,9.4015,0.64418,29.237,25.912,41.398,36.687,43.125,23.16,19.803,22.226,1.9746,2.4731,13.364,16.085,16.704,10.758,12.49,16.464,16.979,16.381,96.279,96.733,91.935,103.99,94.829,91.893,65.071,55.308,24.34,54.504,11.092,11.896,12.516,8.1607,8.9294,7.9224,6.846,8.1426,18.956,25.056,85.42,55.675,24.017,6.4459,7.8962,6.8333,6.4693,5.629,6.1669,11.439,5.8568,22.132,28.296,15.113,47.064,58.114,45.821,49.481,24.947,20.472,15.999,12.072,6.8353,13.528,9.9206,3.7854,2.4694,1.8665,0.95328,5.1553,2.2845,2.6015,2.5773,19.978,20.905,20.102,22.964,25.236,22.235,19.595,24.93,25.563,27.459,29.72,23.563,26.58,26.796,25.88,27.57,13.856,6.1215,1.9714,2.7879,3.5596,3.4161,3.1852,0.34987,0.98102,1.8472,23.231,15.302,26.932,15.674,15.701,13.833,14.94,24.075,16.297,18.664,14.126,14.719,16.186,109.63,102.36,95.868,103.71,52.816,34.175,77.621,82.042,44.135,42.355,31.055,36.584,6.3169,7.491,8.2832,12.617,7.4013,8.2566,27.691,36.294,39.175,58.514,35.733,28.922,9.4636,10.709,17.598,25.282,23.064,20.12,6.6432,4.1354,36.422,42.39,22.642,31.866,28.762,22.902,24.198,34.715,25.337,28.539,2.487,2.6898,27.405,19.353,19.43,20.155,17.589,19.145,18.915,23.334,23.333,25.225,27.494,27.206,16.372,22.578,23.251,8.7685,18.551,2.9024,4.3313,3.7732,3.6938,3.099,30.688,14.841,15.468,12.278,20.471,20.039,14.785,22.641,17.213,16.943,8.3635,15.089,15.266,18.898,33.063,33.007,11.722,8.193,8.0235,8.0278,9.1937,8.6002,7.5062,19.671,19.989,20.503,7.268,9.1054,7.8537,6.4958,7.8784,7.5598,1.6578,3.1904,2.6751,2.9167,18.748,22.963,15.967,16.396,16.397,14.612,7.9477,8.2193,8.37,8.2631,8.1063,8.5064
44.929,76.425,59.349,50.108,16.702,47.958,26.703,45.191,92.761,17.029,7.6685,9.4015,0,10.857,8.386,7.2559,23.197,20.09,23.801,18.503,3.9005,3.5496,11.04,11.085,2.3547,2.3632,14.253,6.7997,7.5041,8.3716,5.4152,5.4472,100.59,96.663,90.476,84.672,89.075,70.877,59.926,40.722,28.226,34.426,17.91,19.821,14.706,12.376,11.851,12.413,13.681,13.03,13.12,19.507,78.349,46.869,24.793,10.223,10.392,6.4005,4.2182,2.2553,22.318,0.20713,19.43,3.4752,6.2472,2.4575,51.376,33.202,29.314,25.323,17.693,31.68,12.81,17.19,9.139,9.4736,21.251,7.465,7.5979,8.2709,11.752,7.3309,8.8066,7.3898,7.7726,5.0465,5.0544,4.8599,4.01,4.7019,3.5648,3.0814,4.0665,4.4735,5.0605,7.0718,3.8032,5.0404,6.919,4.1549,5.4647,10.717,10.782,2.7953,8.5166,5.9127,5.6487,6.0121,10.204,11.156,8.3769,8.7674,0.93325,7.7077,3.8663,3.9835,2.95,18.318,13.764,16.596,6.4319,5.1034,5.8293,5.4848,112.55,90.244,86.141,101.76,53.032,36.177,57.036,58.12,24.509,37.886,16.965,46.074,10.065,9.4796,14.387,3.6545,10.951,13.346,15.26,21.444,56.874,76.074,43.616,39.068,7.4095,8.5174,3.2995,8.1758,3.4378,2.017,0.24126,1.9208,21.018,23.883,13.237,13.885,14.053,10.221,11.098,11.026,3.8773,5.7612,8.5903,8.4662,6.8769,4.4027,4.5217,4.8574,2.9622,3.313,3.4334,4.058,4.1976,4.5527,5.6939,5.7567,3.1466,3.5863,3.7293,1.2464,2.3697,7.5468,4.6758,5.7598,6.025,18.056,6.961,2.9981,3.8768,1.1186,3.1072,3.7576,5.8974,7.0311,5.2367,5.467,0.24834,14.552,17.068,3.7841,9.094,12.537,8.4144,12.929,12.694,12.997,12.889,13.146,12.266,4.654,4.6467,4.8371,11.803,12.98,12.456,11.484,12.295,11.577,4.5169,5.9871,8.2145,10.317,4.5397,5.612,5.5898,5.5158,6.8964,4.9541,12.368,12.771,13.153,13.086,12.656,13.391
63.783,81.553,44.273,36.937,5.8408,55.466,36.671,45.531,114.03,39.544,17.189,0.64418,10.857,0,27.681,24.234,35.952,31.603,37.72,17.711,18.9,22.303,0.41015,0.66979,12.495,15.563,12.158,8.0964,9.5699,13.294,14.885,14.228,81.663,82.407,78.127,91.532,81.213,80.861,54.136,46.971,17.541,47.548,6.6169,7.1564,8.1885,4.7082,5.4275,4.506,3.5115,4.6165,25.918,33.266,100.78,67.942,32.466,11.081,12.914,11.17,10.293,8.6217,10.045,12.429,2.6439,25.719,28.06,14.373,37.146,52.04,39.209,44.575,19.672,13.89,11.751,7.5123,4.0739,10.078,5.5196,1.9732,1.0678,0.62,0.034038,3.0382,0.77817,1.1856,1.1047,18.414,19.492,18.661,22.839,25.293,22.298,19.27,25.681,26.071,28.28,29.29,23.921,26.881,25.535,27.326,27.857,10.116,3.2489,2.792,1.1228,2.1389,2.1028,1.8539,0.045346,0.036425,0.59512,20.402,16.138,25.22,14.182,14.153,12.659,9.9252,19.7,11.389,16.293,11.989,12.331,14.004,94.06,88.906,82.642,88.993,42.597,26.082,67.955,72.65,38.65,33.936,26.304,27.648,3.5029,4.567,4.593,11.028,4.2641,4.6756,35.412,45.18,49.137,70.733,45.899,38.046,14.472,16.082,21.847,31.136,23.675,22.045,8.0397,4.1092,31.045,36.865,18.337,28.223,24.671,19.508,20.626,33.041,27.476,28.986,0.92624,1.0682,26.343,18.05,18.07,18.724,16.901,18.521,18.153,23.299,23.157,25.449,27.477,27,15.363,22.756,23.554,8.4427,18.602,1.3502,3.0445,2.3301,2.2082,1.1138,30.82,13.734,13.951,12.197,20.382,19.288,12.375,20.483,15.218,14.824,9.0473,10.572,10.371,17.895,32.205,30.116,8.599,4.6695,4.5564,4.5255,5.5148,4.9831,4.1816,18.275,18.651,19.144,4.0427,5.4283,4.4443,3.4592,4.4839,4.3108,1.4428,1.8633,1.0959,0.993,17.274,21.622,13.729,14.216,13.699,12.554,4.5323,4.7095,4.7906,4.7096,4.6294,4.8772
15.963,41.851,43.41,36.313,20.974,93.523,62.268,91.587,146.45,40.251,30.92,29.237,8.386,27.681,0,0.1284,5.8708,4.9431,5.7692,11.045,0.95069,1.3144,24.454,23.502,3.0679,2.0694,10.928,7.645,6.8777,4.7805,2.3012,2.6269,74.039,67.729,61.98,46.915,57.982,35.875,36.77,17.949,23.227,11.505,21.546,23.525,15.378,16.974,15.366,17.313,20.52,17.911,39.505,49.594,127.31,85.924,60.16,37.114,37.42,29.387,24.443,19.338,56.119,5.9575,31.524,11.069,0.68048,2.3314,37.963,9.2225,9.9593,5.1569,8.8298,32.627,9.781,19.349,14.274,8.0477,28.387,16.258,18.596,20.633,28.236,14.174,20.529,18.1,18.621,0.95627,0.71616,0.88744,1.0082,1.0588,1.2973,1.3029,2.1221,1.6829,2.1932,0.52468,1.5663,1.3443,0.070751,3.525,1.3194,9.1465,17.326,16.867,19.216,14.833,14.781,15.528,27.717,27.113,20.815,1.4819,3.9641,0.07333,2.2572,2.283,2.9056,17.936,5.1847,14.269,2.0538,3.7228,3.8446,2.7536,82.315,54.967,53.24,70.346,35.791,26.184,26.166,25.582,6.0323,22.259,4.5779,39.186,16.107,13.93,19.698,3.8505,15.944,18.221,38.956,46.631,108.82,134.23,88.969,83.16,31.09,33.12,15.927,23.241,2.0066,5.3674,10.652,11.408,5.9205,6.1117,5.5138,1.7568,3.0587,2.6556,2.7267,0.23742,5.3779,1.5679,19.854,19.322,0.10533,1.0287,1.0211,0.87327,1.5461,1.1967,1.1869,1.0724,0.92131,1.2769,0.91912,0.70883,1.852,1.4044,1.5126,6.0241,1.8849,17.771,12.505,14.35,14.748,34.593,1.1949,2.437,2.3572,3.9269,1.3666,0.95571,3.8518,0.78678,2.0956,2.3474,7.4163,12.707,15.872,1.1312,0.38522,0.69734,8.4464,17.707,17.583,18.005,16.474,17.524,17.618,0.97285,0.88988,0.78572,17.269,16.701,17.456,17.808,17.202,16.599,17.178,15.493,19.016,21.512,1.2274,0.37901,2.9382,2.659,3.5959,3.332,17.219,17.454,17.81,17.845,17.428,17.983
16.595,41.308,40.425,33.455,17.859,91.084,60.331,88.435,145.12,39.852,29.267,25.912,7.2559,24.234,0.1284,0,5.6058,4.5005,5.6351,9.2119,0.52075,1.2274,21.119,20.214,2.0723,1.3955,8.8595,5.7933,5.1391,3.3959,1.3425,1.5939,70.964,65.168,59.591,46.623,56.094,35.811,34.871,17.202,20.375,11.423,18.406,20.251,12.777,14.158,12.699,14.466,17.404,15.016,38.085,48.168,126.22,84.966,58.007,34.529,34.992,27.283,22.538,17.545,52.085,5.029,27.63,11.058,0.97687,1.5292,34.993,9.7205,9.4722,5.5936,7.3013,28.932,7.805,16.404,11.695,6.1895,24.727,13.541,15.72,17.613,24.714,11.624,17.489,15.263,15.736,0.39917,0.2689,0.36907,0.94888,1.1864,1.2093,0.95652,2.3033,1.8848,2.5536,0.88613,1.6109,1.5937,0.092908,3.8214,1.634,7.1758,14.471,14.539,16.265,12.278,12.243,12.92,24.318,23.664,17.781,0.84249,3.3953,0.0098928,1.3401,1.3541,1.8885,15.182,4.0302,11.874,1.1663,2.4689,2.5697,1.693,79.38,53.819,51.821,67.993,33.287,23.521,26.083,25.892,5.9314,20.338,3.8525,35.638,13.36,11.384,16.658,2.6018,13.213,15.302,38.316,46.297,104.74,130.21,86.032,79.937,29.189,31.242,15.426,23.101,2.0413,5.2551,9.1733,9.4128,5.3332,5.8804,4.2559,1.5064,2.4198,1.7973,1.913,0.69179,5.659,1.964,16.862,16.366,0.20734,0.47956,0.46585,0.36154,0.97325,0.76482,0.71136,1.0523,0.88179,1.4242,1.1916,0.9365,1.1098,1.3561,1.5285,4.6368,1.5084,14.948,10.186,11.837,12.194,30.566,1.6938,1.5325,1.4145,2.9662,1.124,0.57298,2.5762,0.29503,1.1868,1.3779,6.1202,10.418,13.303,0.60773,0.8901,0.75183,6.509,14.83,14.714,15.101,13.714,14.666,14.742,0.42943,0.38541,0.31821,14.422,13.92,14.596,14.912,14.364,13.811,14.591,12.888,16.089,18.362,0.58859,0.10701,1.8389,1.6191,2.3849,2.1535,14.381,14.598,14.926,14.957,14.573,15.086
4.0406,16.48,21.132,17.065,18.56,137.86,99.649,132.1,206.4,75.056,57.538,41.398,23.197,35.952,5.8708,5.6058,0,0.14223,0.03357,5.0116,8.7333,12.077,29.967,28.3,10.897,10.975,7.5881,9.9978,8.464,5.6487,6.4496,6.5895,40.299,34.91,30.74,19.932,27.366,13.21,14.218,3.3318,13.035,1.1046,18.318,19.488,12.645,16.855,15.112,17.299,20.727,17.562,70.861,84.707,183.96,133.29,95.921,61.356,62.829,52.777,46.309,38.714,77.942,19.389,32.022,32.402,10.542,10.568,18.37,1.5338,0.554,0.97563,3.3513,23.004,7.3486,15.884,16.257,8.0303,25.332,21.084,24.643,27.133,35.672,18.099,26.245,24.108,24.453,6.7367,6.9622,7.0423,11.167,11.785,12.02,10.834,14.941,13.77,15.24,9.8076,13.19,12.815,6.8212,18.446,12.757,8.2444,18.948,29.654,24.462,20.853,21.126,21.812,37.015,34.48,27.297,3.4481,16.966,5.457,8.2206,8.076,9.8176,13.12,2.4485,9.8121,5.3736,7.7129,7.0783,6.6271,45.72,24.914,23.843,36.357,15.337,12.113,7.6097,7.8875,0.058106,7.2774,0.75222,22.494,17.915,15.427,18.841,9.4911,16.782,17.705,72.671,83.881,148.95,181.16,129.82,120.85,56.52,59.651,39.208,51.386,14.391,21.689,25.254,21.678,0.22202,0.0058999,2.9776,1.3102,1.2271,2.9,2.4377,5.783,22.382,13.49,25.411,24.699,7.4577,7.5954,7.4178,7.0597,9.9637,9.8206,9.3912,11.505,10.928,12.509,11.435,10.651,9.2843,12.476,12.969,15.452,12.544,23.369,18.951,20.307,20.573,38.773,12.179,9.5578,8.2445,14.132,11.616,9.1993,7.0182,4.7877,6.5438,6.4196,19.891,9.4359,11.435,8.605,8.3928,2.5436,9.4042,17.368,17.414,17.728,15.679,16.905,17.878,7.262,7.3568,7.1931,17.831,15.909,17.462,18.932,17.255,17.095,26.823,21.79,24.523,25.962,7.2696,6.8568,6.6394,6.5394,5.8997,7.5684,17.21,17.158,17.302,17.414,17.232,17.324
5.6975,18.728,20.868,16.547,15.789,130.05,93.116,124.12,197.68,70.18,52.55,36.687,20.09,31.603,4.9431,4.5005,0.14223,0,0.27421,3.7998,7.0861,10.371,26.048,24.508,8.7485,8.9788,5.8458,7.7592,6.4169,3.9982,4.777,4.8743,41.337,36.287,32.078,22.594,29.068,15.552,14.939,4.1048,11.432,1.9535,15.623,16.773,10.363,14.069,12.474,14.474,17.639,14.735,65.506,78.895,175.84,126.41,89.394,55.838,57.308,47.783,41.672,34.475,71.446,16.624,28.218,29.49,9.2804,8.54,17.795,2.5634,0.92755,1.529,2.3394,20.594,5.5777,13.389,13.426,6.0716,22.161,17.79,21.062,23.371,31.358,15.059,22.56,20.566,20.89,5.2193,5.485,5.5137,9.5578,10.272,10.318,9.049,13.222,12.158,13.651,8.6729,11.496,11.318,5.6944,16.575,11.321,6.2938,15.919,25.741,20.912,17.556,17.805,18.437,32.585,30.238,23.525,2.3182,14.568,4.4199,6.3658,6.2315,7.7609,10.955,1.4338,7.9183,3.8632,5.8008,5.239,4.8985,47.225,27.196,25.809,38.059,15.276,11.142,9.4399,9.9575,0.35658,7.0668,0.24476,21.064,14.958,12.683,15.949,7.3848,13.955,14.877,67.716,78.768,140.21,171.65,121.99,113.15,51.457,54.477,35.631,47.539,12.597,19.291,21.866,18.36,0.061235,0.20597,1.8483,0.81178,0.55507,1.7857,1.4268,5.18,20.247,12.068,21.787,21.129,6.3283,5.9903,5.8278,5.5331,8.1148,8.0703,7.6532,9.8974,9.3551,10.952,10.074,9.3201,7.4058,10.767,11.269,12.768,10.597,19.889,15.809,17.055,17.301,34.409,10.96,7.5747,6.3764,11.728,9.8358,7.538,5.1863,3.542,4.8789,4.7468,16.92,7.4918,9.3869,6.9131,7.5375,2.036,7.2587,14.555,14.589,14.884,13.024,14.143,14.994,5.6954,5.8029,5.6787,14.935,13.235,14.623,15.927,14.429,14.26,23.062,18.417,20.963,22.333,5.6492,5.5052,4.8976,4.8281,4.2284,5.6926,14.391,14.359,14.504,14.603,14.422,14.533
3.5734,16.544,22.48,18.365,20.093,139.31,100.8,133.9,207.37,75.398,58.483,43.125,23.801,37.72,5.7692,5.6351,0.03357,0.27421,0,5.8577,8.9325,12.116,31.66,29.964,11.39,11.307,8.572,10.903,9.3059,6.3027,6.9019,7.0793,41.627,35.977,31.726,19.855,28.096,13.04,15.001,3.5645,14.386,1.0163,19.858,21.093,13.909,18.245,16.425,18.707,22.275,18.993,71.713,85.584,184.78,134,97.178,62.77,64.169,53.937,47.356,39.689,80.094,19.88,33.976,32.464,10.376,10.963,19.727,1.1608,0.68203,0.65504,4.0427,24.795,8.2901,17.322,17.537,8.9249,27.144,22.453,26.101,28.668,37.473,19.375,27.786,25.545,25.915,6.9902,7.1614,7.2779,11.188,11.712,12.059,11,14.853,13.667,15.061,9.605,13.166,12.683,6.7798,18.31,12.591,9.1921,20.369,30.867,25.955,22.144,22.411,23.132,38.763,36.244,28.84,3.7219,17.268,5.4521,8.6619,8.5224,10.316,14.451,2.962,10.959,5.784,8.3174,7.6893,7.1306,46.958,25.263,24.337,37.308,16.446,13.342,7.4743,7.5535,0.005908,8.1165,1.0367,24.167,19.282,16.687,20.344,10.103,18.134,19.147,73.132,84.203,151.23,183.44,131.52,122.67,57.586,60.711,39.535,51.555,14.377,21.774,26.037,22.704,0.42376,0.020601,3.5458,1.3679,1.4783,3.2773,2.7887,5.5103,22.267,13.285,26.926,26.194,7.3784,7.8493,7.674,7.292,10.241,10.026,9.6166,11.507,10.938,12.429,11.286,10.522,9.6436,12.496,12.958,16.157,12.732,24.797,20.122,21.576,21.863,40.817,11.915,9.9993,8.6987,14.621,11.733,9.3768,7.6292,4.9969,6.9719,6.8771,20.567,10.535,12.672,8.851,8.1084,2.4567,10.346,18.79,18.832,19.163,17.037,18.314,19.302,7.5114,7.5871,7.4038,19.242,17.278,18.876,20.372,18.658,18.475,28.152,23.108,26.005,27.553,7.567,6.9665,7.162,7.0322,6.4721,8.1353,18.613,18.568,18.726,18.841,18.642,18.754
16.02,23.63,11.996,8.1336,4.599,118.83,85.243,109.27,191.36,71.027,47.114,23.16,18.503,17.711,11.045,9.2119,5.0116,3.7998,5.8577,0,9.942,14.886,13,11.779,8.4681,10.393,0.5264,3.1792,2.5255,2.125,4.9976,4.6987,32.893,30.611,27.229,29.018,26.946,22.891,12.108,7.0053,2.3245,8.2053,4.3617,4.8345,2.0469,4.3513,3.5898,4.5753,6.2296,4.5959,60.979,74.034,171.1,123.15,80.456,45.435,47.679,40.11,35.225,28.845,53.212,16.264,12.481,33.573,15.991,9.298,8.7882,11.804,4.8521,10.148,0.18083,6.7734,0.69499,3.2258,4.8493,1.6468,8.0011,8.2188,10.515,11.989,17.123,6.4877,11.133,10.238,10.309,7.5324,8.3688,8.0111,14.274,15.978,14.831,12.227,19.057,18.166,20.459,15.79,16.67,17.639,11.137,22.877,18.006,1.318,5.8469,17.684,10.012,8.7877,9.1007,9.3546,18.881,16.405,12.062,4.4831,16.235,9.4987,6.6705,6.4851,7.4358,1.9599,1.1249,0.88094,4.5451,4.3997,3.7828,4.5775,39.786,29.126,26.183,33.637,8.9265,3.3956,16.341,18.961,6.1431,3.5018,2.4,8.624,5.4626,4.3277,5.0503,5.8799,4.6256,4.6147,67.319,79.781,120.25,151.52,108.3,98.137,44.742,47.805,36.845,50.359,17.655,23.218,18.366,12.349,3.1326,5.2809,0.95109,5.3255,3.0282,2.877,2.8079,13.113,26.297,19.164,10.635,10.193,12.165,8.2842,8.1015,8.0647,10.128,10.847,10.222,14.809,14.194,16.726,16.599,15.643,8.5609,15.471,16.298,10.19,13.517,9.6692,8.3105,8.5235,8.5542,17.639,18.702,7.8566,6.5455,11.45,13.53,10.618,3.7314,6.3604,5.3522,4.9141,14.601,0.94291,1.386,9.276,15.552,8.0528,2.3168,4.5127,4.5811,4.6893,3.6655,4.2335,4.9123,8.0432,8.3521,8.4374,4.9854,3.7623,4.6524,5.6647,4.5756,4.6439,13.826,9.3533,10.173,10.394,7.4889,9.3408,4.376,4.6213,3.2008,4.6887,4.5374,4.4324,4.4376,4.5081,4.4927,4.4072
22.62,48.847,43.399,35.874,15.697,78.359,50.115,75.55,130.25,32.666,22.165,19.803,3.9005,18.9,0.95069,0.52075,8.7333,7.0861,8.9325,9.942,0,0.49949,16.645,15.991,0.66048,0.21645,8.5546,4.4107,4.123,3.1086,0.90241,1.0845,76.646,71.419,65.718,54.954,62.846,43.424,39.603,21.751,20.554,15.962,16.408,18.245,11.494,11.891,10.697,12.124,14.588,12.682,30.168,39.309,112.53,73.789,47.857,26.569,26.985,20.282,16.226,12.024,42.472,2.3298,23.534,7.8219,1.069,0.31689,37.322,14.486,13.132,9.3924,8.3669,27.659,7.4179,14.767,9.2738,5.3857,21.875,10.198,11.828,13.384,19.473,8.766,13.425,11.442,11.883,0.17811,0.10293,0.11518,0.41413,0.80117,0.48973,0.13142,1.4817,1.2771,1.9538,1.2231,0.87382,1.213,0.53149,2.6566,1.3629,6.417,11.712,9.824,12.454,8.891,8.8006,9.3854,18.806,18.551,13.533,1.441,1.3621,0.65492,0.51378,0.55196,0.6712,14.179,4.9959,11.339,1.0428,1.6092,1.8653,1.163,85.989,61.582,58.998,74.861,36.558,24.958,32.646,32.85,9.3398,23.154,5.7561,36.349,10.72,9.1347,14.226,1.3403,10.839,12.972,31.027,38.606,90.511,114.4,73.397,67.645,21.996,23.813,10.944,17.972,1.0998,3.107,5.328,5.8406,7.9169,9.1186,5.0113,3.3093,3.9624,2.4832,2.8007,2.1017,3.953,1.6991,12.911,12.516,0.62056,0.075579,0.094549,0.11014,0.072517,0.032006,0.014903,0.51058,0.4155,0.94401,1.0839,0.90162,0.19057,0.61184,0.78835,2.219,0.35613,11.249,7.0592,8.5312,8.8574,25.348,1.8219,0.4385,0.56725,1.0184,0.28161,0.011123,1.8874,0.61761,0.74997,0.94005,3.0871,9.7528,12.493,0.018261,1.7669,2.459,5.3398,12.521,12.377,12.736,11.7,12.458,12.288,0.10323,0.075607,0.080679,11.936,11.873,12.23,12.211,12.02,11.434,10.254,9.3563,12.25,14.44,0.17547,0.15596,1.2914,1.1195,2.0109,1.3496,12.051,12.312,12.649,12.654,12.265,12.826
26.403,56.765,53.073,44.753,21.123,72.807,45.595,71.553,120.15,27.18,19.734,22.226,3.5496,22.303,1.3144,1.2274,12.077,10.371,12.116,14.886,0.49949,0,20.544,20,1.7142,0.71187,13.14,7.5256,7.2938,6.0844,2.7304,3.0275,88.936,82.994,76.773,62.977,73.262,50.268,48.253,27.504,27.431,20.12,22.038,24.187,16.476,16.512,15.199,16.754,19.438,17.433,26.461,34.779,102.92,66.092,43.91,25.592,25.594,19.012,15.094,11.329,43.474,2.0819,29.095,4.9172,0.38569,1.0877,46.39,17.469,17.477,11.664,12.885,35.252,11.711,20.255,13.196,9.0293,27.987,13.632,15.15,16.751,23.133,12.231,16.983,14.734,15.262,1.2457,0.95832,1.0616,0.020265,0.095633,6.8014e-05,0.16227,0.26152,0.19744,0.50444,0.60232,0.053246,0.22197,0.80733,0.85834,0.31413,10.368,15.988,11.114,16.028,11.899,11.721,12.388,21.933,22.155,16.919,3.4313,0.84982,1.3174,1.9003,1.9877,1.9484,19.773,8.5366,16.497,2.9824,3.7666,4.2104,3.1531,98.768,71.136,68.678,86.484,45.349,32.501,38.603,38.226,12.543,30.158,9.1086,45.353,14.848,13.131,19.233,3.1287,15.165,17.784,26.021,32.515,87.522,109.85,69.11,64.339,20.075,21.625,8.0992,13.695,0.12137,1.4077,5.371,7.3534,11.544,12.481,8.611,5.4431,6.7893,5.0714,5.462,2.2118,1.7107,0.46218,16.457,16.066,0.68406,0.96193,1.0245,1.043,0.57468,0.34807,0.46699,0.017135,0.035206,0.1074,0.28011,0.26891,1.0788,0.005709,0.033474,3.3112,0.16838,14.617,9.7386,11.511,11.907,30.23,0.68892,1.5572,1.9961,1.5136,0.05056,0.36189,4.248,2.0122,2.462,2.7956,3.4168,14.544,17.819,0.67911,1.284,3.7833,8.8475,17.253,17.062,17.481,16.416,17.232,16.885,1.0451,0.9394,0.92071,16.439,16.609,16.867,16.638,16.625,15.892,12.495,12.353,15.743,18.388,1.2669,0.78541,3.3582,3.0875,4.4971,3.3777,16.671,17.012,17.424,17.416,16.942,17.648
55.451,70.67,36.256,29.611,3.1599,64.518,43.471,54.177,126.26,44.374,20.918,1.9746,11.04,0.41015,24.454,21.119,29.967,26.048,31.66,13,16.645,20.544,0,0.032088,10.728,13.809,8.354,5.6081,6.7848,10.022,12.119,11.475,70.706,71.26,67.252,80.013,70.08,70.287,45.134,39.09,12.593,40.216,3.7427,4.1819,4.9916,2.3797,2.9385,2.2314,1.5215,2.2942,30.698,39.04,111.93,76.547,39.021,14.968,16.977,14.429,12.984,10.564,14.514,12.08,1.3838,26.678,25.742,12.551,29.824,44.935,32.479,38.444,14.852,9.7995,8.1086,4.412,2.0996,6.9719,3.1287,0.86316,0.41212,0.20474,0.28674,1.5502,0.17302,0.48689,0.40045,15.739,16.848,16.052,20.898,23.345,20.53,17.405,24.238,24.417,26.746,26.765,22.278,25.025,22.629,26.339,25.939,6.8714,1.411,3.4494,0.31986,1.2065,1.2421,1.0353,0.68446,0.21062,0.18739,16.793,15.374,22.026,11.858,11.794,10.669,6.3086,15.286,7.5657,13.249,9.429,9.5898,11.251,82.234,77.299,71.437,77.363,34.656,19.954,58.479,63.07,32.499,26.945,21.243,21.574,1.6241,2.4371,2.2588,8.8983,2.1166,2.33,40.157,50.598,58.459,81.789,54.453,46.008,18.097,19.977,23.73,33.996,22.241,21.77,8.4608,3.8247,25.375,30.79,14.063,23.652,20.063,15.63,16.57,29.454,27.05,27.126,0.23942,0.30341,23.528,15.575,15.556,16.118,14.934,16.49,16.048,21.397,21.159,23.617,25.351,24.761,13.279,21.046,21.892,7.4255,17.059,0.53236,2.0261,1.3459,1.2236,0.93424,28.627,11.704,11.629,11.026,18.619,17.115,9.6162,17.286,12.488,12.047,8.7553,6.972,6.6985,15.638,29.224,25.892,5.8157,2.335,2.2595,2.2295,2.962,2.5582,2.0033,15.723,16.113,16.559,1.92,2.8939,2.1856,1.5253,2.2192,2.1209,1.4911,1.0453,0.34164,0.14781,14.737,18.891,10.964,11.447,10.659,9.9957,2.2519,2.3684,2.4174,2.3602,2.3134,2.4751
53.095,67.707,34.224,27.756,2.5681,67.03,45.345,56.627,129.55,45.619,21.95,2.4731,11.085,0.66979,23.502,20.214,28.3,24.508,29.964,11.779,15.991,20,0.032088,0,10.241,13.305,7.3916,4.9846,6.0742,9.1574,11.362,10.726,67.891,68.36,64.413,76.863,67.139,67.375,42.765,36.946,11.375,38.175,3.1006,3.5218,4.2273,1.8627,2.3686,1.7309,1.1151,1.7842,31.997,40.605,114.92,78.842,40.844,16.104,18.15,15.365,13.753,11.125,15.901,11.969,1.2247,26.858,25.022,12.037,27.977,42.917,30.628,36.691,13.581,8.8678,7.1835,3.6964,1.6619,6.1829,2.6507,0.66661,0.34798,0.21464,0.50902,1.2412,0.13325,0.40861,0.32389,14.98,16.09,15.308,20.303,22.735,19.983,16.849,23.761,23.882,26.233,25.985,21.756,24.433,21.77,25.976,25.325,6.0527,1.0282,3.7015,0.22119,1.0469,1.1007,0.90981,1.0023,0.4071,0.20029,15.789,15.128,21.095,11.217,11.144,10.124,5.4418,14.1,6.6196,12.412,8.7467,8.8602,10.504,79.176,74.182,68.445,74.319,32.612,18.407,55.863,60.401,30.777,25.117,19.855,20.101,1.2233,1.9556,1.755,8.331,1.6426,1.8153,41.395,51.996,61.152,84.943,56.865,48.28,19.118,21.068,24.191,34.694,21.775,21.625,8.5933,3.802,23.814,29.096,12.921,22.364,18.79,14.568,15.457,28.384,26.839,26.523,0.1746,0.21528,22.687,14.869,14.84,15.375,14.366,15.895,15.436,20.81,20.548,23.038,24.684,24.067,12.69,20.512,21.366,7.166,16.592,0.42122,1.8279,1.1696,1.05,1.0739,27.927,11.141,10.99,10.697,18.084,16.479,8.8821,16.382,11.738,11.287,8.6844,6.0789,5.8045,14.989,28.313,24.677,5.1186,1.8205,1.7545,1.7271,2.3812,2.0181,1.5305,14.996,15.387,15.818,1.4604,2.3193,1.6901,1.1195,1.7207,1.6393,1.5967,0.91965,0.25444,0.050951,14.02,18.098,10.216,10.694,9.8451,9.3088,1.7492,1.8506,1.893,1.8424,1.8024,1.9437
