0,1.7202,16.405,13.89,14.903,23.597,92.504,85.433,104.89,30.232,55.96,42.809,14.79,5.1187,2.9115,7.4373,12.673,7.1746,15.857,6.2333,7.8046,6.0272,4.3702,1.6969,0.71686,0.39881,44.262,52.163,62.008,45.19,61.822,33.246,32.66,27.692,56.083,23.716,9.8861,7.1316,13.556,0.21083,0.71031,8.0246,0.64627,0.15316,1.4041,66.877,48.874,6.0468,16.5,18.844,8.0474,8.1983,8.7825,0.04072,2.1397,8.8188,4.2156,6.2844,25.814,11.22,23.716,39.535,21.592,30.575,47.408,47.125,29.727,52.405,58.711,89.824,67.195,78.42,108.74,104.08,123.04,77.565,71.657,74.599,64.005,30.391,25.076,9.4097,2.194,6.2333,9.5396,3.5538,0.49119,1.156,0.48095,1.0581,2.3264,3.1007,2.6804,3.3725,4.4866,3.6777,3.5852,11.013,10.549,9.1108,8.9999,7.2809,11.585,13.296,15.202,16.48,8.3145,6.4997,6.3536,4.7037,6.0883,8.9656,7.0979,13.56,5.3964,3.1749,1.7557,2.3903,1.071,0.89846,1.044,1.019,31.642,44.909,24.493,38.494,22.27,12.606,32.463,28.941,20.149,11.61,5.687,5.1202,1.3525,1.9205,0.074345,1.0497,0.96662,5.4207,35.296,33.888,30.354,33.292,54.971,48.992,67.494,74.927,102.87,74.672,109.52,143.56,19.658,7.8918,12.634,11.694,4.1293,4.6547,0.44885,2.1179,0.68888,0.60836,0.26454,0.33731,1.5397,1.5396,0.40666,1.7496,2.7272,3.1084,0.97559,1.6601,3.2883,2.0409,2.7937,2.6703,2.6396,2.5515,1.1811,2.7047,4.2179,10.386,10.322,10.615,11.513,11.237,10.578,5.3528,12.145,11.88,20.741,23.658,5.787,0.82046,0.78052,7.8046,0.91443,0.90659,0.80028,0.8632,0.66693,0.87415,10.493,18.277,5.3012,10.031,1.5073,12.496,1.9001,3.181,4.2082,4.6459,11.027,11.057,7.4259,7.0283,6.0262,9.0666,9.6043,2.0296,12.14,10.685,16.686,2.8974,4.3407,4.2785,5.2715,3.3951,3.7996,3.8726,3.6555,3.7591,7.9311,3.4848,11.038,11.052,10.129,10.396,8.5565,3.6974,3.5574,3.6613,3.8846,3.5688,10.777,11.017,10.923,10.634,10.484,10.996,3.6491,2.5177,1.9615,4.7041,4.5125,4.221,5.7456,3.1094,4.8151
1.7202,0,26.937,16.818,12.554,15.101,87.297,81.247,97.989,27.818,42.173,35.695,7.7295,1.3048,0.92654,2.4329,18.093,9.7723,9.838,7.4427,9.5021,9.0499,3.7986,4.348,2.8719,2.3629,46.058,61.833,75.541,56.118,75.063,36.18,38.449,36.015,71.203,34.396,19.522,8.9442,13.57,0.85841,0.52567,14.727,0.44522,0.85403,0.022927,73.464,53.491,13.98,28.207,28.904,12.74,13.945,18.265,2.1839,7.6587,15.105,9.9283,1.8519,18.075,8.9666,16.312,37.636,14.438,33.779,39.778,37.035,20.96,40.547,58.864,86.036,66.547,74.584,91.969,100.35,116.99,65.346,59.323,63.371,55.724,21.812,22.209,6.9834,5.5827,1.6353,3.1846,3.563,0.55686,0.15246,0.43376,0.14421,0.11891,0.20297,0.10606,0.27734,0.65179,0.38296,0.43763,16.504,15.791,12.047,11.381,11.359,14.578,15.366,10.464,7.9043,5.7545,7.7786,8.1644,5.8485,8.488,13.268,10.312,10.36,5.1182,7.4362,0.91244,1.2539,4.1956,3.7195,3.7772,3.9178,41.009,53.361,36.475,41.323,23.638,21.24,37.765,40.22,30.181,19.082,12.614,12.529,1.7898,1.1693,2.3207,4.3855,0.14063,1.2544,30.938,32.643,28.483,29.959,44.438,36.121,57.894,64.508,95.539,68.305,99.978,132.97,23.838,3.8968,6.2558,17.079,0.65994,3.8104,3.1154,0.93925,0.76387,0.72344,0.76524,1.0744,0.31197,0.69828,0.47629,0.022913,0.15576,0.27365,0.12052,0.08469,0.25301,0.029746,0.13942,0.14398,0.12634,0.089892,0.087581,0.14124,1.0027,15.767,15.59,15.956,17.215,16.926,11.475,8.6395,17.394,17.745,11.594,26.698,5.5342,4.4164,0.61654,12.642,3.8181,3.7082,3.2894,3.5639,3.2359,3.6611,17.407,9.3374,1.0128,3.6761,3.1389,4.9534,0.37485,0.36326,0.97601,1.0631,16.432,16.539,8.2845,8.0409,6.8348,10.483,3.6997,3.8306,11.684,11.38,28.694,7.7609,1.0064,1.3357,2.0046,1.0432,0.54059,0.47638,0.51026,0.43032,2.9929,0.54198,16.742,16.574,15.438,15.906,4.8368,1.2253,0.56688,0.49907,0.55012,0.4602,16.18,16.702,16.4,16.056,15.768,16.388,1.2724,0.42368,0.87487,1.3983,1.9415,1.2211,1.4089,0.56739,1.076
16.405,26.937,0,10.464,57.727,79.308,168.5,157.53,187.26,81.062,132.83,107.23,62.254,32,24.475,36.857,34.394,33.359,64.188,35.211,36.91,29.977,35.24,21.39,19.766,19.006,30.366,18.539,18.923,12.067,19.205,20.534,13.752,6.2729,13.385,1.4639,2.0197,11.216,17.931,18.418,20.059,21.182,20.473,19.379,26.11,34.772,26.619,3.548,0.91632,0.51299,5.0695,3.3525,4.5754,14.813,7.8827,24.416,16.631,34.445,82.645,51.321,78.915,92.97,75.143,68.073,114.42,117.23,89.769,126.49,113.7,162.16,126.54,147.97,207.28,179.65,207.71,161.46,153.72,156.24,137.86,90.688,74.465,48.332,20.379,41.795,45.496,16.337,22.517,25.8,20.67,23.201,27.477,31.508,30.111,31.88,34.92,32.246,30.756,31.294,31.318,35.898,37.241,29.161,39.976,45.298,61.831,63.946,46.441,35.547,33.932,32.347,31.858,31.555,31.455,56.909,36.851,19.839,28.776,31.078,17.887,18.33,19.136,18.496,6.6909,16.058,0.89607,24.049,18.231,0.53749,14.662,2.9535,0.8768,1.4805,2.7744,4.03,16.269,20.057,15.968,17.022,24.601,34.096,92.025,83.729,80.109,87.253,128.82,122,144.53,155.53,185.63,148.32,197.96,241.39,49.373,46.961,57.752,32.835,35.926,36.332,16.985,21.663,23.768,23.313,20.789,21.268,27.876,27.97,20.571,26.299,29.108,29.799,24.467,25.214,31.688,27.406,29.895,28.945,29.042,29.215,24.003,29.201,29.538,30.559,30.827,31.102,31.455,31.01,43.741,27.861,34.059,31.531,73.541,58.574,37.586,14.937,24.339,27.668,18.104,18.426,19.061,18.606,18.291,18.357,25.196,67.994,38.151,43.75,23.693,51.892,23.868,29.246,29.667,31.251,31.609,31.405,38.28,37.181,35.763,39.867,40.675,24.673,18.808,15.031,1.574,5.7807,30.106,27.841,28.625,25.738,30.952,32.201,30.423,32.042,35.871,29.255,30.612,31.262,30.348,30.139,29.559,26.002,29.419,30.564,31.363,30.422,31.179,30.639,31.183,30.862,31.063,31.601,25.57,25.818,21.467,29.383,25.777,28.229,34.753,27.332,32.056
13.89,16.818,10.464,0,56.37,62.548,177.23,167.71,193.55,84.537,109.2,101.29,45.768,14.908,11.022,16.808,49.441,40.414,52.246,38.714,42.367,37.244,33.113,24.531,20.596,18.824,8.9154,14.77,23.969,13.44,23.427,4.1983,4.4366,5.0811,24.762,8.7838,14.464,1.2379,1.2398,12.933,12.105,35.713,12.76,14.744,16.967,20.146,10.685,12.868,16.406,7.9422,1.6578,2.796,18.753,12.885,13.173,38.902,26.897,15.791,69.499,48.603,66.021,100.07,62.159,84.631,108.15,103.49,74.72,108.5,129.66,174.01,142.18,157.86,185.96,193.76,218.73,148.3,138.96,145.46,133.43,76.521,75.285,44.201,25.393,27.202,24.414,4.962,17.222,18.066,13.777,14.224,15.447,18.897,18.12,18.575,20.001,18.215,16.402,45.703,45.079,44.635,44.77,39.162,49.948,54.018,53.722,41.651,41.293,39.361,38.855,34.756,37.89,42.866,39.715,52.618,36.221,27.235,23.165,25.401,21.019,20.689,21.576,21.182,7.2622,10.645,12.359,6.2095,1.3919,6.4712,4.1793,10.202,7.6031,4.189,7.9702,12.23,7.8886,9.1614,15.146,20.429,16.907,16.789,91.785,91.059,84.979,89.186,115.75,99.432,137.07,147.19,190.49,151.11,197.96,243.32,64.738,36.906,42.397,47.383,23.274,33.671,18.182,10.022,19.178,18.64,16.21,17.854,20.356,21.992,14.111,15.731,16.463,16.341,16.572,14.594,18.545,16.265,17.389,16.405,16.634,17.17,14.767,16.659,13.751,44.477,44.522,45.064,46.454,45.858,48.702,35.226,48.576,46.973,52.438,72.869,37.272,18.165,19.137,39.302,20.626,20.766,20.672,20.701,19.805,20.617,41.522,45.731,23.025,21.25,24.506,28.437,12.435,15.456,13.903,14.868,45.879,45.819,41.628,40.675,38.211,45.32,18.222,26.427,1.7642,0.93049,18.521,6.7418,14.145,11.983,11.392,11.373,16.16,17.628,15.823,17.699,15.137,14.797,45.387,45.74,44.015,44.277,9.0975,11.151,14.837,15.984,16.487,16.016,45.324,45.373,45.524,44.97,44.863,45.833,10.842,13.049,10.153,12.842,9.8862,12.434,17.004,13.429,15.478
14.903,12.554,57.727,56.37,0,5.8921,33.828,29.97,41.016,3.0027,20.115,7.6038,5.9217,19.254,20.2,20.964,8.8416,4.3257,2.6991,2.9339,2.9289,5.4714,3.135,8.839,10.264,11.174,106.29,122.82,136.55,111.52,136.46,90.219,91.263,83.077,125.55,73.757,40.395,41.023,52.062,15.322,16.385,13.958,15.62,13.522,12.081,143.85,116.01,32.969,53.228,64.508,44.852,44.952,34.007,16.301,22.991,12.111,14.097,20.166,4.2257,0.30111,3.7296,6.7861,3.4788,8.3432,9.6031,11.422,6.0167,15.469,17.752,32.87,21.694,25.96,47.441,41.916,53.178,26.326,23.602,24.078,17.353,5.7537,1.3783,0.82205,9.6123,9.0182,16.661,28.938,11.277,10.865,14.455,14.422,14.638,12.27,12.464,12.942,13.132,13.714,15.391,9.2284,8.7069,4.3647,3.5488,6.9837,4.1745,2.8486,1.092,11.879,1.3467,2.8949,3.5439,3.6709,4.4458,6.9283,5.3663,0.23963,2.42,10.509,7.3003,6.1556,11.373,11.094,10.456,10.924,89.602,111.54,72.962,98.472,70.107,52.505,90.71,83.129,67.361,51.755,36.094,31.322,22.198,21.085,14.293,12.074,11.753,17.748,4.3328,4.9098,3.2786,3.7651,14.675,16.599,19.584,23.754,39.639,22.936,43.626,65.961,6.8319,3.4976,5.505,8.8648,9.614,2.9268,12.48,20.287,9.8025,10.193,12.17,10.941,9.2368,8.0005,14.089,13.646,14.143,14.782,12.066,14.685,12.857,13.464,13.317,14.124,13.857,13.216,13.991,13.918,19.105,9.0806,8.8172,8.9337,9.6678,9.6864,1.6197,6.3048,8.4923,10.027,9.4188,5.9177,2.201,14.01,9.8183,8.5175,11.256,11.02,10.637,10.912,11.272,11.086,13.413,11.186,11.45,20.647,7.6283,17.593,17.261,15.784,18.927,18.562,9.0147,9.1968,2.1837,2.4478,2.6696,2.3366,23.089,6.9578,48.394,47.32,51.825,30.065,18.868,21.144,23.377,20.5,15.947,14.57,16.084,14.338,23.584,16.902,9.7604,9.2964,8.9586,9.4015,31.611,21.201,16.965,15.927,15.736,15.761,9.0543,9.7164,9.2109,9.1297,8.8211,8.9869,21.483,17.4,19.933,20.848,23.921,20.552,18.034,17.814,18.178
23.597,15.101,79.308,62.548,5.8921,0,41.835,39.443,46.573,10.97,6.8931,7.6027,1.3191,17.027,21.064,16.466,28.278,17.947,0.944,13.862,15.114,19.532,10.135,20.781,20.784,21.093,106.71,137.43,158.19,129.42,157.5,93.817,100.28,97.728,151.27,94.074,62.117,46.507,53.128,21.835,21.134,34.211,20.462,20.454,15.333,151.17,121.15,51.93,77.977,84.368,55.572,57.786,56.367,25.598,38.213,32.006,31.667,16.747,0.53998,5.6719,0.42898,16.767,0.34135,26.641,9.0367,5.5629,0.65716,6.298,33.301,43.404,36.454,35.595,32.812,53.491,61.509,18.99,15.468,18.595,17.066,0.93537,7.8071,5.43,22.979,7.2531,10.61,32.339,17.401,15.045,19.783,18.128,15.947,12.761,13.492,12.967,11.844,13.257,14.911,28.442,27.432,19.003,17.203,23.107,19.402,16.773,2.0668,3.4858,5.3977,14.016,15.586,14.064,17.456,23.811,20.02,4.1464,10.317,25.635,12.545,11.133,23.696,22.83,22.156,22.867,105.88,124.44,96.163,101.32,72.209,70.546,98.813,103.9,86.889,67.431,52.42,49.363,27.266,24.079,24.161,24.69,16.095,15.139,9.0813,15.524,12.3,10.304,8.7513,4.5917,16.885,20.004,44.208,27.384,44.261,66.595,25.399,4.2209,1.9553,28.054,9.6216,9.4697,23.579,22.604,16.244,16.631,18.963,18.439,13.329,13.085,19.703,15.99,14.884,14.951,16.296,17.13,13.002,15.324,14.053,14.949,14.751,14.312,17.437,14.711,17.94,27.988,27.535,27.828,29.312,29.255,12.935,20.624,27.556,30,1.085,23.086,10.258,26.759,15.796,25.977,23.13,22.732,21.773,22.433,22.431,22.751,34.63,2.5105,9.7024,13.971,17.716,9.5298,19.388,15.821,17.757,16.836,28.097,28.405,12.758,13.211,12.807,14.29,16.8,17.597,48.921,50.079,77.461,42.848,17.529,20.169,21.533,20.663,15.184,13.792,15.498,13.715,18.838,16.543,29.308,28.565,27.697,28.512,27.977,21.053,16.513,15.336,14.875,15.29,28.08,29.231,28.384,28.155,27.598,28.042,21.466,18.476,22.47,19.277,23.234,19.559,15.092,18.027,16.238
92.504,87.297,168.5,177.23,33.828,41.835,0,0.23197,0.61959,16.979,32.459,13.77,54.595,101.6,105.66,103.61,52.167,52.289,43.314,51.669,48.589,56.681,57.131,72.892,78.738,81.84,259.97,281.93,297.78,262.28,298.15,234.5,235.09,218.97,276.85,198.46,134.66,149.21,169.66,94.418,97.291,71.68,95.411,89.747,86.205,316.5,274.9,123.28,155.31,182.81,154.64,153.52,119.9,95.64,106.1,66.014,79.267,102.77,33.075,40.465,34.805,11.286,37.312,24.325,12.125,20.001,32.547,23.964,6.7641,0.29244,4.2315,0.69536,21.873,0.86228,2.1804,12.097,14.641,9.9378,6.2804,30.583,21.552,44.94,73.314,73.863,90.414,125.33,84.013,83.016,92.464,92.383,92.297,85.595,86.434,87.127,86.623,88.87,93.247,55.785,55.44,48.896,47.54,57.471,44.338,39.101,38.784,69.087,48.227,51.062,52.421,56.139,54.573,54.361,54.469,37.545,53.285,73.133,72.547,68.844,80.021,79.898,78.089,79.175,228.53,265.47,193.72,247.72,201.32,163.03,234.49,213.89,188.2,163.94,133.13,121.04,110.79,108.25,90.221,81.661,85.454,97.548,14.376,14.797,16.918,15.022,16.309,33.533,7.903,7.6851,0.74186,1.5777,2.8183,7.3661,36.96,56.088,56.252,53.847,77.603,56.422,84.416,106.3,79.826,80.935,86.244,82.655,78.379,74.727,91.502,90.113,90.746,92.087,86.29,92.814,86.976,89.475,88.568,90.741,90.078,88.488,91.251,90.185,102.01,56.531,56.066,55.819,55.898,56.407,41.547,59.666,52.291,56.069,56.381,29.336,52.054,86.816,79.977,59.817,80.205,79.712,79.219,79.608,81.01,79.953,66.035,64.762,81.398,100.05,71.132,89.357,99.111,94.573,101.58,100.3,55.296,55.64,48.158,49.326,51.746,45.304,106.64,68.351,162.85,161.15,151.01,124.09,101.32,106.96,111.54,106.06,94.477,90.904,94.944,90.407,109.59,97.141,56.906,55.866,56.704,57.213,128.27,107.54,97.241,94.542,93.869,94.2,55.806,56.845,55.9,56.213,55.798,55.288,108.25,99.09,105.53,105.89,113.44,105.56,97.955,99.702,99.191
85.433,81.247,157.53,167.71,29.97,39.443,0.23197,0,1.6097,14.124,32.59,12.503,51.204,95.703,99.147,98.005,45.852,46.465,40.057,46.162,43.11,50.588,51.818,66.255,72.009,75.051,249.11,268.78,283.53,249.22,283.96,223.81,223.69,207.32,262.7,186.77,124.74,140.6,161.03,87.547,90.543,64.323,88.722,83.004,80.099,303.46,263.05,113.99,144.47,171.59,145.21,143.88,110.43,88.375,97.786,58.953,71.793,97.018,30.842,36.268,32.376,8.7696,34.682,19.935,11.171,19.375,30.692,23.793,4.4925,0.099916,2.4861,0.15183,24.649,1.0767,3.4792,13.148,15.459,10.731,6.168,28.764,18.505,40.591,66.507,69.04,85.597,117.76,77.606,76.912,85.825,85.967,86.226,79.916,80.64,81.456,81.176,83.201,87.407,49.292,49.001,43.156,41.969,51.144,38.8,33.994,35.345,65.659,43.775,45.565,46.753,50.463,48.692,48.129,48.432,33.732,48.052,66.156,66.745,63.243,73.035,72.983,71.254,72.267,216.46,252.89,181.89,236.81,191.67,152.56,223.22,201.74,176.85,153.68,123.76,111.91,103.5,101.33,83.099,74.575,79.227,91.871,12.213,11.846,13.94,12.537,16.142,33.202,8.1578,8.367,1.7694,1.4868,4.5044,10.203,31.618,51.72,52.583,47.459,72.335,51.203,77.385,99.552,73.551,74.614,79.659,76.128,72.481,68.85,84.862,83.979,84.821,86.194,80.045,86.559,81.293,83.436,82.731,84.804,84.157,82.601,84.915,84.274,95.941,50.021,49.596,49.349,49.368,49.855,36.557,53.399,45.996,49.506,53.608,24.618,46.865,79.504,73.757,53.256,73.261,72.807,72.399,72.729,74.113,73.043,58.878,61.608,76.242,94.95,64.784,84.942,92.658,88.602,95.526,94.379,48.838,49.156,42.878,43.961,46.324,40.031,101.22,62.064,154.51,152.54,140.24,115.4,95.303,100.67,105.22,99.634,88.632,85.203,89.053,84.702,103.8,91.13,50.329,49.365,50.199,50.653,121.64,101.1,91.241,88.668,88.063,88.321,49.326,50.274,49.404,49.712,49.337,48.833,101.77,92.79,98.777,99.731,106.87,99.329,92.316,93.507,93.345
104.89,97.989,187.26,193.55,41.016,46.573,0.61959,1.6097,0,22.569,33.077,16.74,60.951,112,117.09,113.53,63.413,62.7,49.475,61.551,58.435,67.53,66.671,84.598,90.584,93.777,278.41,304.15,321.8,284.36,322.09,252.67,254.45,238.77,300.77,218.39,151.73,164.05,184.47,106.46,109.12,84.61,107.15,101.59,96.991,338.47,294.94,139.31,173.88,201.96,170.83,170.06,136.24,108.34,120.54,78.465,92.366,112.92,37.573,48.194,39.623,16.345,42.454,32.464,14.588,21.896,36.425,25.099,11.472,1.6147,8.0859,2.5759,18.224,1.5374,1.0851,11.282,14.194,9.5513,7.3909,34.406,27.439,52.908,85.307,82.547,99.054,138.47,95.305,93.808,104.13,103.67,103.01,95.673,96.7,97.189,96.315,98.923,103.58,67.317,66.879,59.18,57.545,68.712,54.3,48.362,45.26,75.473,56.357,60.928,62.569,66.288,65.071,65.456,65.233,44.645,62.702,85.412,82.861,78.83,92.292,92.053,90.114,91.319,249.01,286.76,213.89,266.24,217.79,180.96,253.63,234.55,207.54,181.5,149.26,136.8,123.49,120.33,102.69,94.097,96.443,107.6,18.827,20.56,22.711,20.005,17.466,34.905,8.4039,7.4906,0.054442,2.6898,1.0405,3.7352,46.634,64.059,63.062,65.209,87.015,65.805,96.753,118.11,90.908,92.091,97.828,94.153,88.836,85.158,103.17,100.94,101.22,102.51,97.309,103.83,97.058,100.14,98.902,101.24,100.55,98.905,102.41,100.64,112.72,68.086,67.558,67.313,67.494,68.036,50.599,70.798,63.501,67.719,61.713,37.994,61.401,99.617,90.968,71.445,92.407,91.85,91.215,91.703,93.131,92.099,78.653,70.706,90.616,109.13,82.362,97.334,110.45,105.12,112.26,110.75,66.769,67.159,57.672,58.976,61.484,54.817,116.24,79.486,177.22,175.96,169.48,139.11,111.94,118,122.64,117.34,104.81,101.01,105.35,100.52,119.8,107.75,68.574,67.411,68.252,68.853,139.84,118.82,107.83,104.93,104.14,104.59,67.315,68.504,67.436,67.757,67.274,66.757,119.61,110.17,117.35,116.72,124.94,116.52,107.94,110.61,109.52
30.232,27.818,81.062,84.537,3.0027,10.97,16.979,14.124,22.569,0,19.269,3.3286,14.525,37.311,38.777,39.39,12.913,10.462,8.6158,9.6279,8.5765,12.493,11.84,19.842,22.723,24.343,144.68,161.01,174.49,146.89,174.6,125.49,125.73,114.54,160.11,101.28,58.932,65.607,79.917,31.354,33.16,22.097,32.061,28.671,27.079,186.87,155.31,50.703,73.653,90.236,69.249,68.732,50.04,32.059,39.105,19.188,24.725,38.445,6.9755,5.2029,7.0762,0.78963,7.6036,4.639,4.343,8.5729,8.3029,13.006,6.5799,16.07,8.7452,11.388,35.793,22.533,31.317,17.056,15.956,14.604,8.1221,7.4801,0.36098,6.9634,20.337,21.952,32.706,50.364,25.516,25.176,30.32,30.474,30.9,27.378,27.693,28.358,28.51,29.471,31.932,14.263,13.853,9.3809,8.5309,13.54,7.8529,5.5565,5.8237,23.424,8.3571,9.4002,10.141,11.512,11.284,12.506,11.704,4.4955,10.107,20.703,19.48,17.628,23.659,23.498,22.526,23.143,121.75,148.45,98.987,135.27,101.78,76.208,125.27,112.35,93.863,76.23,56.102,48.998,41.159,39.89,28.992,24.596,26.493,35.116,0.59077,0.39448,0.047361,0.15234,9.8232,16.932,10.476,13.506,21.749,10.139,25.671,42.857,7.1902,12.574,14.578,13.447,23.238,11.543,25.87,38.843,23.217,23.816,26.713,24.714,22.688,20.629,29.746,29.435,30.169,31.083,26.972,30.943,28.239,29.181,28.953,30.145,29.754,28.814,29.872,29.841,37.195,14.412,14.114,14.103,14.555,14.725,5.7153,13.917,12.747,14.819,17.99,4.5069,9.5747,27.448,23.329,15.143,23.685,23.395,23.051,23.312,24.018,23.518,19.956,21.715,25.859,38.404,18.703,33.311,34.635,32.531,36.943,36.382,13.986,14.2,8.1222,8.6243,9.5604,7.2332,41.999,17.353,75.408,73.876,71.302,49.642,36.847,40.05,43.073,39.192,32.719,30.708,32.929,30.379,43.015,34.118,14.924,14.328,14.397,14.813,53.987,40.156,34.204,32.702,32.405,32.47,14.169,14.879,14.289,14.34,14.032,13.967,40.546,34.858,38.341,39.605,43.865,39.228,35.478,35.437,35.814
55.96,42.173,132.83,109.2,20.115,6.8931,32.459,32.59,33.077,19.269,0,7.5238,13.814,43.626,50.947,41.615,55.344,42.727,12.415,37.072,38.051,45.816,32.589,50.363,51.025,51.732,161.56,204.06,230.43,195.21,229.5,147.37,157.39,155.78,222.64,151.88,109.62,87.988,95.049,53.251,52.006,67.17,50.985,51.094,42.662,217.79,181.18,96.069,130.46,139.49,101.25,104.47,101.21,59.02,77.111,63.304,65.538,42.622,6.3249,21.882,7.3036,22.944,8.3495,42.796,7.2193,2.3443,4.4311,0.76882,37.576,36.23,37.788,30.511,10.909,43.894,45.997,6.3088,4.1888,7.2213,10.406,4.4518,17.343,22.58,53.411,27.691,31.395,68.017,46.193,42.282,49.981,47.19,43.246,37.893,39.232,38.097,35.813,38.414,41.053,56.55,55.27,43.21,40.533,50.543,42.398,37.424,14.335,16.532,23.187,37.15,39.616,38.29,42.616,50.638,45.931,18.29,32.23,56.879,37.958,35.414,55.242,54.029,52.897,54.004,166.17,187.96,154.5,156.2,119.89,121.54,155.28,164.27,142.72,117.41,97.234,92.647,61.203,56.058,56.713,56.786,44.017,40.535,13.708,24.132,21.201,16.613,2.9164,0.23435,8.3406,9.1098,30.587,20.175,27.224,42.97,46.978,21.834,15.944,55.563,32.444,31.424,55.5,53.693,44.25,44.9,48.711,47.799,39.39,38.936,49.876,43.561,41.403,41.336,44.334,45.385,38.189,42.393,40.066,41.53,41.232,40.58,46.06,41.141,45.481,56.217,55.559,55.838,57.596,57.668,33.151,47.882,54.54,58.441,10.378,41.217,31.906,60.138,43.532,54.635,54.479,53.873,52.478,53.445,53.579,53.924,66.363,14.018,32.042,36.418,45.817,28.194,48.803,42.664,45.202,43.557,56.013,56.467,34.703,35.621,35.599,36.072,41.05,45.297,89.311,91.774,129.48,84.108,44.782,48.916,50.553,50.1,41.38,39.164,41.938,39.097,45.062,43.651,57.865,56.716,55.919,57.014,58.91,50.563,43.57,41.682,40.857,41.654,56.131,57.758,56.513,56.328,55.562,55.946,51.226,47.108,53.554,47.327,53.553,47.996,40.303,46.138,42.543
42.809,35.695,107.23,101.29,7.6038,7.6027,13.77,12.503,16.74,3.3286,7.5238,0,13.81,42.886,46.946,43.415,28.311,22.421,8.7897,19.806,19.213,25.207,19.987,32.835,35.327,36.826,161.91,188.94,207.62,175.96,207.38,143.65,147.63,139.3,194.74,128.48,82.93,80.136,92.641,42.609,43.427,40.044,42.24,39.824,35.365,211.54,176.57,72.222,100.84,116.23,87.666,88.464,73.334,45.297,57.014,36.361,41.816,43.22,4.1803,10.309,4.8568,4.2282,5.8773,15.483,0.1178,1.47,4.0163,3.5709,11.794,14.803,12.517,10.496,17.854,20.831,25.977,5.786,4.8505,4.6441,2.2252,3.339,3.4628,12.078,34.28,25.447,34.421,61.813,35.624,33.841,40.595,39.605,38.31,33.62,34.399,34.39,33.527,35.299,38.116,29.949,29.221,21.581,19.968,27.6,19.867,16.12,7.5093,21.225,13.461,19.636,21.119,21.828,23.113,26.678,24.544,8.1829,18.453,35.731,27.943,25.552,37.55,36.999,35.841,36.713,148.06,174.46,127.66,153.6,117.1,99.858,146.53,140.69,119.97,98.449,76.697,69.79,52.705,49.785,42.162,38.821,35.484,40.074,1.1234,5.0167,4.0688,2.1065,1.7212,6.6678,2.8058,4.4963,15.434,6.1483,16.336,31.077,20.166,16.13,14.886,28.899,28.407,19.302,39.355,48.107,33.175,33.87,37.474,35.644,30.878,29.183,40.139,37.406,37.037,37.645,35.956,39.212,34.346,36.75,35.63,37.072,36.675,35.746,38.725,36.698,43.592,30.006,29.547,29.61,30.497,30.681,14.955,27.107,27.949,30.966,14.425,15.581,17.894,42.208,32.981,30.251,37.303,36.863,36.102,36.647,37.243,36.977,37.878,18.819,30.067,40.457,30.32,33.343,43.194,39.205,43.302,42.225,29.542,29.866,17.673,18.432,19.231,17.338,44.893,29.067,87.325,87.27,98.717,67.341,43.06,46.979,49.716,46.884,38.796,36.473,39.175,36.217,47.328,40.713,30.925,30.054,29.913,30.598,60.542,47.736,40.739,38.911,38.359,38.739,29.75,30.854,29.964,29.966,29.469,29.506,48.278,42.658,47.701,46.01,51.506,46.034,40.22,42.659,41.408
14.79,7.7295,62.254,45.768,5.9217,1.3191,54.595,51.204,60.951,14.525,13.814,13.81,0,8.879,11.87,8.5872,24.528,14.141,0.76738,10.294,11.958,15.037,6.1191,14.116,13.472,13.446,84.438,112.07,131.41,105.19,130.71,72.897,78.663,76.833,125.81,74.517,48.223,32.269,37.714,13.054,12.258,27.569,11.788,12.166,7.9799,124.25,97.198,39.196,62.141,66.111,40.272,42.417,43.994,16.37,27.405,26.152,23.977,8.7215,2.9081,4.5559,2.3127,21.858,1.6703,28.322,16.028,12.149,3.713,13.377,40.574,55.559,45.088,46.47,47.24,67.129,77.529,30.184,25.761,29.504,26.636,4.241,10.39,3.6621,16.177,2.4097,4.6674,20.675,9.9014,7.9379,11.382,9.9697,8.1922,5.9589,6.4884,6.0663,5.2662,6.2386,7.3762,24.101,23.128,15.711,14.156,18.453,16.867,15.179,2.0601,1.0683,3.1778,10.53,11.831,9.8546,13.32,19.636,15.845,3.792,6.7758,18.787,6.6146,5.7339,16.092,15.28,14.837,15.394,84.165,100.32,76.952,79.553,54.023,54.049,77.34,83.113,68.192,50.956,38.771,36.876,16.864,14.251,15.508,16.862,8.6664,7.5361,13.858,19.486,15.769,14.589,16.685,10.454,26.92,31.035,58.439,38.254,59.427,85.188,24.316,1.38,0.085093,24.02,3.9173,5.6166,15.516,13.095,9.2214,9.4702,11.109,10.938,6.814,6.8931,11.376,8.3154,7.4146,7.4288,8.7825,9.1209,6.0965,7.8076,6.8444,7.4649,7.3327,7.0477,9.4512,7.2989,9.5296,23.519,23.132,23.469,24.972,24.831,11.009,15.676,23.768,25.649,0.63286,23.497,6.8887,18.292,8.8138,20.975,15.532,15.206,14.352,14.935,14.784,15.199,28.832,0.83325,3.8735,7.0305,11.424,4.2604,10.708,8.0319,9.3969,8.7323,23.828,24.086,9.7731,10.025,9.2874,11.686,9.0043,11.632,34.188,35.146,62.055,30.287,9.2309,11.172,12.208,11.551,7.5599,6.5928,7.7844,6.545,10.347,8.5315,24.806,24.214,23.196,23.944,17.275,11.836,8.5078,7.6703,7.3416,7.6415,23.729,24.736,24.023,23.739,23.239,23.773,12.148,9.978,13.01,10.515,13.482,10.719,7.5132,9.6152,8.3051
5.1187,1.3048,32,14.908,19.254,17.027,101.6,95.703,112,37.311,43.626,42.886,8.879,0,0.50571,0.21878,29.085,18.048,12.897,14.598,17.453,17.17,8.9062,10.361,7.8919,6.9306,38.629,59.354,75.571,55.749,74.814,30.924,35.334,35.879,73.806,37.573,26.294,8.0346,10.007,3.2628,2.0658,24.592,2.1329,3.708,1.663,66.808,47.37,20.08,35.367,32.546,13.698,15.843,26.123,5.6415,13.032,25.215,18.009,0.060186,21.566,14.83,19.729,48.858,17.641,47.07,47.115,41.715,24.035,43.955,73.794,101.19,81.82,88.655,96.677,116.75,133.14,71.74,64.881,70.474,64.531,25.267,30.485,12.155,12.183,2.2628,1.2599,3.0296,3.4478,2.3493,2.4882,1.5752,0.65237,0.85421,0.90027,0.66191,0.59762,0.48354,0.25896,27.085,26.166,21.061,20.067,20.35,24.257,24.932,14.873,6.7309,10.434,15.066,15.737,12.423,16.31,22.859,18.873,15.943,10.887,14.825,4.2133,4.7076,9.8961,9.1769,9.3381,9.5108,41.198,50.738,41.164,35.279,19.112,24.957,34.302,42.967,33.441,21.718,17.019,18.332,2.6831,1.4028,6.3412,10.105,2.245,0.056801,39.579,43.57,38.417,39.171,49.79,37.584,65.828,72.475,109.01,79.976,112.12,146.9,35.816,6.7155,7.6051,27.809,1.6586,8.7914,8.0124,1.026,4.0496,3.9355,3.7811,4.5997,2.7762,3.789,2.7011,1.0764,0.57544,0.40146,2.1289,1.0106,0.69055,0.94164,0.69222,0.59447,0.64305,0.77997,1.4883,0.61474,0.052132,26.141,25.911,26.381,27.996,27.629,19.663,16.644,28.195,28.673,11.471,38.807,11.467,9.865,3.709,22.069,9.3146,9.1674,8.5371,8.9492,8.3763,9.0846,28.157,8.4187,1.1357,0.94373,8.4892,2.4494,0.80507,0.29116,0.049389,0.012602,26.991,27.13,15.58,15.319,13.65,18.613,0.70161,9.6061,8.2265,8.8498,36.488,11.096,0.034045,0.16806,0.26439,0.34139,0.18457,0.33463,0.18981,0.37551,0.34585,0.17142,27.394,27.176,25.716,26.322,1.5533,0.32511,0.15644,0.2012,0.19594,0.22661,26.669,27.343,26.953,26.512,26.139,26.933,0.38008,0.46302,1.0884,0.07717,0.51384,0.1267,0.069946,0.25255,0.015635
2.9115,0.92654,24.475,11.022,20.2,21.064,105.66,99.147,117.09,38.777,50.947,46.946,11.87,0.50571,0,1.3257,25.827,16.119,15.554,13.36,16.04,14.945,8.4495,8.0106,5.6863,4.7689,34.518,51.085,65.274,47.042,64.655,26.461,29.423,28.867,62.941,29.631,19.632,5.0303,7.6919,1.5673,0.75143,20.325,0.85424,2.0557,1.1266,59.782,41.689,14.385,27.454,25.078,9.1817,10.818,19.745,3.1755,8.7481,21.254,14.065,0.87584,25.39,15.572,23.327,50.293,21.044,45.615,51.528,47.238,28.441,50.383,74.56,104.5,83.154,91.81,106.45,120.24,138.05,78.911,71.981,77.136,69.611,29.619,32.031,12.889,9.4635,3.5984,3.2753,1.2364,2.2058,1.6682,1.1746,0.70588,0.45172,1.1127,0.97764,1.0002,1.3311,0.90008,0.53405,23.712,22.916,19.042,18.346,17.602,22.318,23.561,16.946,10.287,11.168,13.806,14.188,11.127,14.43,20.072,16.601,17.239,10.357,11.686,3.6196,4.3265,7.1906,6.6228,6.8576,6.9304,33.578,43.218,32.653,30.749,15.771,18.408,28.641,34.57,25.925,15.723,11.674,12.92,0.86231,0.22471,3.9061,7.2687,1.4352,0.80503,42.135,44.539,39.615,41.174,55.709,44.324,71.597,78.771,114.29,84.33,118.57,154.32,33.515,8.0434,10.196,24.528,2.3402,8.4864,5.4604,0.094594,2.8693,2.7172,2.2839,3.0395,2.2835,3.1581,1.3424,0.65919,0.58673,0.53014,1.3211,0.47532,0.99986,0.68105,0.77901,0.58238,0.63397,0.76774,0.72795,0.6302,0.23785,22.801,22.634,23.076,24.523,24.15,18.801,14.231,25.012,25.12,15.57,37.253,10.948,6.8166,2.6476,18.914,6.7147,6.626,6.1581,6.4592,5.9281,6.5463,23.907,12.25,2.1879,2.8206,6.6731,5.1207,0.1529,0.37477,0.25005,0.41499,23.668,23.764,14.589,14.227,12.608,17.411,2.2465,7.755,6.2285,6.2787,28.492,6.8796,0.29177,0.14339,0.34768,0.020812,0.50012,0.77415,0.43907,0.78708,1.3364,0.28343,23.898,23.786,22.407,22.908,1.6599,0.047009,0.29188,0.46518,0.5598,0.46749,23.336,23.856,23.583,23.161,22.861,23.617,0.04264,0.1055,0.12018,0.25702,0.20818,0.15085,0.9023,0.11921,0.51574
7.4373,2.4329,36.857,16.808,20.964,16.466,103.61,98.005,113.53,39.39,41.615,43.415,8.5872,0.21878,1.3257,0,33.423,21.271,13.142,17.303,20.395,20.483,10.861,13.285,10.549,9.4748,39.47,62.942,80.517,59.958,79.644,32.363,37.817,39.437,79.523,42.207,31.152,9.7814,10.916,5.163,3.6285,29.11,3.7117,5.6843,2.9262,69.01,49.13,24.399,40.821,37.082,16.457,19.008,31.091,8.079,16.619,29.657,22.02,0.049603,21.42,16.449,19.661,51.311,17.609,51.146,47.53,41.119,23.563,42.719,77.297,103.69,85.161,90.995,94.335,119.44,135.19,70.824,63.819,69.915,64.979,24.897,32.277,13.633,15.381,2.5435,0.72752,4.3561,5.2629,3.7884,4.1581,2.9319,1.5461,1.5835,1.734,1.3026,0.98394,1.0327,0.808,31.385,30.372,24.474,23.291,24.06,27.778,28.196,15.64,5.7209,11.809,17.807,18.657,15.031,19.419,26.711,22.297,17.275,13.01,18.361,5.8471,6.2859,12.901,12.069,12.221,12.442,45.075,53.986,46.348,36.581,20.242,29.13,36.609,47.699,37.917,25.437,20.841,22.472,4.3191,2.6364,8.8836,13.168,3.7178,0.19811,41.031,46.154,40.7,40.97,49.17,35.814,65.81,72.248,110.36,81.322,112.7,147.45,39.965,7.4574,7.5197,32.102,2.2863,10.657,10.786,2.1274,5.9217,5.808,5.7274,6.6784,4.1937,5.3943,4.4251,2.168,1.3581,1.0748,3.5808,2.1241,1.3543,1.9391,1.4716,1.3932,1.4544,1.6288,2.7937,1.407,0.47669,30.383,30.116,30.619,32.378,31.997,22.429,20.01,32.461,33.118,10.456,42.676,13.619,12.958,5.4919,26.038,12.233,12.054,11.313,11.799,11.158,11.963,32.852,7.3487,1.4277,0.2996,11.055,1.5258,1.8632,0.94132,0.4728,0.32707,31.265,31.428,18.212,17.989,16.203,21.507,0.13865,12.275,9.0265,10.08,42.108,14.229,0.4244,0.6339,0.56615,1.0264,0.67989,0.82368,0.71987,0.89424,0.084499,0.74752,31.76,31.486,29.927,30.604,1.523,0.9512,0.71456,0.7299,0.67176,0.77827,30.933,31.702,31.245,30.776,30.355,31.202,1.0322,1.3181,2.2314,0.42672,1.0411,0.58774,0.14709,0.94132,0.2878
12.673,18.093,34.394,49.441,8.8416,28.278,52.167,45.852,63.413,12.913,55.344,28.311,24.528,29.085,25.827,33.423,0,1.5309,19.37,3.1841,2.2393,1.5822,7.0926,5.1753,7.4945,8.7263,100.34,99.144,104.21,85.442,104.74,82.186,76.914,63.476,90.145,49.447,19.821,37.162,51.754,15.403,18.228,1.6001,17.552,13.619,16.897,126.38,103.56,16.358,27.695,41.873,34.524,32.343,14.164,13.052,12.074,0.85333,3.5866,31.357,25.264,8.6352,23.918,15.997,22.985,5.6951,31.624,38.622,29.443,46.594,23.132,48.003,29.154,40.857,91.055,57.323,74.178,59.314,56.597,54.862,41.455,28.842,12.007,9.3561,4.3281,21.405,32.532,29.629,12.946,14.934,16.128,18.022,21.122,20.488,19.935,21.558,23.422,22.728,23.952,0.077811,0.10141,0.97806,1.42,0.78649,0.86591,1.7723,15.057,33.45,10.049,3.0172,2.4528,3.8902,1.9895,0.37584,1.1507,10.81,5.8723,3.339,11.336,10.961,6.4442,6.8317,6.4436,6.5153,67.543,90.813,45.946,90.441,66.159,33.397,77.446,57.206,44.669,35.148,21.404,15.904,22.303,23.895,10.974,6.6329,15.356,28.479,18.742,12.418,12.003,15.845,43.183,49.58,46.641,52.832,62.938,43.268,71.91,97.401,1.3572,15.118,22.5,0.021931,19.35,7.5128,8.4138,24.098,11.577,11.846,12.811,11.167,13.944,11.963,15.531,19.119,21.484,22.675,15.71,19.745,21.343,19.59,20.905,21.365,21.087,20.376,18.022,21.257,27.581,0.13257,0.12896,0.10163,0.066177,0.087598,2.9738,1.7292,0.0071201,0.070985,32.736,3.2853,5.644,7.8417,12.117,0.5973,6.8031,6.806,7.1212,6.9214,7.5255,6.8965,0.82158,33.734,22.912,36.254,6.2527,36.192,22.036,23.57,27.452,27.909,0.0675,0.072607,3.341,3.2214,3.7933,2.3973,37.503,5.3047,49.277,45.677,25.757,20.093,27.629,28.88,31.722,26.936,24.725,23.754,24.593,23.384,35.739,24.898,0.11011,0.077976,0.1578,0.15026,40.565,27.868,25.065,24.485,24.7,24.208,0.090697,0.10856,0.08469,0.10809,0.11123,0.069003,27.918,23.444,23.56,29.426,30.659,28.452,29.138,24.844,27.905
7.1746,9.7723,33.359,40.414,4.3257,17.947,52.289,46.465,62.7,10.462,42.727,22.421,14.141,18.048,16.119,21.271,1.5309,0,10.792,0.30851,0.13629,0.090379,2.035,1.9722,3.3674,4.1912,86.778,92.155,100.5,80.49,100.72,70.659,68.032,57.746,88.946,47.056,19.736,28.476,40.427,8.769,10.644,2.7568,10.072,7.3412,8.9505,115.14,92.001,15.148,28.657,39.603,28.286,27.193,14.835,7.7523,9.4401,2.0408,3.0472,19.731,16.379,3.5285,15.101,15.027,14.1,8.1356,25.656,29.769,19.872,36.143,25.683,49.281,31.669,41.309,79.782,59.557,75.374,50.964,47.58,47.404,36.347,19.624,8.4802,3.669,1.833,11.527,20.104,20.566,6.4639,7.5426,8.9793,10.09,12.047,11.248,10.921,12.047,13.313,12.932,14.001,1.3279,1.106,0.12231,0.11693,0.33121,0.52877,1.0136,7.9552,20.773,3.9446,0.26567,0.10881,0.55666,0.047216,0.45116,0.058207,5.1474,1.4164,1.7526,4.8282,4.4604,3.1801,3.2749,2.9321,3.0883,62.437,83.271,45.161,78.287,54.607,30.662,68.125,54.712,42.103,31.18,18.561,14.281,14.463,15.127,6.133,3.4603,7.9601,17.394,14.944,11.466,10.08,12.847,34.669,37.305,40.4,46.316,61.667,41.001,68.838,95.279,3.1724,7.0986,12.511,1.3444,10.161,2.2611,4.3816,15.065,5.3938,5.6217,6.5808,5.4045,6.6702,5.2987,8.5525,10.608,12.19,13.067,8.231,11.194,11.894,10.869,11.681,12.111,11.887,11.325,10.002,12.007,17.028,1.1871,1.1023,1.1797,1.5421,1.5007,0.75629,0.24736,1.3324,1.7161,20.634,4.7819,1.3197,4.5614,5.7018,0.7455,3.3057,3.2435,3.2864,3.2668,3.6396,3.3019,2.7168,21.114,12.77,23.222,2.1814,22.897,13.133,13.819,16.911,17.146,1.269,1.3261,0.44178,0.36557,0.51692,0.32635,24.436,1.6132,37.857,35.371,27.303,15.696,17.016,18.264,20.56,16.884,14.6,13.74,14.536,13.46,23.288,14.878,1.4907,1.3542,1.1147,1.2833,28.083,17.624,14.998,14.439,14.549,14.23,1.2396,1.4739,1.3081,1.2389,1.1278,1.256,17.715,14.041,14.655,18.562,19.984,17.87,17.885,15.012,17.078
15.857,9.838,64.188,52.246,2.6991,0.944,43.314,40.057,49.475,8.6158,12.415,8.7897,0.76738,12.897,15.554,13.142,19.37,10.792,0,7.6285,8.6687,11.955,4.9138,12.945,13.111,13.464,95.874,120.97,138.99,112.43,138.48,82.574,87.09,83.121,131.37,78.295,48.274,37.479,44.958,14.772,14.57,23.847,13.954,13.469,9.8626,136.28,108.17,39.415,62.399,69.271,44.502,46.041,42.965,17.498,27.644,22.08,21.683,13.033,1.2484,2.1596,0.81749,14.44,0.44832,20.35,10.724,8.6971,2.164,10.649,30.185,43.858,34.147,35.789,41.899,54.247,64.25,24.5,20.845,23.42,19.745,2.3813,5.5167,1.8783,14.65,4.3629,8.5693,25.022,10.992,9.3939,13.241,12.182,10.902,8.3636,8.8466,8.6707,8.0836,9.0587,10.504,19.355,18.51,11.752,10.355,14.834,12.287,10.449,0.36018,3.6329,1.8273,7.7581,8.9341,7.7261,10.35,15.506,12.395,1.3992,5.0204,16.75,7.0602,5.9517,15.351,14.686,14.12,14.693,90.433,109.02,79.648,89.953,62.565,56.74,85.963,87.469,71.71,54.356,40.327,37.232,19.967,17.654,16.127,16.162,10.26,11.354,8.2203,12.532,9.5881,8.6909,12.468,9.3007,20.494,24.351,47.351,29.16,48.996,72.762,17.871,1.4073,0.85189,19.103,5.8305,4.4562,15.416,16.519,9.9376,10.268,12.202,11.61,7.9519,7.54,13.105,10.662,10.132,10.351,10.46,11.632,8.667,10.21,9.411,10.165,9.9732,9.5369,11.643,9.9666,13.377,18.942,18.574,18.832,20.094,20.025,7.2691,12.779,18.747,20.678,2.0348,16.609,4.9843,17.924,9.6481,17.15,14.924,14.606,13.867,14.377,14.423,14.628,24.323,3.0529,6.3952,11.704,10.601,8.3847,13.707,11.15,13.216,12.572,19.081,19.329,6.8761,7.1877,6.8351,8.1464,14.058,10.451,41.2,41.593,61.792,32.292,13.065,15.303,16.795,15.401,10.826,9.6163,11.049,9.5042,15.334,11.9,20.053,19.458,18.689,19.362,23.21,15.842,11.901,10.908,10.585,10.833,19.047,19.989,19.302,19.095,18.638,19.034,16.173,13.192,16.338,14.691,17.964,14.764,11.418,13.042,12.111
6.2333,7.4427,35.211,38.714,2.9339,13.862,51.669,46.162,61.551,9.6279,37.072,19.806,10.294,14.598,13.36,17.303,3.1841,0.30851,7.6285,0,0.12741,0.485,0.80899,1.829,2.8815,3.5589,83.625,92.212,102.15,81.332,102.23,68.271,66.879,57.912,91.566,48.56,21.692,26.672,37.576,7.3246,8.7903,4.5342,8.244,6.0043,6.7843,113.48,89.902,16.492,31.268,41.03,27.668,27.062,16.972,6.9408,9.9623,3.753,4.1815,16.008,12.827,1.9908,11.626,14.693,10.651,9.6468,22.927,25.808,15.948,31.428,26.684,49.232,32.518,41.024,73.97,59.781,74.902,46.765,43.177,43.627,33.741,15.831,7.2693,1.9405,2.0159,8.2576,15.82,18.338,4.9579,5.5963,7.2695,8.0104,9.4229,8.4566,8.2481,9.1453,10.115,9.9159,10.969,2.9164,2.5826,0.67709,0.44985,1.1988,1.2366,1.4414,5.4266,16.026,2.0774,0.0037096,0.05355,0.11042,0.20715,1.5048,0.59687,3.2884,0.40835,2.3408,3.154,2.7363,3.104,3.0643,2.7184,2.9273,62.96,82.959,47.339,75.707,51.934,31.709,66.765,56.295,43.444,31.681,19.275,15.417,12.648,12.846,5.4663,3.4469,6.044,13.868,13.394,11.253,9.488,11.7,30.723,31.908,37.246,42.942,60.286,39.518,66.569,93.086,4.6842,4.4487,8.8956,2.9342,7.2823,0.93311,4.0125,12.635,3.9718,4.1957,5.2216,4.216,4.7166,3.5818,6.9103,8.2246,9.4416,10.185,6.2871,8.8266,9.0196,8.3777,8.9367,9.3811,9.1749,8.6622,7.8662,9.2711,13.817,2.7021,2.575,2.6941,3.2302,3.1693,0.57391,0.69155,2.8987,3.4798,15.945,6.0039,0.35234,4.5645,4.1735,1.9141,3.1262,3.0279,2.9403,3.0079,3.2935,3.0748,4.7356,16.318,9.4823,18.771,1.618,18.163,10.677,10.9,13.7,13.813,2.8289,2.9139,0.064582,0.027616,0.026817,0.27639,20.056,1.1846,34.896,32.922,30.128,15.615,13.768,15.084,17.172,13.965,11.5,10.646,11.476,10.402,19.248,11.863,3.153,2.9553,2.5899,2.8429,24.252,14.631,11.961,11.378,11.428,11.198,2.7846,3.1285,2.8868,2.7822,2.6152,2.8095,14.749,11.346,12.276,15.251,16.855,14.69,14.282,12.12,13.7
7.8046,9.5021,36.91,42.367,2.9289,15.114,48.589,43.11,58.435,8.5765,38.051,19.213,11.958,17.453,16.04,20.395,2.2393,0.13629,8.6687,0.12741,0,0.40678,1.5485,2.5046,3.8853,4.715,89.239,96.65,105.98,85.089,106.14,73.171,71.223,61.362,94.572,50.975,22.678,29.857,41.597,9.1752,10.892,4.1182,10.29,7.6919,8.7475,119.21,95.268,17.584,32.285,43.219,30.402,29.535,17.54,8.526,11.12,3.2107,4.3468,18.992,13.56,2.3058,12.416,13.04,11.541,7.6567,22.236,25.898,16.749,31.843,23.824,45.954,29.462,38.145,73.482,56.042,71.063,46.036,42.749,42.717,32.446,16.506,6.6328,2.4986,2.5355,10.325,18.689,21.229,6.5778,7.384,9.1916,10.091,11.728,10.66,10.425,11.431,12.501,12.29,13.46,2.1305,1.8526,0.2588,0.10622,0.88562,0.57491,0.74318,6.0725,18.427,2.8076,0.087846,0.076537,0.44886,0.18715,0.98704,0.37069,3.6274,0.92625,2.6404,4.5439,4.0443,3.9365,3.9616,3.5697,3.7807,66.377,87.347,49.301,80.892,56.429,33.749,71.198,58.921,45.773,34.025,20.913,16.575,15.044,15.387,6.8505,4.2902,7.8813,16.653,12.495,9.7662,8.3178,10.675,30.526,32.961,36.165,41.779,57.332,37.318,63.924,89.687,3.2666,5.7506,10.543,2.084,9.3073,1.6966,5.1056,15.194,5.4454,5.7001,6.8319,5.6565,6.3857,5.0501,8.7789,10.377,11.759,12.588,8.1577,11.04,11.291,10.559,11.197,11.69,11.461,10.888,9.9431,11.569,16.59,1.9844,1.8676,1.9538,2.3878,2.3552,0.28985,0.67887,2.0108,2.5969,17.906,4.4406,0.81151,5.5309,5.6988,1.5029,4.0159,3.9229,3.8876,3.9219,4.2876,3.9819,4.0081,18.593,11.764,21.942,2.4542,21.148,13.079,13.38,16.463,16.592,2.0443,2.1237,0.11009,0.092611,0.247,0.057827,23.364,1.8767,38.838,36.616,30.935,17.477,16.539,17.961,20.235,16.719,14.048,13.102,14.02,12.832,22.507,14.443,2.3588,2.1645,1.9015,2.1204,27.852,17.448,14.552,13.913,13.969,13.712,2.0255,2.337,2.1106,2.0373,1.8903,2.0285,17.572,13.846,14.796,18.154,19.86,17.535,17.105,14.713,16.469
6.0272,9.0499,29.977,37.244,5.4714,19.532,56.681,50.588,67.53,12.493,45.816,25.207,15.037,17.17,14.945,20.483,1.5822,0.090379,11.955,0.485,0.40678,0,2.1327,1.3447,2.5869,3.3301,82.252,86.705,94.625,75.301,94.847,66.451,63.596,53.443,83.37,43.044,17.164,25.964,37.655,7.6484,9.5156,2.0588,8.9943,6.3433,8.2261,109.36,86.999,12.899,25.559,35.928,25.454,24.324,12.648,6.4913,7.7192,1.5481,2.1048,18.895,18.213,4.3851,16.807,17.434,15.662,9.5912,28.647,32.705,21.898,39.236,28.599,53.495,34.941,45.203,84.81,64.142,80.6,55.096,51.488,51.446,39.998,21.709,10.276,4.3654,1.1572,11.493,19.827,18.734,5.6756,6.873,7.9671,9.1548,11.238,10.691,10.306,11.468,12.829,12.327,13.264,1.2298,1.0218,0.33547,0.40213,0.18139,0.93063,1.6689,9.1369,21.422,4.5301,0.46134,0.22689,0.57327,0.058848,0.4173,0.044644,6.2129,1.6275,1.0489,4.4507,4.2217,2.3079,2.4221,2.1388,2.2533,57.909,78.156,41.211,73.868,51.114,27.456,63.734,50.38,38.318,28.002,16.101,12.104,12.939,13.77,5.0143,2.5282,7.2063,16.659,17.318,13.578,12.079,15.079,37.951,40.112,44.191,50.373,66.468,44.942,73.916,101.24,3.9162,7.5554,13.256,1.3253,9.89,2.4046,3.4033,13.796,4.725,4.9176,5.6956,4.6033,6.1533,4.8555,7.5566,9.8096,11.459,12.327,7.4567,10.309,11.313,10.116,11.017,11.375,11.168,10.643,9.1135,11.29,16.073,1.0589,0.99288,1.0801,1.4403,1.3781,1.3503,0.038725,1.3775,1.6084,21.787,5.922,1.5734,3.464,5.0477,0.49387,2.4393,2.3973,2.4722,2.4292,2.7672,2.4492,2.2265,21.955,12.482,22.695,1.6667,22.811,12.078,13.012,15.968,16.275,1.1906,1.2339,0.77105,0.64147,0.71304,0.74061,23.686,1.1773,35.264,32.707,24.306,13.548,16.091,17.156,19.376,15.737,13.843,13.092,13.755,12.818,22.345,14.018,1.3481,1.2529,0.97971,1.1279,26.563,16.453,14.14,13.67,13.816,13.465,1.1406,1.3336,1.2054,1.1234,1.0291,1.1779,16.516,13.043,13.396,17.521,18.68,16.803,17.159,14.044,16.253
