0,21.938,52.517,53.04,79.738,87.75,104.62,135.36,321.76,261.99,265.69,231.62,189.63,275.29,204.19,210.71,190.51,140.1,161.01,133.16,122.57,86.111,82.237,71.321,24.389,45.4,62.743,151.36,151.22,145.71,144.62,149.17,182.41,146.26,163.69,19.349,5.0432,31.206,2.4156,28.908,37.76,77.401,66.145,73.603,78.208,83.656,77.515,117.25,123.11,116.65,112.15,111.01,122.91,122.76,118.66,122.11,218.42,210.76,229.55,209.29,231.69,258.91,202.12,234.97,208.04,165.6,202.83,190.38,195.44,170.09,134.73,153.57,141.22,151.52,145.13,135.67,141.8,336.35,298.75,273.86,227.15,263.4,211.96,227.05,211.56,189.64,202,126.59,151.51,149.01,103.83,96.551,102.34,89.136,84.375,87.178,12.027,25.085,30.071,29.924,73.094,50.98,28.909,71.661,67.855,64.001,148.31,153,140.22,145.08,150.43,144.77,124.27,128.58,120.74,115.65,117.19,117.02,144.03,146.75,145.93,145.2,148.03,126.74,130.14,169.67,167.19,158.63,198.55,146.19,166.36,168.21,162.22,161.91,162.47,20.092,13.131,17.265,11.716,21.543,14.595,15.54,13.34,3.9279,12.351,69.543,128.55,128.64,107.58,124.13,123.26,68.001,121.12,124.69,121.45,183.86,207.79,171.74,143.13,152.23,153.35,138.96,141.39,141.37,322.66,327.31,235.67,232.55,217.93,239.12,198.77,192.05,182.72,178.24,130.88,145.4,122.61,142.15,145.14,68.454,87.53,84.484,89.628,49.428,46.811,37.685,32.996,58.374,59.892,38.67,36.106,77.587,71.339,123.9,64.934,151.01,149.78,149.45,150.56,149.55,149.23,151.62,151.37,147.81,148.08,143.07,162.84,145.2,146.11,144.9,172.39,150.55,155.72,117.12,123.61,109.82,115.06,146.06,146.33,136.07,136.62,153.65,111.63,154.47,154.02,151.76,159.55,160.39,157.42,239.24,70.599,58.358,144.09,134.11,144.01,154.46,123.05,119.33,139.74,115.19,154.85,121.68,119.64,123.29,125.21,123.87,130.63,121.87,123.49,115.35,138.41,139.85,137.97,141.48,142.17,146.07,147.85,119.07,182.61,120.11,137.99,125.22,119.18,120.87,118.15,127.27,120.85,140.91,143.54
21.938,0,55.761,14.57,42.093,62.093,76.883,80.623,275.89,201.82,193.14,195.52,141.99,217.49,153.19,166.13,149.24,91.464,125.97,83.58,91.031,76.421,75.609,53.15,8.8196,12.206,41.87,93.228,93.452,86.372,88.592,121.91,135.46,116.77,122.46,0.53222,10.55,4.1256,13.257,10.156,21.805,53.66,44.129,39.646,31.266,52.311,51.554,77.899,79.889,74.542,71.268,72.758,75.667,80.02,75.451,78.26,144.2,151.46,184.55,150.5,197.4,206.11,172.62,198.82,166.54,113.88,134.72,144.62,133.1,140.29,105.24,111.66,113.67,117.3,116.97,107.42,112.91,281.21,259.43,232.57,195.2,193.71,180.68,189.91,145.69,145.5,154.91,91.034,135.18,88.151,96.905,86.857,48.693,76.991,72.08,68.787,19.864,19.617,30.013,35.573,49.944,46.209,40.593,50.956,51.959,49.271,91.187,94.324,87.309,87.978,89.894,92.366,113.18,116.02,106.35,101.42,104.22,103.59,86.244,88.34,86.888,87.537,89.406,101.52,96.601,127.53,131.18,126.76,150.76,118.87,127.72,130.58,119.4,121.41,122.35,15.757,34.229,32.496,34.233,39.124,32.928,10.285,15.284,28.459,7.7953,42.294,84.105,101.54,68.07,83.67,89.754,46.323,78.978,79.753,79.343,115,181.34,127.5,94.34,125.3,128.37,112.5,113.2,112.91,263.6,275.47,173.3,173.48,165.67,180.99,152.58,147.92,141.27,139.26,102.07,116.73,103.13,113.67,92.239,51.186,56.506,71.831,80.061,52.805,45.385,15.94,18.582,22.414,28.119,15.604,24.006,64.672,60.769,104.85,52.522,93.159,92.11,91.948,92.472,92.059,91.681,93.555,93.056,89.16,90.114,87.601,102.58,87.987,91.598,88.718,106.19,92.127,94.468,105.22,107.18,95.793,100.81,86.4,86.9,82.411,80.914,120.23,88.479,124.19,125.44,124.69,130.11,131.61,120.92,206.8,42.353,41.333,84.133,76.657,81.987,90.157,79.846,75.221,111.49,79.182,90.792,78.564,77.215,77.614,80.585,79.253,86.021,79.339,80.224,73.756,109.84,110.83,111.71,113.41,114.01,85.712,88.755,65.446,117.93,77.392,110.12,82.633,77.421,77.447,76.1,80.109,79.589,112.35,117.14
52.517,55.761,0,32.661,19.543,10.334,14.104,40.003,116.71,89.925,99.547,65.722,50.939,95.396,58.684,58.483,48.33,35.345,34.091,34.641,20.134,4.7186,3.5871,5.3238,20.645,28.719,6.8754,46.468,46.078,46.665,42.975,27.089,47.735,26.723,37.802,63.545,31.02,35.591,36.185,19.938,9.681,8.4253,7.3768,16.415,32.918,13.673,9.7608,23.439,27.416,25.388,23.699,21.533,30.739,26.985,26.602,27.722,81.831,66.437,67.4,65.508,65.354,84.887,50.007,67.415,56.088,44.795,70.573,50.286,62.964,35.945,22.84,34.676,24.335,30.318,25.895,22.698,24.97,127.65,102.24,88.909,62.613,96.427,55.028,63.72,71.707,49.209,55.778,23.221,25.937,48.938,8.7181,7.0195,37.636,5.7449,4.8854,7.0728,15.004,9.2834,4.1687,3.2347,7.9493,0.90906,3.7105,6.5657,4.2201,3.6819,44.815,47.368,39.081,44.15,48.825,39.602,15.363,16.971,14.527,12.91,13.217,13.222,44.682,45.842,46.372,44.761,46.309,18.864,23.169,40.434,36.815,32.049,54.656,26.017,37.577,37.848,38.101,36.804,36.823,12.696,14.816,9.8957,16.795,7.8581,12.616,19.309,16.042,30.206,24.512,10.835,29.467,20.072,21.975,25.625,21.282,7.1042,26.215,29.076,26.253,65.568,52.178,42.273,36.206,28.134,28.076,23.227,24.602,24.675,121.29,121.45,78.985,75.544,65.256,77.971,53.972,50.202,45.187,42.346,21.376,26.148,16.027,24.954,40.126,4.8243,13.62,4.9842,5.4163,0.049111,0.60339,15.962,11.014,23.642,17.103,16.998,7.4394,4.0108,2.713,16.344,2.837,46.114,45.668,45.438,46.255,45.438,45.433,46.459,46.657,46.301,45.631,42.113,51.245,44.29,41.812,43.181,59.764,46.599,50.649,13.077,15.763,11.15,12.732,47.081,46.88,39.015,41.227,30.763,13.888,29.96,29.278,27.994,31.637,31.779,33.363,68.828,11.544,4.9946,47.103,42.845,49.567,53.911,27.397,27.452,24.056,20.817,53.678,27.064,26.156,29.438,28.925,28.662,30.042,26.653,27.527,24.764,23.715,24.348,22.829,24.587,24.858,47.884,46.779,36.996,60.917,26.462,23.336,27.367,25.556,27.158,25.593,31.411,25.508,24.555,24.803
53.04,14.57,32.661,0,8.3184,21.989,30.062,26.865,170.34,109.87,101.96,110.65,68.378,122.14,75.703,86.466,75.018,34.178,60.217,29.162,37.772,37.096,38.137,19.865,6.2201,0.32795,13.047,34.262,34.423,30.04,31.557,59.829,63.922,55.552,56.157,20.672,25.968,3.5205,33.367,4.4774,7.3168,17.981,13.701,7.9594,3.155,14.851,16.091,27.502,27.924,24.914,23.218,24.658,24.731,28.093,25.251,26.822,67.095,73.144,99.995,72.525,112.63,114.46,95.565,113.14,87.532,48.271,60.758,70.646,60.012,71.918,47.739,48.647,54.067,54.464,56.119,49.599,53.106,172.32,159.14,137.57,111.7,102.62,100.99,106.12,68.42,71.644,77.731,36.641,73.263,31.063,51.386,43.577,10.009,36.278,33.237,28.61,24.504,12.875,19.282,25.429,16.226,22.936,32.198,17.677,20.207,19.328,33.069,34.907,31.05,31.112,32.117,34.238,60.252,61.52,54.171,50.943,53.367,52.741,30.028,31.26,30.359,30.813,31.895,46.691,40.798,59.448,63.584,61.71,74.604,57.716,60.45,62.718,53.689,55.615,56.352,13.291,40.493,33.365,42.386,37.323,36.942,13.087,18.789,47.254,14.793,11.007,30.283,46.056,21.632,30.806,36.38,14.919,27.575,27.534,27.804,47.707,103.12,58.947,35.972,62.305,65.131,53.639,53.529,53.252,157.6,168.52,88.448,89.031,84.49,94.691,76.255,73.375,69.273,68.482,45.846,55.788,49.91,53.756,34.101,19.203,17.193,32.922,39.387,31.252,24.556,3.5574,7.3185,1.2969,3.7984,3.022,9.8878,28.596,27.497,51.231,22.109,34.236,33.601,33.512,33.798,33.581,33.345,34.468,34.144,31.744,32.36,30.996,39.99,31.111,33.536,31.624,42.091,33.566,34.881,54.514,53.858,47.339,50.539,30.047,30.352,28.013,26.973,56.716,38.924,60.425,61.838,61.833,64.831,66.099,56.313,120.36,10.729,14.379,28.697,24.422,27.437,32.249,27.899,24.955,52.351,29.078,32.624,27.139,26.454,26.124,28.093,27.287,31.441,27.719,28.119,24.546,51.13,51.653,53.171,53.718,54.092,29.62,31.479,18.331,49.69,26.506,51.553,29.725,26.709,26.409,25.857,27.396,28.124,52.833,56.841
79.738,42.093,19.543,8.3184,0,4.206,7.2647,7.3316,103.68,59.656,56.613,58.294,29.528,68.22,34.688,41.418,33.481,9.5654,23.78,7.3133,10.783,14.552,16.131,5.3462,16.955,9.1475,3.2468,11.445,11.431,9.8775,9.6731,23.877,26.599,21.085,21.354,51.878,44.89,19.864,54.472,13.671,8.0567,3.3171,2.9246,0.1657,2.8183,1.2537,2.3653,5.6054,6.0044,4.6097,3.8396,4.3422,5.0539,6.0456,4.8333,5.5651,34.299,34.238,50.921,33.743,59.732,61.998,47.623,60.107,41.997,17.619,28.562,30.849,26.601,31.47,16.437,16.872,20.321,20.233,21.52,17.61,19.644,105.96,94.745,78.337,59.09,56.371,51.403,55.022,32.644,31.391,35.656,10.051,33.734,10.772,22.627,17.666,2.9463,13.386,11.989,8.2961,33.453,16.65,17.821,22.53,3.0319,12.394,28.738,4.0266,6.2225,6.4877,10.633,11.891,8.7663,9.7339,11.13,10.189,26.597,27.033,22.275,20.452,22.121,21.656,9.4371,10.145,9.9274,9.7466,10.486,16.217,12.322,23.438,25.906,24.794,33.629,22.564,23.944,25.363,19.928,20.992,21.432,20.323,46.321,36.591,49.341,37.477,41.793,24.918,28.774,62.589,29.961,1.2763,7.1991,15.664,3.1614,7.184,9.9635,3.1956,5.7707,5.9828,5.8715,21.437,53.131,23.25,10.492,25.454,27.412,20.157,19.947,19.762,95.041,102.7,45.025,44.832,40.754,48.594,34.595,32.535,29.695,29.098,15.4,21.283,18.853,20.064,10.214,5.488,1.9081,11.739,15.653,19.407,14.96,8.057,10.281,3.1865,1.5373,7.8006,9.6325,9.9164,10.408,19.687,8.0807,11.363,11.017,10.935,11.216,10.963,10.867,11.526,11.437,10.427,10.521,9.2873,14.815,9.7622,10.259,9.7391,17.647,11.195,12.597,23.03,21.683,18.493,20.221,9.9749,10.039,7.5672,7.6132,21.63,12.241,24.056,25.041,25.146,26.89,27.741,21.345,65.423,1.0492,4.8652,9.5069,7.1108,9.7031,12.432,5.9926,4.7873,19.237,6.2964,12.502,5.6448,5.2924,5.4443,6.2032,5.8411,7.7669,5.8615,6.0965,4.4228,18.488,18.767,19.894,20.071,20.289,10.011,10.431,4.0777,21.197,5.3356,18.793,6.7884,5.3607,5.348,5.0074,6.1767,5.9669,19.503,22.104
87.75,62.093,10.334,21.989,4.206,0,0.81743,9.7946,77.627,46.492,49.408,37.613,19.39,52.376,24.228,27.03,20.175,7.6014,11.672,7.1346,3.0055,3.5037,4.5761,0.98745,25.95,21.71,2.2213,12.975,12.769,13.201,11.17,9.9935,17.127,8.6129,11.782,73.106,52.897,35.003,62.291,22.645,11.597,0.34119,1.6565,3.6938,13.904,0.86908,0.49486,2.7128,4.1145,3.327,2.7474,2.0374,5.4673,3.9594,3.776,4.2093,34.513,27.13,34.405,26.573,38.279,45.648,27.663,39.061,26.529,13.108,27.504,19.69,23.349,15.755,5.7235,9.1584,7.7401,9.1354,8.6258,6.1891,7.5724,82.505,68.217,55.199,37.181,47.911,30.994,35.317,29.006,19.552,23.583,3.5495,14.988,14.424,7.3956,4.7471,12.056,2.7895,2.3453,0.77396,35.305,19.121,15.961,18.369,0.718,6.7236,22.68,0.81636,1.5625,2.1578,12.11,13.452,9.222,11.793,14.309,9.5296,9.7387,10.101,7.2613,6.1812,7.0961,6.8434,12.114,12.695,13.022,12.127,12.928,4.8415,4.244,13.433,13.363,11.587,22.347,9.1388,12.744,13.424,11.352,11.327,11.503,24.307,42.952,33.317,46.226,31.879,38.608,31.812,32.75,63.602,38.525,1.9647,4.9847,4.8275,2.2153,3.623,3.0226,1.3122,3.6624,4.7487,3.6833,23.866,31.231,13.972,8.0866,10.983,11.946,7.4362,7.6274,7.5602,74.727,78.666,36.216,34.725,29.113,37.184,22.512,20.367,17.525,16.387,4.982,8.5727,5.6436,7.7564,9.7742,1.3389,0.50115,2.2262,3.91,10.871,8.9371,15.209,14.651,12.624,7.567,15.455,11.607,1.8631,2.6226,6.0928,2.4812,12.788,12.555,12.434,12.865,12.434,12.433,12.97,13.076,12.928,12.552,10.735,15.595,11.867,10.582,11.275,20.394,13.05,15.246,7.5926,7.0519,5.0801,6.0492,13.433,13.304,9.2392,10.428,9.8462,2.4292,10.732,11.037,10.802,12.473,12.919,10.436,42.344,2.0278,2.9873,13.533,11.524,15.081,17.253,4.1066,4.1057,7.192,2.0335,17.089,3.9642,3.6162,4.8902,4.6988,4.5814,5.267,3.826,4.1618,3.1043,6.788,7.0481,7.2358,7.6803,7.8374,13.912,13.198,9.1828,21.293,3.7296,6.8413,4.1668,3.4043,3.9894,3.4045,5.7113,3.431,7.4183,8.6671
104.62,76.883,14.104,30.062,7.2647,0.81743,0,8.5365,62.513,35.618,39.355,27.364,12.635,40.502,16.637,18.553,12.941,5.1232,6.3193,5.4464,0.71171,3.7211,5.1195,3.1947,35.973,30.216,5.7197,10.539,10.298,11.507,9.1284,5.2014,10.874,4.1545,6.5976,89.181,66.528,46.121,76.869,32.031,18.561,2.2085,4.7971,7.1078,18.896,2.6571,2.5297,1.5527,2.7423,2.5045,2.2717,1.4165,4.5635,2.5734,2.8607,3.0051,28.189,19.74,24.683,19.248,27.963,34.481,19.107,28.603,18.067,8.6301,21.686,12.748,17.468,9.4614,2.2275,4.8592,3.6037,4.4972,4.1975,2.5498,3.4509,66.99,54.137,42.585,27.077,37.736,21.843,25.397,22.219,12.557,15.877,1.1637,9.6894,12.61,5.8701,3.9406,14.647,2.7708,2.8184,1.2076,46.027,27.564,23.099,25.373,3.0635,10.851,29.834,3.1529,4.0528,5.0579,9.8432,10.927,7.2246,9.8489,12.301,7.0226,6.5038,6.5344,4.3859,3.7406,4.4934,4.2652,10.373,10.761,11.263,10.248,10.893,1.8232,1.3919,7.8339,7.5822,6.2575,14.939,4.5875,7.1798,7.6551,6.4,6.2367,6.3421,33.801,53.429,42.692,57.122,40.444,48.641,42.716,43.475,77.152,50.481,5.1456,3.1933,1.7345,2.0884,1.8796,0.79825,4.183,2.382,3.3972,2.3658,19.81,22.216,8.3559,5.3362,5.9354,6.7379,3.4375,3.5066,3.4537,60.159,63.488,27.29,25.738,20.628,27.669,14.98,13.193,10.878,9.9297,1.7822,4.146,2.7535,3.5866,7.2898,3.8383,1.7931,2.7002,3.7719,15.034,13.53,23.009,22.373,18.876,12.779,23.269,18.473,3.084,4.4517,3.0773,5.1432,10.349,10.214,10.104,10.502,10.092,10.131,10.499,10.663,10.92,10.421,8.7763,12.328,9.9258,8.1981,9.2258,17.034,10.734,12.805,4.9746,3.9834,3.1512,3.6605,11.75,11.56,7.761,9.1716,4.9907,0.67355,5.6535,5.9174,5.7976,6.9608,7.3151,5.4533,31.504,5.1714,6.7769,12.103,10.797,13.984,15.4,2.7388,3.2186,3.2105,0.78157,15.157,2.7267,2.5163,3.7645,3.2609,3.2791,3.2876,2.5089,2.7558,2.3642,2.9329,3.0952,3.3105,3.5465,3.651,12.332,11.248,9.5891,16.783,2.6118,2.9878,2.5188,2.2832,2.8675,2.4195,4.343,2.0902,3.3547,4.2907
135.36,80.623,40.003,26.865,7.3316,9.7946,8.5365,0,67.214,28.843,24.19,35.681,11.643,35.789,13.95,20.466,16.297,1.1657,12.641,0.45094,7.6135,23.264,26.448,16.214,46.397,30.166,16.302,0.46829,0.47677,0.2568,0.18877,16.208,10.054,13.551,8.8591,94.221,88.498,48.566,101.74,40.762,30.406,11.841,14.841,9.3464,11.948,7.4573,10.647,2.8253,1.6532,1.8242,2.1929,3.1045,0.64033,1.7965,1.5269,1.42,9.9168,11.626,27.005,11.42,37.474,32.59,30.728,37.003,21.946,3.7846,7.0565,13.064,6.5736,19.66,11.101,6.2078,14.068,10.956,14.428,12.295,13.047,65.974,62.48,48.865,37.973,24.476,32.654,32.868,9.5555,13.946,15.754,5.542,27.984,0.45017,28.139,24.039,4.7069,20.868,20.551,15.053,71.078,45.327,45.043,51.05,12.814,31.415,59.298,14.476,18.376,19.905,0.32623,0.55716,0.25962,0.17095,0.45638,0.66338,27.034,26.296,22.605,21.815,23.472,22.932,0.14348,0.23593,0.23992,0.17341,0.2866,13.171,7.3149,9.7403,13.517,14.601,14.212,15.43,11.309,12.547,7.5161,8.917,9.3018,51.718,87.117,73.219,91.491,72.92,80.798,59.273,64.745,111.37,66.913,11.812,1.5454,11.92,2.695,2.761,6.3981,14.591,1.931,1.1956,1.9568,3.7463,36.053,8.9224,1.4271,17.298,19.437,14.523,13.547,13.323,56.105,64.403,18.039,18.636,17.623,21.459,15.347,14.684,13.797,14.33,10.933,14.052,17.718,13.472,0.59964,17.276,7.0696,20.202,23.587,40.803,35.984,30.686,34.794,18.282,15.437,30.091,32.844,20.011,22.551,18.386,21.607,0.45816,0.38809,0.37571,0.41924,0.38226,0.36032,0.48869,0.46191,0.27891,0.28751,0.15026,1.3415,0.17411,0.42102,0.19392,2.2897,0.40923,0.73266,24.647,20.997,21.085,21.699,0.28815,0.27443,0.037231,0.011483,12.083,12.66,14.885,16.252,17.048,16.965,17.79,10.64,42.492,11.219,19.667,0.31245,0.2262,0.6881,1.0505,1.6545,1.2918,13.14,4.2468,1.0085,1.63,1.7845,0.96344,1.3064,1.2565,1.638,1.8286,1.6546,1.9714,12.59,12.52,14.485,13.679,13.749,0.36197,0.29332,0.85946,3.6435,1.7064,13.097,1.9852,1.9935,1.5102,1.8692,0.72609,2.2372,13.131,15.628
321.76,275.89,116.71,170.34,103.68,77.627,62.513,67.214,0,10.193,21.127,7.3961,23.235,6.3305,19.925,14.094,19.35,53.125,29.174,60.359,50.315,75.272,79.519,92.155,193.29,174.27,105.97,58.913,58.372,66.38,60.956,32.952,25.857,34.825,30.931,299.42,255.38,213.02,274,183.77,149.12,88.199,101.92,106.63,132.23,87.959,89.987,61.076,60.415,64.983,67.783,65.656,66.335,60.124,64.528,62.147,42.568,24.793,9.3236,24.866,7.406,6.493,13.935,6.8069,13.74,39.141,40.495,21.701,35.717,24.083,41.315,36.931,37.09,33.598,35.13,40.383,37.068,0.97707,0.66032,1.936,8.3673,18.438,11.474,8.3072,32.546,21.055,18.157,49.966,32.998,66.438,62.176,66.536,106.99,72.258,76.607,74.655,209.44,171.05,155.17,156.27,93.236,116.59,162.03,93.245,95.486,100.07,59.697,58.519,59.435,62.528,64.428,54.776,47.861,44.992,48.891,52.048,51.382,51.368,64.825,63.53,65.557,63.495,62.781,45.086,46.114,28.538,26.69,29.311,19.822,34.444,28.185,26.871,32.766,31.388,30.877,186.48,214.69,194.31,222.04,184.99,206.02,207.73,206.91,265.28,224.69,102.63,57.2,44.345,70.648,56.303,51.01,98.949,60.856,61.251,60.516,54.032,13.032,28.916,50.958,31.456,30.851,38.127,37.128,37.202,2.4284,0.42023,18.905,16.82,16.099,14.14,18.784,20.13,22.412,23.125,43.461,35.093,47.133,36.781,55.242,95.353,82.757,76.497,72.214,121.09,123.34,160.88,159.56,143.22,128.03,161.27,148.17,83.413,90.098,46.36,98.076,58.701,59.421,59.405,59.52,59.291,59.677,58.571,59.243,63.038,61.471,61.33,53.441,62.63,57.029,60.983,57.338,60.157,61.15,51.729,46.801,55.934,52.422,66.715,65.987,64.514,67.862,32.191,54.978,30.9,30.809,31.689,28.416,27.964,31.54,6.365,102.33,109.57,69.275,74.123,74.071,68.889,60.449,65.133,38.051,59.5,67.949,61.577,62.568,63.594,60.359,61.563,55.649,60.663,60.132,65.564,38.88,38.187,38.64,37.055,36.7,68.201,63.878,82.823,47.028,62.508,38.948,57.778,62.15,62.728,63.477,62.052,60.036,37.478,35.677
261.99,201.82,89.925,109.87,59.656,46.492,35.618,28.843,10.193,0,2.3935,6.6872,5.835,0.46618,3.6003,3.6661,6.5236,21.571,13.3,25.825,26.328,53.677,58.343,60.145,137.51,114.94,68.543,22.692,22.433,27.205,24.473,18.999,7.1856,18.742,11.565,222.73,198.12,148.24,216.25,128.52,102.95,54.619,65.091,63.228,77.581,51.004,54.811,29.732,27.905,31.242,33.521,33.114,30.407,27.886,30.56,28.799,11.106,3.8672,2.6829,3.9723,7.7741,0.75273,10.957,6.7438,4.7328,12.514,10.327,5.8012,8.5067,13.724,22.154,14.413,20.902,15.831,19.584,22.271,20.192,8.0349,10.676,6.3189,9.1751,1.4631,9.5537,6.0496,6.5504,6.098,4.0625,24.357,25.887,26.92,47.479,48.216,56.818,50.247,52.951,48.216,162.6,125.15,116.03,120.28,58.408,84.836,128.45,59.612,63.657,67.491,23.415,22.325,24.299,25.224,25.688,21.514,36.647,34.133,34.952,36.787,37.247,36.933,26.544,25.567,26.736,25.714,25.039,26.432,22.958,10.067,11.725,14.877,4.446,19.697,11.271,11.096,11.898,12.072,11.966,137.76,174.96,155.31,181.65,149.7,166.39,154.05,157.25,217.36,167.98,63.17,25.446,25.035,35.922,26.297,25.86,63.142,28.565,27.856,28.359,17.874,12.985,9.4937,20.2,18.481,19.32,22.017,20.582,20.487,4.5801,7.9737,1.4264,1.1102,2.0349,0.56706,4.5665,5.7481,7.6236,8.9081,23.678,19.301,30.813,20.256,21.67,62.839,47.542,52.667,51.815,93.103,91.688,109.27,111.7,89.779,79.912,108.99,104.15,57.068,62.927,30.646,67.36,22.62,23.116,23.143,23.084,23.075,23.305,22.491,22.859,25.196,24.348,24.849,18.858,25.263,22.368,24.454,20.218,23.412,23.449,38.153,32.504,39.138,36.989,27.353,26.928,27.362,29.023,15.502,33.271,16.427,17.27,18.513,15.729,15.885,13.79,9.2952,62.513,73.049,28.964,32.753,31.709,27.85,27.931,30.645,21.032,30.044,27.283,28.685,29.564,29.121,27.389,28.164,24.419,28.303,27.708,31.806,21.305,20.713,22.392,20.613,20.379,28.172,25.64,39.658,14.315,29.424,21.706,26.453,29.534,29.32,30.287,27.65,28.358,20.575,20.81
265.69,193.14,99.547,101.96,56.613,49.408,39.355,24.19,21.127,2.3935,0,16.346,8.5302,4.5469,5.9699,8.9381,11.733,20.025,18.814,23.246,30.179,62.343,67.707,64.225,135.27,108.35,70.559,18.014,17.903,21.453,20.117,26.533,9.6479,25.245,14.908,213.89,199.44,141.25,218.44,125.83,103.39,57.196,67.063,61.06,69.737,51.177,56.511,29.999,27.108,30.301,32.664,33.247,27.871,27.256,29.347,27.643,4.7496,3.3515,8.9602,3.5606,18.082,5.8143,21.212,16.578,10.994,11.796,5.4963,9.2815,5.6138,21.808,27.775,16.727,27.741,20.957,26.492,28.427,26.581,16.322,22.798,16.456,20.051,0.11532,19.777,15.068,3.3387,10.156,7.808,26.986,37.447,20.782,58.644,57.819,48.991,58.33,60.534,53.85,167.34,127.65,121.49,127.72,60.738,91.52,137.71,62.748,68.218,72.056,18.91,17.553,20.918,20.43,19.835,18.767,48.023,45.33,44.923,46.407,47.43,46.942,21.341,20.337,21.142,20.678,19.832,33.006,26.669,13.495,17.316,21.403,7.6943,26.994,15.807,16.15,14.511,15.568,15.649,139.66,184.25,163.7,191.01,159.59,175.19,154.37,160.07,224.95,167.56,63.4,24.633,31.065,35.19,26.738,29.006,65.471,28.034,26.481,27.873,11.187,24.657,12.252,18.853,26.359,27.979,29.084,27.196,27.005,10.718,17.025,1.3162,2.1301,4.8145,2.3774,8.4489,9.9722,12.237,14.152,29.251,26.043,39.141,26.823,18.74,66.944,48.274,60.132,60.847,102.41,99.034,107.06,111.94,84.358,76.807,106.33,105.94,63.764,69.829,39.229,72.898,18.036,18.502,18.571,18.353,18.52,18.694,17.866,18.1,19.955,19.442,20.599,14.247,20.43,18.822,20.056,13.757,18.528,17.756,48.698,41.987,48.36,46.558,21.487,21.191,23.263,24.053,21.089,39.361,23.243,24.672,26.307,23.215,23.669,18.49,20.688,62.453,76.051,22.77,26.728,24.537,20.625,27.134,29.113,27.501,31.484,20.211,27.799,28.775,27.297,26.195,26.848,23.726,27.679,26.927,30.959,27.554,26.907,29.457,27.282,27.065,21.982,20.201,33.843,9.4051,28.558,28.184,26.114,28.983,28.227,29.516,25.567,28.169,27.018,28.246
231.62,195.52,65.722,110.65,58.294,37.613,27.364,35.681,7.3961,6.6872,16.346,0,6.8332,5.4833,6.2112,2.3576,3.7643,24.556,7.6564,29.609,19.728,35.586,38.632,47.506,126.02,112.88,57.862,31.052,30.578,36.495,31.78,9.1508,7.9587,10.262,9.47,215.1,175.94,143.61,191.38,118.61,90.65,45.01,54.936,59.902,82.112,45.66,46.511,27.922,28.205,31.102,32.801,30.86,33.133,27.913,31.009,29.511,27.25,11.226,1.1951,11.07,0.044779,3.183,1.1152,0.013934,1.6914,16.572,23.192,5.6744,18.093,4.8048,13.994,12.994,11.435,9.9628,10.365,13.365,11.487,10.329,4.523,1.7684,0.19668,13.756,0.51123,0.058858,17.826,5.0353,4.4333,19.992,9.6966,37.028,27.242,29.784,64.332,33.463,36.415,35.108,138.13,107.43,94.819,95.8,48.625,65.277,100.61,48.447,49.828,53.142,31.263,30.961,29.862,33.166,35.548,26.618,18.189,16.399,18.476,20.375,20.062,20.019,34.943,34.254,35.836,33.997,33.812,16.025,17.301,8.3448,6.4845,7.4511,5.3053,9.9573,7.5877,6.7718,10.778,9.5947,9.253,119.75,142.92,126.22,148.95,119.01,135.77,137.04,136.11,184.41,150.92,55.98,26.298,15.661,34.548,24.916,20.396,52.705,28.29,29.132,28.053,31.744,1.2592,8.9538,23.183,8.3555,8.0417,11.982,11.485,11.54,9.4101,8.5187,10.009,7.8109,5.0561,6.5591,4.4814,4.6213,5.1628,5.1164,15.231,10.367,17.203,11.303,27.062,49.789,41.851,36.334,33.536,68.957,70.397,100.52,98.781,88.534,75.955,100.99,89.647,41.133,45.872,16.752,51.623,30.823,31.247,31.186,31.444,31.104,31.381,30.803,31.331,33.996,32.719,31.867,28.145,33.27,28.702,31.843,32.827,31.978,33.572,20.36,17.117,22.775,20.601,36.828,36.257,33.517,36.41,9.1082,22.118,8.1826,8.06,8.4797,6.8674,6.6223,9.091,0.34303,55.874,60.293,38.691,41.305,42.713,39.892,28.226,31.612,12.014,26.318,39.159,28.972,29.51,30.892,28.46,29.275,25.301,28.235,28.023,31.401,12.508,12.134,12.269,11.438,11.242,38.08,34.707,46.424,25.678,29.525,12.509,26.303,29.094,29.819,30.056,30.174,27.565,11.702,10.609
189.63,141.99,50.939,68.378,29.528,19.39,12.635,11.643,23.235,5.835,8.5302,6.8332,0,8.1784,0.27751,1.2413,0.66123,6.0933,2.0204,8.701,7.4069,25.131,28.507,28.53,87.495,71.518,34.442,8.7968,8.5523,11.818,9.2998,5.0578,0.076896,4.4279,0.99099,159.4,136.1,97.748,151.12,80.525,60.022,24.768,32.013,31.632,44.656,22.679,24.968,9.5895,8.9315,10.812,12.076,11.538,11.069,8.8601,10.537,9.5513,8.9802,1.548,3.1934,1.4161,7.7549,5.9571,6.0537,7.3781,1.7287,2.1731,5.9583,0.065347,3.264,3.677,5.6298,1.9274,5.5057,2.7664,4.9666,5.8575,4.9988,23.633,20.186,12.811,8.2575,7.3736,6.3269,5.6238,4.0111,0.19405,0.31411,6.3565,11.177,12.076,22.445,22.021,30.59,22.677,24.278,20.711,106.84,76.978,69.895,73.443,27.355,46.445,80.201,28.148,30.99,33.677,8.9533,8.731,8.474,10.016,11.233,6.7689,16.273,14.781,14.335,15.146,15.753,15.465,10.993,10.568,11.448,10.457,10.309,8.0581,5.6721,0.60596,1.5998,2.9843,0.13643,5.2114,1.1133,1.2283,1.072,1.1538,1.143,86.97,117.42,101.34,122.9,97.168,110.36,100.19,102.53,152.16,111.59,30.923,7.6516,7.1636,13.436,7.6887,7.1281,30.623,9.1914,9.1386,9.0649,9.5895,8.5918,0.44307,5.3749,5.0648,5.9284,6.1126,5.2644,5.1821,18.7,22.215,3.1787,2.419,0.98599,2.9195,0.25717,0.25235,0.44821,0.85939,6.3531,4.769,11.129,5.1007,6.9606,30.394,20.299,24.056,24.063,53.19,51.639,65.451,66.759,52.023,43.802,65.363,60.772,26.789,30.837,11.174,33.683,8.6819,8.9202,8.8936,9.0121,8.8494,8.9989,8.664,8.9422,10.411,9.7219,9.3857,7.2463,10.069,7.7124,9.3258,9.8692,9.2933,10.114,16.506,12.692,16.285,15.231,11.998,11.675,10.476,11.991,2.7944,11.633,3.6754,4.3132,5.0235,3.8247,4.076,1.9188,10.151,30.529,37.599,13.082,14.814,15.427,13.705,8.9455,10.716,5.4049,9.5219,13.277,9.3846,9.8268,10.017,8.8148,9.2766,7.0856,9.0824,8.8206,11.095,5.4432,5.1542,6.284,5.302,5.2063,12.705,10.798,18.44,6.3368,9.7784,5.7153,8.0008,9.7264,9.8083,10.218,9.3637,8.9675,5.19,5.7597
275.29,217.49,95.396,122.14,68.22,52.376,40.502,35.789,6.3305,0.46618,4.5469,5.4833,8.1784,0,5.6342,4.493,7.9583,27.096,15.547,32.006,30.479,57.718,62.35,66.375,149.17,127.05,75.946,29.086,28.769,34.242,30.967,20.965,9.8303,21.146,14.479,239.06,210.53,161.71,228.88,139.99,112.42,61.094,72.336,71.723,88.363,58.092,61.603,35.393,33.753,37.391,39.811,39.068,36.949,33.682,36.738,34.824,16.105,6.7781,2.645,6.8858,6.3623,0.35725,10.397,5.3929,5.2991,16.864,15.154,7.8424,12.779,14.827,25.254,18.028,23.368,18.523,21.893,25.158,22.787,4.6987,6.9827,3.861,7.71,3.2752,8.719,5.1755,10.478,7.958,5.6692,28.796,26.521,34.005,50.015,51.517,66.455,54.334,57.407,53.181,172.7,134.77,124.23,127.88,65.176,91.273,135.62,66.159,69.89,73.918,29.842,28.702,30.55,31.882,32.604,27.351,38.313,35.689,37.169,39.306,39.536,39.281,33.41,32.349,33.7,32.469,31.766,29.502,26.882,12.761,13.747,16.861,6.3288,21.841,13.682,13.27,15.121,14.989,14.799,148.04,183.71,163.78,190.57,157.37,175.07,165.44,167.87,228.03,180.07,70.904,31.099,28.216,42.345,31.633,30.235,70.161,34.385,33.871,34.15,24.041,11.822,12.362,25.542,20.232,20.783,24.486,23.116,23.054,2.2759,4.5905,3.4969,2.8458,3.5327,1.8379,6.2189,7.4783,9.4984,10.703,26.932,21.655,33.468,22.78,27.567,69.2,54.243,57.155,55.588,98.848,98.167,119.86,121.58,100.51,89.516,119.7,113.22,62.12,68.212,33.173,73.41,28.987,29.538,29.558,29.527,29.48,29.744,28.854,29.286,31.946,30.948,31.353,24.839,31.933,28.48,30.955,26.655,29.918,30.115,40.337,34.762,42.009,39.547,34.427,33.938,34.054,36.056,17.966,37.072,18.451,19.116,20.307,17.366,17.397,16.432,7.3405,70.309,80.323,36.246,40.324,39.414,35.211,33.781,36.923,23.672,35.344,34.564,34.622,35.54,35.365,33.313,34.186,29.951,34.131,33.536,37.969,24.064,23.441,24.897,23.126,22.863,35.383,32.47,47.711,19.786,35.412,24.404,32.045,35.435,35.367,36.312,33.849,34.057,23.182,23
204.19,153.19,58.684,75.703,34.688,24.228,16.637,13.95,19.925,3.6003,5.9699,6.2112,0.27751,5.6342,0,0.92999,1.0817,8.2018,3.616,11.105,10.546,30.591,34.281,34.396,96.952,79.328,40.727,10.396,10.156,13.677,11.19,7.3328,0.61411,6.7264,2.3173,171.34,148.31,107.05,164.05,89.524,68.109,30.175,38.077,37.154,50.152,27.629,30.326,12.794,11.828,14.012,15.498,15.042,13.949,11.777,13.636,12.487,7.9709,0.89851,2.3091,0.82298,7.2037,4.0027,6.5441,6.6613,1.5952,3.2282,5.5119,0.36445,3.1101,5.1492,8.3528,3.6065,8.054,4.7226,7.352,8.5861,7.4791,19.631,17.696,10.858,7.9294,4.9187,6.4571,5.0893,3.2618,0.56061,0.20264,9.2321,13.836,13.799,27.29,27.029,34.655,27.897,29.706,25.783,117.91,86.3,78.942,82.748,33.005,53.903,89.906,33.931,37.107,40.04,10.683,10.261,10.557,11.89,12.888,8.6553,20.133,18.413,18.17,19.182,19.788,19.485,12.918,12.373,13.295,12.328,12.058,11.229,8.454,1.6988,2.9527,4.7662,0.11787,7.5898,2.4157,2.4969,2.4125,2.562,2.541,96.818,129.12,112.22,134.86,107.82,121.71,110.61,113.27,165.4,122.51,36.715,10.295,10.197,17.088,10.575,10.188,36.587,12.188,11.949,12.047,9.8793,9.0503,1.4117,7.3547,7.2462,8.1471,8.7819,7.7834,7.6934,14.897,18.546,1.6806,1.0774,0.24453,1.3977,0.27312,0.54066,1.117,1.7493,9.2448,7.1271,14.675,7.5825,8.8293,36.439,25.047,29.464,29.373,61.116,59.487,73.585,75.265,58.685,50.238,73.43,69.03,32.512,36.959,14.689,40.07,10.296,10.587,10.574,10.646,10.526,10.69,10.252,10.542,12.17,11.465,11.344,8.3609,11.937,9.536,11.204,10.613,10.929,11.538,20.593,16.329,20.558,19.289,13.845,13.507,12.746,14.245,4.6995,15.475,5.6569,6.3704,7.2159,5.6615,5.9085,3.5965,9.4714,36.249,44.227,15.024,17.205,17.401,15.219,11.845,13.777,7.9824,12.872,14.769,12.347,12.888,12.886,11.605,12.127,9.6375,12.042,11.7,14.361,8.0588,7.7019,8.9967,7.8227,7.6984,14.558,12.558,21.543,6.6581,12.815,8.3709,10.811,12.815,12.804,13.351,12.044,11.987,7.7142,8.2665
210.71,166.13,58.483,86.466,41.418,27.03,18.553,20.466,14.094,3.6661,8.9381,2.3576,1.2413,4.493,0.92999,0,0.50869,12.656,3.3597,16.345,12.016,30.007,33.389,36.904,105.03,89.46,44.729,16.621,16.289,20.698,17.336,6.0864,1.8386,6.1457,3.3239,184.71,155.33,118.08,170.82,97.695,73.894,33.439,42.012,43.484,60.081,32.222,34.126,16.572,16.149,18.556,20.085,19.035,19.368,16,18.308,17.053,14.131,3.5016,0.49143,3.3844,2.9675,2.4938,2.7941,2.6547,0.1136,6.6992,10.947,0.83838,7.4396,3.2048,8.5167,5.4209,7.3678,4.869,6.5519,8.4125,7.0499,15.184,11.465,6.1225,3.429,7.2678,2.5707,1.6804,7.5357,0.69646,0.32991,11.365,10.196,21.005,24.85,25.653,43.952,27.579,29.797,26.959,122.25,91.311,81.953,84.61,36.532,55.445,90.781,37.002,39.418,42.455,16.855,16.516,16.167,18.307,19.884,13.777,17.132,15.426,16.051,17.373,17.621,17.421,19.618,19.039,20.21,18.899,18.684,10.982,9.8579,2.5501,2.542,3.9474,0.60155,6.5391,2.654,2.3914,3.8896,3.507,3.3627,102.43,130.84,114.17,136.64,108.71,123.59,117.49,118.69,168.88,130.07,41.638,14.516,10.236,21.694,14.103,12.073,40.251,16.383,16.6,16.207,16.813,4.3846,2.6351,11.627,5.7404,6.1607,8.0035,7.2278,7.1955,11.902,13.756,3.6578,2.4039,0.71258,2.1436,0.36857,0.53697,1.0308,1.3582,9.5128,6.4206,13.476,7.0409,14.06,39.008,29.199,29.621,28.492,61.195,60.778,81.076,81.354,67.579,57.561,81.175,74.033,33.295,37.783,13.314,41.876,16.467,16.801,16.767,16.92,16.706,16.912,16.438,16.818,18.822,17.897,17.452,14.334,18.377,15.139,17.372,17.6,17.301,18.332,18.218,14.434,19.105,17.522,20.933,20.507,18.894,20.94,4.5308,15.827,4.7398,5.1134,5.7683,4.2558,4.3116,3.8926,4.4901,41.325,47.75,22.362,24.63,25.374,23.026,16.166,18.637,7.5447,15.967,22.47,16.752,17.274,17.847,16.131,16.757,13.742,16.279,16.003,18.873,7.777,7.4259,8.2384,7.2329,7.0858,21.855,19.336,29.144,12.476,17.24,7.9609,14.802,17.062,17.356,17.757,17.088,15.974,7.2693,7.1826
190.51,149.24,48.33,75.018,33.481,20.175,12.941,16.297,19.35,6.5236,11.733,3.7643,0.66123,7.9583,1.0817,0.50869,0,9.0941,1.2604,12.263,7.6071,22.907,25.931,28.753,91.248,77.485,35.778,13.427,13.104,17.03,13.775,3.2648,0.87493,3.1814,1.3646,166.78,138.11,104.01,152.71,84.493,62.287,25.762,33.361,35.141,51.166,24.919,26.423,11.689,11.577,13.55,14.782,13.724,14.634,11.418,13.413,12.389,14.361,3.8586,1.8989,3.6747,4.346,5.2493,2.728,4.2112,0.48244,4.6803,10.562,0.31243,6.8579,1.5509,4.8718,2.8641,4.0945,2.2302,3.5108,4.8171,3.8223,21.112,15.715,9.4187,4.56,10.029,2.999,2.898,7.7424,0.1391,0.39939,7.1896,7.2745,17.485,18.867,19.278,37.016,20.749,22.625,20.07,106.99,78.218,69.556,72.07,28.491,45.375,77.881,28.866,30.971,33.669,13.499,13.408,12.444,14.722,16.488,10.393,12.532,11.122,11.335,12.343,12.652,12.455,15.918,15.501,16.576,15.291,15.227,6.8204,5.9276,0.92229,0.78622,1.6989,0.48954,3.5493,0.85514,0.69455,1.8327,1.4509,1.3407,88.551,115.2,99.55,120.65,94.567,108.38,102.65,103.67,150.92,114.46,33.178,10.292,6.2058,16.087,9.679,7.6973,31.777,11.702,12.086,11.551,15.213,4.5143,1.1072,8.2638,3.0848,3.5372,4.5873,3.9708,3.9389,17.325,19.307,5.2303,3.8811,1.5489,3.954,0.2767,0.10545,0.11542,0.20484,5.6298,3.3994,8.9827,3.8302,10.681,30.612,22.233,22.464,21.638,50.758,50.238,69.12,69.147,57.313,47.855,69.264,62.333,25.621,29.581,8.8913,33.162,13.264,13.521,13.472,13.672,13.419,13.599,13.266,13.615,15.348,14.48,13.809,11.816,14.795,11.756,13.823,15.398,14.034,15.272,13.215,9.9396,13.705,12.456,17.27,16.878,14.835,16.81,2.012,10.686,2.2469,2.5785,3.0885,2.0343,2.1278,1.593,6.1612,32.934,38.432,18.533,20.199,21.397,19.678,11.592,13.76,4.1914,11.009,19.168,12.081,12.477,13.205,11.665,12.194,9.6584,11.64,11.457,13.787,4.3476,4.0843,4.762,3.9794,3.8736,18.149,15.839,23.751,11.023,12.468,4.5007,10.4,12.252,12.616,12.863,12.679,11.298,3.9869,4.0305
140.1,91.464,35.345,34.178,9.5654,7.6014,5.1232,1.1657,53.125,21.571,20.025,24.556,6.0933,27.096,8.2018,12.656,9.0941,0,6.1304,0.23707,3.4564,17.517,20.454,13.997,51.374,36.923,15.854,1.1067,1.0147,1.8491,0.82535,8.8028,4.8681,6.8873,3.6627,105.75,93.107,56.755,106.29,45.703,32.45,10.324,14.254,11.244,17.806,7.2733,9.7064,1.2322,0.56899,1.0748,1.5553,1.8357,0.76261,0.61054,0.89011,0.61787,9.7239,7.6148,18.05,7.3791,25.948,23.664,20.042,25.682,13.58,1.2271,6.2273,6.9808,4.6106,11.251,5.3818,2.0051,7.3608,4.9944,7.5478,6.2053,6.6032,53.21,48.189,36.381,26.22,19.658,21.712,22.259,7.3576,7.5094,9.1691,2.0396,18.051,2.2072,20.167,17.288,9.452,15.346,15.54,11.134,72.397,46.877,44.307,49.123,11.657,28.596,56.398,12.856,16.014,17.73,0.94386,1.2083,0.36095,1.1015,1.9619,0.16927,18.156,17.367,14.692,14.303,15.564,15.135,1.4008,1.4201,1.7119,1.2722,1.4113,7.1299,2.9809,4.3045,6.7648,7.5236,8.0469,8.271,5.2587,6.1069,2.8428,3.6765,3.9224,54.089,85.734,71.842,90.255,70.311,79.493,63.201,67.161,112.36,71.743,12.236,0.27741,6.1533,2.1464,0.80031,2.6751,13.676,0.73776,0.45049,0.72087,4.785,24.347,3.8608,0.023091,9.5801,11.199,7.7496,6.975,6.8126,45,51.357,13.09,13.015,11.23,15.145,8.7638,8.071,7.204,7.4647,5.3778,7.2672,10.735,6.9048,0.21997,15.178,6.3389,15.258,17.469,36.508,33.002,34.625,37.295,23.339,18.696,34.29,34.075,15.849,18.551,11.2,18.767,1.0424,1.0341,1.0024,1.1218,0.99397,1.0223,1.0811,1.1574,1.4352,1.1963,0.76459,1.5604,1.1283,0.4387,0.85057,3.5199,1.22,1.9476,16.526,13.274,14.035,14.24,1.9502,1.8348,0.78626,1.3588,5.7588,7.4745,7.7575,8.7719,9.3977,9.2568,9.8694,4.7625,30.107,11.792,18.792,2.2778,2.4188,3.3639,3.4093,0.57251,0.84995,6.7148,1.9433,3.2433,0.6591,0.82125,0.57798,0.41852,0.50014,0.21541,0.6715,0.546,1.2068,6.348,6.2648,7.7459,7.0697,7.1066,2.2564,1.5888,3.4532,3.461,0.7787,6.7259,0.51285,0.88486,0.70986,0.94827,0.37687,0.8211,6.6831,8.4705
161.01,125.97,34.091,60.217,23.78,11.672,6.3193,12.641,29.174,13.3,18.814,7.6564,2.0204,15.547,3.616,3.3597,1.2604,6.1304,0,8.5722,2.8632,13.539,15.941,18.119,72.304,61.747,24.063,11.304,10.983,14.252,11.049,0.70207,1.6518,0.4813,0.50587,141.89,113.48,85.003,126.61,66.503,46.537,15.997,22.122,24.73,40.334,15.944,16.692,6.5016,6.9683,8.2705,9.0296,7.8772,9.9154,6.7795,8.3323,7.6654,17.749,6.9567,6.0756,6.6594,8.1393,11.643,4.2599,8.3236,3.0312,4.0685,12.858,1.6906,8.6828,0.77383,1.1781,1.1545,0.88152,0.15614,0.65622,1.1562,0.7188,32.21,23.862,16.235,7.9176,16.969,5.309,6.5471,10.831,1.4196,2.6894,2.9139,4.218,14.972,11.04,10.966,29.286,11.853,13.235,11.288,85.143,59.966,52.147,54.269,18.178,31.513,59.364,18.335,19.834,22,11.107,11.427,9.3822,11.994,14.145,7.8101,6.8566,5.9275,5.5954,6.1411,6.4996,6.3205,13.045,12.885,13.839,12.549,12.735,2.2367,1.9461,0.5764,0.058344,0.11988,2.5365,0.74276,0.14817,0.10421,0.88192,0.42744,0.35496,69.109,92.374,78.41,97.259,74.045,86.272,81.835,82.375,124.6,92.493,22.384,6.2304,1.8738,9.8481,5.1967,3.0651,20.785,6.8986,7.6151,6.7826,15.759,6.2343,0.97415,5.5956,0.75367,1.191,1.1313,0.80214,0.77904,27.813,29.751,10.201,8.6077,5.1228,9.1371,2.3021,1.5695,0.7878,0.45101,1.5665,0.59012,3.7319,0.73837,8.1203,19.593,13.74,13.106,12.625,36.101,35.585,53.046,52.472,44.159,35.385,53.297,46.326,15.516,18.63,3.73,21.523,11.117,11.256,11.181,11.469,11.138,11.283,11.172,11.485,12.832,12.026,10.944,10.749,12.075,9.2417,11.119,14.979,11.815,13.443,6.9792,4.5898,6.9547,6.2021,14.511,14.162,11.306,13.244,0.087494,4.6068,0.26005,0.4767,0.72647,0.41704,0.5447,0.086712,10.323,22.27,26.058,15.541,16.248,18.253,17.526,6.9771,8.7333,0.88401,5.6055,17.075,7.3238,7.5139,8.57,7.2549,7.6431,5.8057,6.9108,6.8877,8.3744,0.9392,0.81824,1.2116,0.8118,0.76935,15.349,13.303,18.274,11.649,7.5499,1.0249,6.0164,7.2485,7.7678,7.745,8.4319,6.4751,0.79286,0.95759
133.16,83.58,34.641,29.162,7.3133,7.1346,5.4464,0.45094,60.359,25.825,23.246,29.609,8.701,32.006,11.105,16.345,12.263,0.23707,8.5722,0,4.4019,18.132,21.036,13.129,46.382,31.922,14.157,0.87167,0.81534,1.1532,0.47506,11.308,7.2363,9.1061,5.7201,97.311,87.151,50.623,100.07,40.907,29.102,9.3771,12.697,8.9739,14.064,6.0099,8.5636,1.1919,0.46115,0.72056,1.0709,1.5548,0.21,0.53269,0.53436,0.3889,10.84,10.017,22.395,9.7695,31.123,28.425,24.487,30.846,17.406,2.4051,7.3572,9.7797,6.0482,14.453,7.0777,3.5499,9.4963,7.0869,9.813,8.0376,8.6671,60.224,55.172,42.473,31.391,23.082,26.396,27.084,9.1206,10.414,12.32,2.8452,21.35,1.5044,21.859,18.459,6.6969,15.972,15.892,11.22,68.132,43.221,41.616,46.775,10.478,27.319,54.254,11.798,15.1,16.648,0.66455,0.99624,0.13416,0.64775,1.3802,0.24358,20.581,19.902,16.765,16.147,17.556,17.092,0.80434,0.89873,1.066,0.75658,0.93463,8.768,4.1351,6.5445,9.3936,10.103,11.003,10.643,7.6454,8.6526,4.6988,5.7177,6.0197,49.916,82.23,68.659,86.591,67.68,76.099,58.218,62.616,107.35,66.222,10.41,0.33926,7.7432,1.5371,1.0247,3.4896,12.282,0.6308,0.25015,0.63566,4.9224,29.187,6.0103,0.40068,12.24,14.039,9.8617,9.0714,8.8891,51.314,58.344,16.181,16.295,14.559,18.757,11.863,11.072,10.046,10.321,6.945,9.5076,12.576,9.0144,0.25849,14.194,5.3602,15.593,18.282,35.596,31.63,30.549,33.608,19.431,15.551,30.144,30.963,15.766,18.248,13.129,17.925,0.82192,0.76926,0.7393,0.84884,0.73811,0.74204,0.86795,0.90098,0.94276,0.80274,0.3956,1.6757,0.66773,0.34654,0.49752,3.4047,0.90592,1.5667,18.577,15.356,15.611,16.055,1.2335,1.162,0.24221,0.59738,8.0073,8.5244,10.276,11.392,12.028,12.051,12.744,6.9346,35.654,9.9384,17.118,1.4098,1.2867,2.2172,2.5645,0.46282,0.43626,8.7329,2.111,2.4535,0.48291,0.60281,0.21982,0.27991,0.28826,0.37179,0.5661,0.4543,0.83224,8.2823,8.2312,9.8277,9.1794,9.2402,1.4502,1.0437,1.8867,4.0428,0.55646,8.6929,0.58479,0.70967,0.45634,0.68534,0.08055,0.78868,8.7312,10.791
122.57,91.031,20.134,37.772,10.783,3.0055,0.71171,7.6135,50.315,26.328,30.179,19.728,7.4069,30.479,10.546,12.016,7.6071,3.4564,2.8632,4.4019,0,6.1498,7.9664,6.9054,46.399,38.537,10.393,8.4631,8.21,10.001,7.484,2.5821,6.1011,1.7125,2.9943,104.56,80.983,56.931,92.372,41.77,26.388,5.3718,9.1153,11.098,23.61,5.3978,5.7304,1.4318,2.2618,2.5394,2.6569,1.8023,4.29,2.1035,2.7659,2.6369,22.08,13.431,17.074,13.017,20.354,25.289,13.207,20.789,11.687,5.1316,16.291,7.4487,12.289,5.457,0.59749,1.9709,1.5242,1.6821,1.843,0.85682,1.3212,54.021,43.118,32.712,19.756,28.591,15.358,17.99,16.11,7.2907,9.8718,0.18672,7.1539,10.933,6.958,5.5053,17.022,4.8855,5.3409,3.4117,58.138,37.129,31.817,34.245,6.6579,16.808,39.114,6.854,8.1085,9.5139,7.9572,8.7499,5.7632,8.2366,10.475,5.1552,5.9548,5.6364,3.986,3.7143,4.3898,4.1604,8.8995,9.0959,9.7152,8.664,9.1332,0.79589,0.11557,3.838,3.7194,2.9692,9.1525,2.169,3.3768,3.727,2.9183,2.7466,2.8102,44.305,65.953,54.011,70.064,51.191,60.662,54.367,55.311,92.428,63.052,9.253,2.3018,0.55635,2.8316,1.2149,0.052908,8.2894,2.0292,2.8538,1.9833,15.867,16.073,4.2476,3.4325,3.1169,3.8749,1.5249,1.4098,1.3572,47.805,50.958,19.54,18.092,13.724,19.622,9.165,7.7765,6.0297,5.3576,0.43427,1.7693,2.1031,1.4354,5.4182,7.8376,4.1304,5.2067,5.9065,21.403,20.035,31.27,30.911,25.166,18.388,31.481,26.397,6.2083,8.1988,2.3413,9.5068,8.2839,8.2401,8.1468,8.4902,8.1258,8.1954,8.397,8.5984,9.1805,8.611,7.2282,9.4516,8.3106,6.3359,7.5675,13.802,8.7454,10.58,4.9081,3.325,3.5666,3.6774,10.238,10.006,6.7029,8.2043,2.0299,0.8081,2.6516,2.9602,3.0085,3.6325,3.9396,2.2408,23.541,9.2007,11.876,10.79,10.195,12.856,13.529,2.2626,3.1054,1.2287,0.73948,13.229,2.3647,2.3023,3.3768,2.6592,2.7923,2.2297,2.107,2.2445,2.4929,1.043,1.102,1.4691,1.445,1.5006,10.874,9.5377,10.122,12.652,2.3694,1.1322,1.8352,2.0828,2.5884,2.3204,3.6816,1.7277,1.2893,2.0629
