0,1.1843,25.015,7.7995,17.668,34.56,61.68,104.29,102.81,2.186,5.183,1.3812,27.067,45.845,58.271,33.264,32.856,28.097,11.485,11.788,20.352,18.149,18.212,16.944,14.709,186.57,213.73,128.25,116.72,83.392,65.049,59.446,5.8014,4.4329,0.22159,5.9682,5.3872,13.596,3.8879,13.873,14.962,15.379,19.232,61.995,135.57,92.368,85.219,73.698,64.535,102.88,71.379,127.5,101.91,100.53,89.173,14.759,9.7922,10.337,6.1328,9.1508,0.33811,22.275,8.6469,15.672,10.291,0.21102,12.985,11.396,3.7842,4.4276,3.3055,3.0418,1.2311,5.2631,5.6488,4.5183,4.3084,8.3562,9.3971,5.1725,26.928,34.151,29.961,55.731,47.615,34.395,33.079,20.614,45.145,28.548,29.393,22.331,22.739,19.52,19.3,15.511,39.569,32.113,27.703,49.495,44.744,40.142,33.831,34.547,31.411,35.139,33.716,10.341,19.207,18.024,20.122,20.149,19.004,12.168,12.656,14.379,14.506,14.604,179.24,185.28,137.56,126.81,90.503,86.934,86.562,87.759,53.084,6.0476,8.7414,16.119,14.603,32.043,27.915,25.767,24.042,29.972,34.917,29.695,30.746,45.722,60.356,64.649,50.58,64.633,92.262,76.888,83.263,3.959,7.7619,19.358,1.0195,13.478,7.8809,4.2562,1.058,3.4833,5.1596,0.61706,0.30402,12.454,19.382,0.80721,1.6208,4.1208,16.186,5.9442,8.0157,9.1086,18.044,29.172,29.966,32.569,47.639,27.829,9.625,15.892,17.138,21.742,16.159,21.134,19.085,19.346,52.636,29.216,23.024,29.379,27.695,19.563,19.51,20.777,19.699,20.409,18.95,27.695,15.698,15.475,14.268,14.248,14.394,15.111,14.735,14.201,108.02,80.279,87.382,81.053,48.499,65.763,63.597,70.046,16.864,11.036,11.606,3.5953,6.6701,2.3575,29.675,53.254,45.593,47.729,50.828,52.311,47.438,15.606,13.225,29.607,47.788,50.106,51.671,29.054,29.403,28.937,30.186
1.1843,0,36.368,9.7819,20.348,36.21,69.61,117.11,113.38,5.2795,3.2182,3.3671,38.701,55.229,64.019,43.93,43.551,37.832,18.926,18.973,23.725,22.089,22.944,21.825,19.492,195.18,224.66,133.6,127.51,89.232,67.317,63.442,11.953,4.459,2.1264,12.057,11.593,19.634,9.2661,20.467,18.157,19.066,25.112,74.331,140.64,103.35,94.063,80.372,71.041,114.9,81.529,143.45,115.25,112.47,98.897,10.476,13.161,6.1783,4.1318,14.116,1.5208,30.417,6.2516,24.61,14.203,2.2505,19.375,19.386,9.2024,9.6249,1.1719,7.8933,4.7916,10.848,8.9214,3.2033,4.2747,11.591,12.908,9.1165,37.992,46.557,41.823,69.645,60.758,44.819,43.765,29.1,56.155,38.691,40.116,31.502,32.519,28.051,28.097,16.514,52.32,34.615,30.489,54.424,48.19,46.937,45.119,45.493,41.964,45.734,44.742,14.885,27.952,25.901,23.72,23.56,23.913,16.508,17.302,19.536,19.514,19.624,187.16,192.4,153.21,143.41,96.713,93.499,92.518,97.722,57.983,12.538,16.017,25.508,22.456,43.12,37.094,35.748,31.667,35.443,43.589,33.888,38.019,49.256,71.924,72.415,56.205,76.061,105.99,84.907,92.127,2.2908,4.2194,27.41,0.08746,16.618,5.8173,6.3781,0.059994,0.65608,11.007,1.3591,2.635,21.281,29.631,1.2301,0.97089,4.2741,25.353,10.682,13.585,12.914,20.235,40.802,41.87,42.862,58.714,36.801,12.936,25.577,26.684,30.901,23.244,30.736,27.623,27.483,56.177,39.379,31.571,39.901,38.21,27.883,22.882,24.419,22.981,23.793,22.214,30.413,20.758,20.701,19.319,19.122,19.378,20.266,19.12,19.2,116.1,86.857,92.893,86.826,57.301,75.332,75.421,83,26.964,15.759,10.421,3.106,9.9393,6.6082,41.381,59.82,50.781,52.218,52.894,58.057,53.15,20.112,20.117,41.411,53.724,55.965,57.492,40.715,41.095,40.459,42.01
25.015,36.368,0,19.505,21.459,36.6,31.978,48.273,54.783,23.253,49.992,18.971,0.064544,15.571,37.492,4.0789,3.7971,3.7002,3.2309,3.735,20.27,16.813,13.917,12.701,11.92,132.47,147.19,95.562,65.263,56.727,56.674,45.259,12.237,27.148,20.948,6.5582,7.9395,7.2911,9.4036,5.7608,17.937,16.266,10.456,17.791,102.81,45.015,46.886,45.853,39.386,49.853,31.572,56.901,44.717,48.212,46.862,73.623,36.008,65.703,51.954,26.777,27.435,29.814,57.731,13.562,34.136,22.404,25.275,11.729,10.673,15.833,39.027,10.704,15.338,7.5157,13.936,33.878,27.417,14.812,14.167,11.599,0.55081,1.167,0.46849,9.5325,6.3857,5.299,3.9353,3.3602,10.21,2.9398,2.0619,2.4274,1.3108,2.8155,2.1434,27.249,2.9108,31.354,27.235,34.082,36.458,20.41,2.9567,4.0916,3.3914,5.2744,3.4738,10.859,2.2224,3.8584,19.258,20.003,13.715,12.311,11.449,10.474,11.041,11.046,128.86,137.21,65.984,54.387,60.998,56.758,58.812,44.901,36.865,9.4376,11.009,0.97701,2.8343,2.5422,5.0498,2.0518,7.4512,18.349,10.637,22.976,12.532,36.821,18.904,34.813,32.212,22.402,35.991,43.334,45.267,46.564,59.299,25.835,36.091,42.805,55.328,32.448,36.261,44.672,12.85,30.239,20.977,3.395,0.38569,26.137,31.104,26.516,1.0263,9.2392,7.1036,12.993,23.664,0.49534,0.42923,4.6301,11.646,5.5739,14.997,1.5606,0.74832,2.2234,5.2453,1.1378,2.642,3.7195,41.926,3.2133,4.2828,2.4794,1.7548,3.3456,19.779,19.474,20.24,20.261,19.877,27.509,11.438,10.76,10.785,11.382,11.07,10.827,13.353,10.929,68.094,51.401,61.216,55.124,19.316,29.306,20.442,21.73,4.6378,10.517,35.269,29.608,14.172,12.028,0.55364,30.656,30.228,34.5,46.648,33.029,29.575,13.352,4.7426,0.43256,28.985,30.977,32.273,0.43118,0.49168,0.55431,0.56877
7.7995,9.7819,19.505,0,2.002,9.672,27.249,59.994,56.632,15.933,23.776,2.7309,20.251,19.73,23.891,16.94,16.909,13.31,7.2387,6.2372,3.0626,2.4965,2.9775,2.7364,2.1348,118.63,141.19,72.843,66.684,40.464,27.91,24.209,16.189,1.343,5.9252,6.8865,10.094,3.4999,7.9575,4.4888,1.2856,1.575,4.3088,32.933,78.348,49.845,43.182,34.21,28.169,58.092,35.313,80.342,59.047,56.401,46.534,40.496,33.268,31.433,26.067,29.391,11.358,46.957,31.15,30.419,33.523,9.0405,33.957,23.943,10.236,16.489,6.7365,7.1108,7.1339,5.5755,0.70436,3.2553,1.4505,0.33244,0.50419,1.5875,17.473,22.938,20.718,33.553,28.271,16.674,16.942,9.0129,22.079,14.465,16.308,10.953,12.844,9.0615,9.8138,1.5689,24.836,8.2696,6.1049,18.26,15.192,14.004,18.823,18.022,16.179,17.315,18.03,1.3887,9.6645,7.358,3.0408,2.9974,3.3476,1.3363,1.669,2.4352,2.3054,2.3353,112.65,117.24,86.973,80.936,45.508,43.141,42.687,45.783,20.411,13.851,19.769,13.503,7.5117,17.826,11.992,13.597,8.0222,8.0426,13.59,7.2939,9.9843,15.769,30.705,28.978,19.158,32.891,53.287,37.052,41.879,21.009,26.817,41.822,11.039,40.33,29.941,22.912,10.863,11.008,15.568,12.767,8.6187,15.719,16.229,4.2811,4.7544,1.3377,12.139,2.5203,3.3237,0.70132,2.1233,19.736,20.924,15.813,23.34,11.539,0.4038,16.407,13.578,10.887,5.5362,12.337,9.0727,8.0599,19.919,14.653,9.4982,15.69,15.449,8.5176,2.7564,3.2957,2.8022,3.0865,2.5324,6.1002,2.5936,2.7096,2.3063,2.1301,2.2622,2.5652,1.8223,2.2429,58.687,38.584,43.147,38.842,20.394,31.224,32.922,38.508,23.267,1.6019,2.329,2.3617,0.48651,5.7441,20.025,21.223,16.069,17.096,18.917,20.243,17.356,2.1103,5.1492,20.489,17.668,18.983,19.894,19.89,19.993,19.27,20.517
17.668,20.348,21.459,2.002,0,3.2099,15.24,42.455,38.441,28.519,39.417,9.2867,21.519,11.677,12.184,13.598,13.751,10.851,10.317,8.6991,0.16449,0.34136,0.9299,1.1811,1.4048,89.859,109.83,50.719,46.546,24.491,15.27,12.299,26.716,5.9373,14.659,12.707,17.786,3.8444,15.437,5.1175,0.20851,0.37195,2.2706,23.038,55.358,33.422,27.271,19.844,15.378,40.408,22.209,60.982,42.157,39.057,30.212,59.986,50.662,48.598,42.38,44.972,22.829,64.346,48.791,42.763,50.727,19.313,49.722,35.311,18.896,27.97,14.851,14.657,15.757,11.159,3.964,8.929,6.168,2.064,1.7681,5.4387,17.5,21.919,20.748,26.884,23.112,12.667,13.691,8.2981,15.338,12.305,14.57,10.262,12.814,8.9097,10.112,0.63752,22.021,2.2196,1.1364,8.2231,6.181,6.2669,16.057,14.545,13.395,13.235,14.959,2.4922,9.9416,7.1857,0.21783,0.1629,1.0678,1.53,1.7465,1.9719,1.7331,1.7275,84.628,88.598,65.943,62.135,28.458,26.645,26.228,29.761,9.6622,23.048,30.472,17.147,9.122,15.481,9.0379,12.41,5.2168,2.5686,8.0105,1.7474,4.8632,6.5465,20.615,16.373,8.9398,21.777,38.282,22.341,26.291,35.844,42.888,58.119,22.28,59.433,47.32,38.065,22.007,21.247,26.144,24.857,18.598,22.36,19.495,12.093,12.532,6.0687,15.098,6.351,6.4178,2.1697,0.056247,19.7,21.05,12.302,15.976,8.4282,1.5296,21.571,16.731,10.458,5.486,12.876,9.1421,7.546,9.3198,12.252,7.8175,13.679,14.157,8.1004,0.12495,0.26806,0.11113,0.17044,0.082005,1.142,1.5649,1.8286,1.8472,1.6158,1.7271,1.8023,0.97449,1.7926,39.24,23.131,26.565,23.234,11.424,18.954,22.29,27.303,31.31,2.4428,3.9972,7.9454,3.1298,13.027,19.873,10.581,6.8511,7.4144,8.9069,9.6882,7.793,0.95711,6.3912,20.589,8.0578,8.8834,9.4733,19.986,19.963,19.133,20.341
34.56,36.21,36.6,9.672,3.2099,0,10.121,34.336,27.69,50.354,61.016,22.67,36.026,12.688,5.69,21.547,21.953,19.158,23.725,21.128,2.8081,4.3719,5.7318,6.7208,7.9004,64.269,82.862,30.839,33.539,12.723,4.8114,4.1406,48.427,15.286,30.707,28.466,35.985,12.696,32.705,14.772,4.992,5.3929,8.0077,24.112,34.176,25.22,17.994,10.76,8.135,31.456,17.502,53.092,35.265,30.475,21.128,84.549,78.747,70.344,64.793,72.066,41.73,96.262,72.553,68.991,79.01,37.399,78.192,59.555,37.677,50.11,26.877,31.585,32.997,26.215,14.248,18.553,15.623,10.402,9.7413,17.004,29.992,34.18,33.887,33.273,30.773,19.587,21.768,17.789,19.3,21.315,24.577,20.334,24.203,19.143,21.123,3.842,32.307,0.21105,0.71209,3.1651,1.218,5.593,25.228,22.548,21.952,20.201,23.538,11.095,20.884,16.866,3.1362,2.9164,5.7209,8.8271,9.1444,9.1019,8.6071,8.5667,59.424,61.977,55.715,55.467,15.637,14.802,13.943,21.244,3.6875,43.364,53.306,32.828,21.02,25.009,16.278,22.51,11.393,3.668,11.55,1.729,7.8532,1.389,20.826,10.375,4.2134,20.592,34.066,13.907,17.436,56.671,63.758,88.593,39.193,89.478,71.019,62.337,38.744,35.381,47.671,44.179,36.551,41.349,35.396,25.794,25.33,15.69,29.742,18.529,18.34,10.636,2.7915,32.57,34.342,19.739,19.21,15.305,9.1692,39.397,31.924,20.849,14.684,24.836,19.658,17.008,2.4413,20.976,16.145,23.179,24.553,17.83,3.1019,2.9655,2.9414,2.8002,3.1988,0.67546,7.9083,8.4901,8.8972,8.4549,8.6287,8.5548,7.0018,8.8122,24.917,12.608,13.768,11.868,10.817,14.826,22.027,27.23,53.079,10.86,8.7028,18.12,12.638,29.142,32.658,6.0814,3.028,2.4477,1.5814,4.6377,3.9595,6.6992,17.054,33.768,4.3456,4.4942,4.6516,33.044,32.888,31.789,33.19
61.68,69.61,31.978,27.249,15.24,10.121,0,7.2593,5.3149,75.608,101.2,44.671,30.072,2.9775,1.0196,13.393,13.911,14.066,29.446,26.852,12.326,13.274,12.867,13.981,16.196,36.208,46.789,16.981,8.7223,3.6813,7.4587,3.4145,64.446,40.01,55.02,40.055,49.117,19.072,47.587,20.11,16.705,15.82,12.436,5.632,20.112,3.5913,1.9134,1.3118,0.61742,6.1546,1.0665,16.855,7.6026,5.6715,2.5652,133.96,108.03,117.2,105.72,95.813,70.416,114.26,115.7,80.193,106.82,62.892,98.749,72.047,53.614,69.315,60.133,47.777,53.288,38.763,29.999,47.499,40.608,24.754,22.986,31.744,24.178,24.175,26.191,14.203,14.994,11.36,13.657,17.347,7.023,15.549,17.85,18.295,21.369,19.141,20.933,20.879,19.739,8.7189,9.6021,2.0558,4.612,2.313,16.164,13.601,14.609,11.496,14.797,21.74,20.794,18.394,12.196,12.408,12.211,19.071,18.551,16.775,16.525,16.421,33.752,37.587,18.568,18.237,4.6737,3.5391,4.1534,2.4079,1.9556,57.289,66.841,34.494,24.336,16.855,12.017,18.074,10.953,5.7205,5.9333,6.731,5.99,4.3707,3.9718,0.06026,1.2839,3.0724,7.3189,0.94364,1.621,95.37,108.09,105.74,72.653,120.97,113.13,92.387,72.265,72.347,64.458,74.509,61.069,47.264,34.661,52.712,54.752,40.248,31.266,31.372,28.501,23.384,15.914,25.355,26.638,12.306,6.1749,11.383,22.751,41.843,32.742,19.093,18.2,22.976,19.856,17.587,4.0673,14.925,14.62,16.661,18.752,18.071,12.883,11.722,12.876,12.275,13.412,9.7375,15.259,15.593,16.825,16.746,16.639,15.941,16.125,16.87,7.1986,2.3282,4.9114,3.3413,1.591,0.57429,4.0399,6.0149,57.347,20.828,33.442,45.026,27.797,46.497,25.152,0.51527,2.1039,2.7264,7.2661,1.0923,1.4607,15.238,22.286,26.278,1.2702,1.1274,1.0617,25.887,25.533,24.732,25.38
104.29,117.11,48.273,59.994,42.455,34.336,7.2593,0,1.3041,117.8,155.53,82.312,45.137,11.947,12.421,25.191,25.857,28.445,53.798,50.988,37.364,38.12,36.442,37.824,41.1,24.224,27.955,17.876,2.2115,10.33,23.945,17.663,99.071,78.969,95.146,69.726,80.595,42.937,80.286,43.308,44.015,42.134,34.012,7.4554,20.547,0.76175,3.373,8.2305,9.5254,0.15814,3.2616,2.1681,0.14033,0.16446,2.0412,196.49,154.92,177.01,160.83,137.95,114.75,152.79,172.94,111.9,152.56,104.44,138.6,104.36,87.514,106.64,106.66,81.469,90.398,69.059,61.84,89.966,79.804,55.017,52.262,63.047,38.906,35.428,39.528,16.738,20.502,22.867,25.518,35.788,14.56,29.534,31.275,35.563,38.283,38.108,39.921,52.181,28.456,31.887,33.438,16.687,22.941,16.156,27.493,24.763,27.206,22.624,26.258,49.034,39.849,38.486,36.921,37.448,35.226,45.746,44.563,41.312,41.206,41.042,23.805,28.369,2.6127,3.0119,9.5164,8.3565,10.075,1.7881,15.872,89.891,99.688,56.045,46.387,29.007,26.836,33.39,28.651,24.315,18.814,27.483,21.812,22.32,6.9289,6.9638,14.503,5.1726,1.2044,5.1376,3.392,148.31,165.64,143.25,120.44,170.09,169.5,139.04,120.06,122.37,99.668,120.28,101.79,73.026,54.302,94.439,98.32,79.131,52.47,61.264,56.144,52.365,43.915,39.024,40.003,24.578,12.929,26.396,52.228,64.513,53.492,36.663,39.808,40.814,39.049,36.856,20.523,28.615,31.916,30.143,33.02,37.124,38.209,36.149,38.294,37.274,39.123,33.704,39.357,39.561,41.553,41.722,41.4,40.16,41.6,41.698,6.1883,8.2449,11.48,10.5,10.593,4.6827,5.9657,5.3475,82.389,47.528,71.37,85.952,58.981,80.956,38.564,11.632,17.163,18.511,26.936,13.736,15.232,40.171,45.623,39.791,14.598,14.065,13.72,39.645,39.099,38.482,38.558
102.81,113.38,54.783,56.632,38.441,27.69,5.3149,1.3041,0,119.28,152.73,80.532,51.706,12.91,8.2794,29.14,29.9,31.717,56.57,53.276,33.771,35.382,34.577,36.288,39.747,17.191,22.477,9.6979,0.47607,4.8066,15.809,11.602,103.06,74.442,94.036,72.021,83.663,43.28,82.406,44.336,40.865,39.459,33.363,10.894,11.784,0.50593,1.0408,4.1441,5.8083,0.55648,3.2809,6.1384,2.2128,0.60644,0.49591,192.58,158.35,172.42,158.23,142.45,113.83,161.26,170.38,119.46,156.5,104,144.66,110.59,90.086,109.95,101.07,83.056,90.997,70.74,60.276,84.398,75.256,52.883,50.257,62.396,44.442,42.019,45.907,22.96,26.434,26.329,29.519,38.346,17.693,33.34,35.841,38.853,42.445,40.91,43.159,46.768,34.788,26.283,28.508,12.26,17.306,14.495,32.298,28.96,31.229,26.242,30.68,48.065,43.025,40.589,33.592,33.917,33.468,44.244,43.345,40.445,40.144,39.981,16.296,19.803,5.6848,7.862,4.0104,3.4168,4.506,0.59883,11.168,93.78,104.93,61.068,49.084,33.734,29.349,37.362,29.576,22.042,19.881,23.837,21.562,16.704,9.4892,4.6404,10.748,7.2307,4.341,2.3516,1.1937,145.55,161.33,151.25,117.21,173.88,167.2,140.39,116.73,116.79,103.36,119.11,101.56,78.495,60.102,91.446,94.183,74.785,57.021,61.444,56.946,50.742,39.363,45.136,46.46,28.074,15.915,28.636,49.965,70.375,58.51,40.032,41.119,44.985,41.935,39.116,14.437,32.359,34.203,34.4,37.519,39.61,34.708,32.795,34.678,33.687,35.57,28.706,38.192,38.621,40.576,40.54,40.326,39.187,39.785,40.669,1.8252,3.6809,5.3983,5.0326,10.624,4.3785,8.608,8.9833,89.687,46.655,64.551,81.224,57.199,81.819,44.716,8.7235,13.294,13.743,19.498,9.9924,11.797,38.379,47.178,46.133,11.383,10.598,10.102,45.834,45.279,44.445,44.827
2.186,5.2795,23.253,15.933,28.519,50.354,75.608,117.8,119.28,0,5.7232,5.5778,25.599,54.813,74.251,36.804,36.208,31.863,12.9,14.007,31.242,27.797,26.927,25.075,22.232,214.25,241.17,153.66,134.62,102.96,85.523,77.46,2.1513,12.402,2.6235,6.4495,4.1279,18.861,3.6896,18.303,24.469,24.473,26.721,69.424,162,106.87,101.55,90.993,80.647,117.38,83.898,139.27,114.31,114.81,104.92,14.433,3.1621,11.888,6.1307,2.3942,1.1413,10.588,7.9157,7.4981,3.249,1.1411,4.5593,5.069,2.5237,0.96542,10.524,3.3446,1.973,6.4838,11.328,12.977,12.234,15.395,16.547,9.6286,27.138,33.839,29.322,58.7,50.098,38.768,36.521,24.197,51.256,31.622,31.487,25.167,24.359,22.568,21.679,27.216,40.443,46.648,41.003,64.901,60.835,51.583,36.214,37.908,34.59,39.391,36.64,16.533,21.659,21.786,30.709,30.944,27.731,19.363,19.627,21.275,21.654,21.77,207.01,214.43,151.1,137.41,110.61,106.18,106.42,103,69.137,3.1867,3.7478,14.981,16.849,34.288,32.697,28.172,30.345,40.863,42.506,42.003,39.422,61.904,68.769,79.265,65.405,74.077,102.63,93.054,99.289,4.8803,9.6036,8.7095,4.2636,5.6149,7.0246,0.88385,4.4566,9.602,1.7902,1.3533,1.1783,9.3229,17.656,5.5768,7.5566,11.837,15.875,9.5762,11.402,15.77,29.47,28.834,29.198,36.652,54.219,32.967,17.105,13.127,16.257,24.364,20.654,22.451,21.935,23.127,70,32.476,27.378,31.923,29.626,23.066,30.171,31.493,30.506,31.303,29.57,41.059,23.185,22.659,21.274,21.488,21.535,22.269,22.782,21.253,128.21,98.613,107.82,100.38,58.876,78.177,72.207,77.952,11.173,17.266,23.386,11.256,12.885,3.5247,29.357,67.446,60.018,63.296,69.246,67.297,61.604,23.787,16.809,28.969,61.756,64.581,66.462,28.571,28.995,28.801,29.764
5.183,3.2182,49.992,23.776,39.417,61.016,101.2,155.53,152.73,5.7232,0,11.553,53.187,81.708,95.325,64.34,63.726,57.159,31.296,32.142,43.905,41.295,41.977,40.223,36.842,248.12,280.8,178.21,169.34,125.97,99.972,95.088,14.883,15.237,7.5391,20.991,18.136,35.556,16.118,36,36.023,37.07,44.08,103.02,186.37,140.43,130.59,115.03,103.69,153.54,114.41,184.04,152.81,150.68,135.91,2.4548,7.4602,1.1176,0.057888,10.653,3.4748,24.502,0.50139,25.094,8.7193,5.6941,15.613,21.158,14.546,11.382,7.5606,14.684,10.269,20.108,21.252,12.667,14.899,25.873,27.774,20.662,54.087,63.924,57.876,94.148,83.372,66.088,64.059,46.26,80.886,57.618,58.477,48.599,48.746,44.491,43.95,34.294,71.961,58.856,53.337,83.638,76.164,73.131,64.766,66.064,61.668,67.089,64.79,29.908,43.835,42.397,43.794,43.657,43.233,32.7,33.629,36.528,36.652,36.808,239.17,245.23,195.95,183.26,134.81,130.88,129.88,134.34,88.107,17.148,18.67,37.068,36.68,62.241,57.078,53.441,51.533,58.812,66.945,57.408,60.855,77.495,100.9,104.77,85.618,106.35,141.14,119.94,128.24,0.086491,0.52555,22.892,2.4323,8.7475,0.3866,3.593,2.5329,4.3657,13.888,2.5445,6.4392,29.042,41.632,7.887,7.7198,14.872,37.796,22.217,26.022,27.505,39.41,56.951,57.8,63.504,84.235,56.994,27.987,35.184,38.862,47.665,39.621,46.245,43.78,44.402,86.171,58.613,49.96,58.621,56.014,44.671,42.722,44.752,42.901,43.996,41.828,53.251,38.476,38.223,36.311,36.193,36.47,37.64,36.638,36.183,157.17,122.9,130.43,123.11,84.975,107.18,105.08,113.33,32.88,31.108,24.987,12.646,23.057,13.763,57.674,89.729,78.939,80.999,82.205,87.894,81.723,38.014,34.854,57.378,82.347,85.215,87.153,56.695,57.235,56.742,58.329
1.3812,3.3671,18.971,2.7309,9.2867,22.67,44.671,82.312,80.532,5.5778,11.553,0,20.439,31.893,41.725,23,22.738,18.641,6.7427,6.5716,11.176,9.5181,9.5893,8.7046,7.1482,155.91,180.75,103.31,92.837,63.381,48.095,42.909,7.2196,1.6591,0.61194,3.582,4.5043,6.7803,2.9159,7.2313,7.2787,7.5447,10.502,46.257,109.95,71.479,64.959,54.905,47.034,80.871,53.261,103.73,80.404,78.797,68.492,24.479,17.05,18.161,13.051,14.781,3.0178,29.052,16.681,18.283,17.341,1.8342,18.622,13.312,3.7644,6.7139,3.5979,2.1762,1.3663,2.7347,1.4697,2.7526,1.6402,2.9434,3.578,1.4054,19.352,25.594,22.309,42.449,35.631,23.617,22.886,12.695,32.093,19.293,20.423,14.363,15.246,12.052,12.171,8.1645,29.524,20.471,16.909,34.383,30.61,26.706,23.971,24.145,21.61,24.284,23.636,4.2883,12.066,10.606,10.984,11.021,10.175,5.3995,5.7628,6.9966,7.0501,7.1184,149.27,154.88,112.48,103.43,69.584,66.428,66.145,67.296,37.398,6.3555,10.19,11.64,8.6303,22.545,18.114,17.316,14.517,18.501,23.04,18.292,19.381,31.409,44.537,47.173,35.251,47.999,72.246,57.682,63.262,9.6472,14.638,25.259,3.7242,22.144,15.669,9.8236,3.6899,5.5664,6.6479,3.8416,1.6606,10.459,14.511,0.59897,1.4927,1.4449,11.175,2.0812,3.473,3.4257,9.6594,21.489,22.386,22.207,34.077,17.922,3.714,12.614,12.246,13.987,8.9184,14.119,11.796,11.625,37.207,19.763,14.317,20.206,19.105,11.902,10.55,11.469,10.699,11.218,10.148,16.916,7.8672,7.7475,6.9002,6.8527,6.9707,7.4866,7.1185,6.8446,84.973,60.615,66.911,61.345,33.863,48.378,47.314,53.186,15.876,4.7531,6.5833,1.6742,1.9922,1.3386,21.89,37.489,31.118,32.949,36.023,36.697,32.631,7.7296,7.0505,22.017,32.92,34.85,36.159,21.475,21.718,21.183,22.37
27.067,38.701,0.064544,20.251,21.519,36.026,30.072,45.137,51.706,25.599,53.187,20.439,0,14.188,35.791,3.3521,3.0974,3.1805,3.7554,4.1798,20.138,16.758,13.823,12.674,12.031,127.86,142,92.236,61.86,54.342,55.075,43.651,14.037,28.447,22.769,7.6153,9.2851,7.4824,10.775,5.9572,18.107,16.381,10.28,15.904,99.361,42.189,44.295,43.663,37.458,46.752,29.332,53.251,41.647,45.171,44.142,77.596,39.098,69.297,55.258,29.464,29.742,32.56,61.275,15.449,37.157,24.459,27.889,13.53,12.229,17.853,41.04,12.124,17.021,8.5712,14.789,35.444,28.739,15.425,14.686,12.498,0.33024,0.68396,0.19119,8.0441,5.1923,4.4841,3.2214,3.2072,8.9185,2.4382,1.5857,2.229,1.1736,2.7487,2.129,27.6,2.1178,30.784,26.817,32.704,35.35,19.264,2.2766,3.3231,2.7613,4.4355,2.7643,11.278,2.2083,3.8354,19.122,19.879,13.571,12.6,11.698,10.601,11.161,11.159,124.41,132.73,62.091,50.779,58.415,54.238,56.341,42.212,35.377,11.002,12.756,1.451,3.0959,1.9441,4.4915,1.7163,7.0283,17.658,9.6988,22.365,11.767,35.673,17.041,32.824,30.756,20.387,33.192,40.993,42.725,49.61,62.676,28.414,38.514,46.183,58.806,35.272,38.672,47.071,14.679,32.676,22.965,4.3855,0.73806,27.917,32.956,27.826,1.4076,10.077,7.765,13.523,23.749,0.22408,0.16398,3.9034,10.252,5.0057,15.508,2.2547,1.1333,2.0674,5.2986,1.1036,2.6097,3.6236,40.56,2.6719,3.9721,1.9741,1.3642,3.2519,19.689,19.302,20.147,20.126,19.824,27.097,11.482,10.815,10.92,11.521,11.197,10.906,13.473,11.069,64.996,49.045,58.758,52.802,17.829,27.241,18.475,19.591,5.7591,10.882,36.19,31.101,14.928,13.45,0.25856,29.065,28.962,33.211,45.481,31.511,28.217,13.416,5.0149,0.17051,27.604,29.523,30.771,0.17865,0.21682,0.27481,0.26127
45.845,55.229,15.571,19.73,11.677,12.688,2.9775,11.947,12.91,54.813,81.708,31.893,14.188,0,5.7304,3.755,4.0332,4.2982,15.475,13.837,9.1364,8.6857,7.3981,7.8013,9.158,57.881,69.229,34.101,18.345,13.228,16.566,10.033,43.109,31.367,39.806,24.21,31,9.5961,30.505,9.776,11.583,10.375,5.8605,1.9631,38.488,8.7521,8.5218,8.2087,5.8558,11.784,3.1883,20.662,11.05,10.975,8.8072,112.24,81.423,98.041,85.483,69.775,52.731,83.1,94.312,54.099,79.918,45.774,71.139,47.984,35.131,47.787,49.488,31.121,36.622,23.673,19.798,38.89,31.88,16.353,14.86,20.219,10.272,10.193,11.519,5.3039,5.0891,2.7209,3.8956,6.7569,0.97991,5.0455,6.3051,7.0235,8.7541,7.8575,8.8773,17.681,7.5014,9.9977,9.3618,5.6209,8.4077,1.4422,5.2668,3.852,4.4353,2.7772,4.5019,12.813,8.8122,7.76,8.7051,9.1087,6.8413,11.39,10.711,9.0725,9.0904,9.0158,55.22,60.531,24.591,20.778,15.11,12.998,14.15,8.076,6.3708,37.163,44.228,18.012,11.667,5.6741,3.3507,6.6019,3.5983,3.5015,0.78174,5.8153,1.6442,8.3267,1.2619,3.8817,4.3945,1.6771,8.2196,6.9534,7.8368,76.524,89.607,75.928,57.252,92.605,91.725,69.556,57.04,59.911,43.355,56.531,44.011,27.858,17.793,39.977,43.079,31.325,15.786,19.113,16.298,14.742,12.893,10.98,11.816,3.2194,0.78854,3.0952,14.976,23.323,16.676,7.53,8.1805,9.8738,8.311,7.0991,9.6061,4.6809,5.0875,5.6248,6.8925,7.297,9.3862,8.4241,9.5331,9.0955,9.8098,9.5508,8.3012,8.3073,9.2194,9.3717,9.1834,8.5868,9.6036,9.3034,18.616,10.57,15.475,12.531,0.2275,2.2877,1.7116,3.2695,35.108,12.034,29.332,35.733,18.311,30.718,10.839,3.2155,4.4768,6.302,13.533,4.4752,3.7306,8.9529,10.959,11.581,3.3803,3.8774,4.2179,11.331,11.093,10.577,10.982
58.271,64.019,37.492,23.891,12.184,5.69,1.0196,12.421,8.2794,74.251,95.325,41.725,35.791,5.7304,0,17.782,18.344,17.652,31.355,28.464,9.847,11.398,11.75,13.051,15.247,36.374,48.925,14.646,11.731,2.3668,3.0596,0.71658,65.802,35.032,52.192,40.929,50.269,19.407,47.937,20.998,14.22,13.79,12.409,11.016,17.445,7.105,3.4495,0.9308,0.21881,10.535,4.0915,24.814,13.31,10.016,4.8988,126.24,107.37,109.38,99.868,96.497,67.149,118.11,109.6,84.35,106.66,60.329,100.8,75.22,54.107,69.852,53.424,47.633,52.018,39.138,27.976,41.346,35.584,22.558,21.01,30.41,29.245,30.42,32.015,21.371,21.567,15.459,18.072,19.906,11.434,19.548,22.437,21.506,25.216,21.794,23.877,16.33,26.15,5.1322,6.3812,0.41017,1.654,2.6409,21.195,18.243,18.941,15.752,19.552,20.729,23.688,20.424,9.9366,9.9698,11.241,17.784,17.543,16.203,15.803,15.707,33.323,36.347,26.09,26.861,3.6129,2.8641,2.9054,4.9948,0.21797,58.846,69.276,38.299,26.505,21.722,15.033,22.007,12.509,4.997,8.2322,4.7908,7.0049,1.4767,8.6102,0.87168,0.28078,7.4866,13.564,1.8064,3.2057,89.704,100.76,109.41,67.362,120.24,107.32,90.339,66.903,65.171,65.529,70.88,58.756,50.805,39.248,48.398,49.418,35.402,34.8,30.788,28.638,21.705,12.389,30.954,32.511,16.326,10.591,14.187,20.574,46.065,36.652,22.316,19.492,26.705,22.535,19.834,1.0561,18.923,17.15,21.033,23.181,20.5,10.426,9.4853,10.329,9.8045,10.869,6.4525,14.545,15.049,16.153,15.902,15.897,15.34,14.788,16.15,7.695,1.7592,3.2305,1.9958,3.71,3.1241,8.872,11.866,62.22,19.962,27.054,39.648,25.716,45.761,30.812,0.36588,0.77695,0.69511,2.9109,0.1745,0.59958,13.988,23.51,32.053,0.61753,0.35661,0.22637,31.526,31.191,30.219,31.15
33.264,43.93,4.0789,16.94,13.598,21.547,13.393,25.191,29.14,36.804,64.34,23,3.3521,3.755,17.782,0,0.0050453,0.23195,6.1354,5.5634,11.609,9.6333,7.4607,7.0643,7.4073,90.114,102.75,60.485,36.967,30.908,33.122,23.998,24.998,26.934,28.071,12.463,16.636,5.2326,17.2,4.5118,11.784,10.284,4.8358,5.4239,66.283,22.227,23.309,22.957,18.65,25.98,12.993,33.422,22.943,24.782,23.321,91.883,56.716,80.685,67.249,46.004,38.004,53.934,74.667,30.949,54.958,31.851,45.789,27.026,20.207,29.292,42.361,18.22,23.486,12.715,14.116,34.266,27.338,12.753,11.629,13.117,1.6327,1.698,2.1278,2.9661,1.4511,0.083827,0.0012979,1.5221,1.4569,0.19681,0.34682,1.1153,1.3912,1.8255,1.9945,19.737,1.0892,17.507,15.157,16.202,19.001,7.1962,0.15772,0.016909,0.038922,0.076827,0.04616,8.8294,2.006,2.3689,10.867,11.461,7.0493,8.8174,8.0068,6.6154,6.9183,6.8799,87.095,93.98,39.871,32.182,33.886,30.701,32.373,21.965,17.933,20.517,24.831,6.0941,3.9087,0.19998,0.46717,0.60115,1.9701,7.4628,1.8906,11.069,3.4472,19.121,5.7035,15.249,14.568,7.6203,17.224,20.904,22.172,59.959,73.14,48.31,44.812,65.823,72.121,49.018,44.792,50.585,25.464,41.387,30.209,12.449,5.5743,30.864,35.014,26.591,4.9935,11.295,8.6893,10.961,15.359,1.8932,2.2569,0.039743,2.0388,0.61579,12.116,9.0911,5.2684,1.282,3.3658,1.9147,1.9766,1.922,22.239,0.13594,1.0901,0.22264,0.53381,1.8192,11.503,10.819,11.813,11.582,11.785,15.397,6.6918,6.3453,6.856,7.247,6.9835,6.5331,8.3838,6.9763,38.853,26.864,34.28,29.785,5.7554,11.519,6.6401,7.9083,16.632,8.2353,29.952,30.457,13.458,18.732,1.8375,13.075,13.719,16.819,26.756,14.985,12.943,8.0285,4.5947,2.151,12.446,13.672,14.478,2.0407,1.9414,1.728,1.9023
32.856,43.551,3.7971,16.909,13.751,21.953,13.911,25.857,29.9,36.208,63.726,22.738,3.0974,4.0332,18.344,0.0050453,0,0.21747,5.9025,5.3686,11.789,9.7601,7.5607,7.1352,7.4392,91.462,104.17,61.585,37.819,31.683,33.825,24.617,24.423,26.825,27.702,12.128,16.203,5.1761,16.8,4.4259,11.876,10.369,4.9042,5.7157,67.434,22.886,24,23.628,19.246,26.675,13.507,34.095,23.562,25.461,24.009,91.136,55.868,80.052,66.601,45.205,37.515,52.958,73.963,30.206,54.105,31.4,44.942,26.358,19.746,28.694,42.132,17.831,23.078,12.406,13.987,34.138,27.225,12.702,11.594,12.939,1.4564,1.5383,1.9297,3.0518,1.4812,0.12911,0.0012357,1.4531,1.6248,0.15615,0.26905,1.0265,1.2525,1.7266,1.8658,19.881,1.0112,17.87,15.458,16.701,19.489,7.5285,0.11676,0.021255,0.018777,0.12115,0.02771,8.7748,1.8797,2.2888,11.037,11.637,7.1562,8.8145,8.0015,6.6237,6.936,6.8992,88.424,95.362,40.638,32.809,34.706,31.483,33.17,22.631,18.47,20,24.216,5.7799,3.739,0.14346,0.49278,0.51559,2.0302,7.7163,2.0629,11.361,3.6341,19.617,6.0259,15.801,15.057,7.9983,17.737,21.556,22.846,59.377,72.546,47.391,44.392,64.895,71.421,48.318,44.379,50.267,24.895,40.879,29.764,11.998,5.2559,30.581,34.761,26.471,4.72,11.098,8.5063,10.908,15.529,1.7048,2.0529,0.063422,2.2365,0.65494,12.094,8.6919,4.9748,1.1802,3.301,1.752,1.8664,1.8523,22.804,0.10693,1.0683,0.16422,0.43916,1.7396,11.669,10.998,11.985,11.763,11.946,15.698,6.7313,6.3729,6.8669,7.2655,7,6.5566,8.4324,6.9882,39.743,27.592,35.095,30.544,6.0959,12.006,6.9831,8.2497,16.076,8.1892,30.024,30.312,13.36,18.373,1.6529,13.56,14.169,17.312,27.332,15.489,13.397,8.0892,4.4697,1.9509,12.896,14.15,14.972,1.8448,1.751,1.5475,1.7157
28.097,37.832,3.7002,13.31,10.851,19.158,14.066,28.445,31.717,31.863,57.159,18.641,3.1805,4.2982,17.652,0.23195,0.21747,0,4.2224,3.6607,9.2458,7.347,5.4313,5.0078,5.1846,93.71,107.57,61.884,39.935,31.494,31.937,23.294,21.446,22.212,23.336,9.6421,13.557,3.2719,13.868,2.698,9.0669,7.7571,3.2025,7.2838,67.727,24.664,24.924,23.573,18.956,28.977,14.611,38.049,26.271,27.699,25.307,83.282,51.1,72.5,59.948,41.23,32.58,49.971,67.016,28.069,49.56,26.916,41.479,23.975,16.7,25.256,36.327,14.695,19.342,9.7583,10.731,28.906,22.576,9.5999,8.6464,9.8694,1.4625,2.16,2.2331,4.8552,2.8316,0.33827,0.22549,0.57852,2.3527,0.058344,0.34151,0.40501,0.78575,0.80751,0.99612,16.238,1.9583,15.348,12.922,15.521,17.643,6.7924,0.51283,0.36747,0.1423,0.40255,0.35925,6.2303,0.99328,1.1273,8.5695,9.1007,5.1184,6.2931,5.6073,4.4792,4.7481,4.7196,90.328,97.037,44.661,36.945,34.772,31.621,33.076,23.985,17.356,17.295,21.639,4.7648,2.3736,0.41444,0.12223,0.25077,1.0632,6.2381,1.7906,9.4137,2.7896,17.827,7.3288,15.961,14.157,9.3611,20.385,22.041,23.742,53.009,65.343,44.49,38.693,59.854,64.627,43.33,38.666,43.971,21.798,35.712,25.421,10.445,4.6032,25.763,29.547,21.89,3.697,8.3263,6.126,8.0479,12.453,1.9293,2.3617,0.16916,3.0566,0.22406,9.0864,7.6206,4.0719,0.52566,1.8309,1.1565,0.92549,0.82531,21.167,0.043368,0.32216,0.19166,0.38514,0.77031,9.0965,8.5693,9.3855,9.2255,9.3125,13.136,4.6128,4.2999,4.6823,5.0212,4.7992,4.4441,6.042,4.7835,40.77,27.621,34.849,30.289,6.244,12.802,8.4408,10.192,14.844,5.74,25.279,25.398,10.17,15.041,1.9182,13.057,12.996,15.929,25.08,14.67,12.457,5.7776,2.7858,2.2249,12.045,13.323,14.167,2.0661,1.998,1.7426,2.028
11.485,18.926,3.2309,7.2387,10.317,23.725,29.446,53.798,56.57,12.9,31.296,6.7427,3.7554,15.475,31.355,6.1354,5.9025,4.2224,0,0.076863,10.269,7.7543,6.1692,5.2039,4.2661,130.95,149.5,88.683,67.417,50.712,44.776,36.222,6.9271,11.665,8.6019,1.1095,2.6988,1.7198,2.7925,1.111,7.6537,6.7959,4.6074,22.562,95.475,47.497,45.839,41.228,34.495,54.036,32.705,67.581,51.099,52.281,47.268,51.12,26.145,43.389,33.202,19.539,13.914,27.844,38.337,12.872,25.17,10.291,20.396,9.4656,4.1361,8.9512,19.998,3.2223,5.7285,1.2322,3.8124,16.185,11.836,4.615,4.4233,2.5904,3.2888,6.1183,4.526,16.937,12.526,6.9493,6.0247,1.8299,12.812,4.1397,4.2248,2.0307,1.9254,1.3652,1.1341,13.342,8.4193,19.891,16.249,26.603,26.534,16.032,6.0469,6.6101,5.2647,7.2088,6.128,2.8239,1.1285,1.3237,9.6295,10.065,6.2583,3.9299,3.5741,3.4401,3.7606,3.7849,126.19,133.22,76.152,66.146,55.587,51.938,52.986,45.705,29.332,4.6778,7.559,0.97142,0.27473,5.2852,4.6497,2.9909,4.4813,11.799,9.3791,14.312,8.964,27.041,22.404,32.007,25.881,25.663,43.029,40.932,44.256,28.352,37.997,23.708,19.071,32.575,36.48,20.506,19.131,24.51,7.0368,15.994,9.3443,2.4808,1.8005,11.333,14.525,11.244,0.64852,1.5429,0.77734,3.7371,11.714,4.1708,4.5579,6.0668,14.35,4.8293,4.9221,2.0557,0.99845,1.8091,1.4033,1.4625,1.2039,1.6128,32.147,4.446,2.8457,4.3074,3.5762,1.5423,9.7776,9.9175,10.09,10.278,9.6978,16.409,4.2405,3.8364,3.575,3.8804,3.7503,3.7872,5.0387,3.6346,65.759,46.61,54.653,49.001,18.25,29.485,24.361,27.513,5.8396,2.7749,17.762,13.28,4.0388,3.5513,4.3527,25.879,23.183,26.295,34.435,26.898,23.395,5.2371,0.58957,4.3942,23.176,25.034,26.266,4.1569,4.2693,4.0494,4.5639
11.788,18.973,3.735,6.2372,8.6991,21.128,26.852,50.988,53.276,14.007,32.142,6.5716,4.1798,13.837,28.464,5.5634,5.3686,3.6607,0.076863,0,8.5994,6.3116,4.8741,4.0227,3.2194,125.42,143.86,83.829,63.806,47.059,41.153,33.011,8.1528,10.82,8.8145,1.4674,3.4167,1.0716,3.338,0.60441,6.287,5.4859,3.4996,21.066,90.42,44.592,42.682,38.002,31.529,51.068,30.27,64.943,48.49,49.364,44.179,52.293,28.173,44.158,34.165,21.494,14.509,30.642,39.478,14.879,27.25,10.806,22.614,11.142,4.9032,10.197,19.445,3.6948,6.1885,1.4654,3.2486,15.32,11.004,3.7666,3.5344,2.2429,3.3949,6.2508,4.7617,16.284,12.023,6.2169,5.4723,1.3843,11.676,3.6985,3.9544,1.7002,1.8137,1.0296,0.92338,11.648,8.2803,17.506,14.107,23.884,23.763,14.034,5.6804,6.0585,4.776,6.4909,5.6637,2.0727,0.90554,0.87843,8.0099,8.4127,4.9495,2.9798,2.6524,2.5024,2.779,2.7988,120.68,127.47,73.161,63.716,51.797,48.306,49.263,42.708,26.478,5.716,8.9984,1.4659,0.15063,4.9611,3.9081,2.7009,3.5155,9.9988,8.077,12.292,7.5194,24.245,20.748,29.278,23.242,23.798,40.827,37.861,41.161,29.099,38.666,26.292,19.282,34.877,37.627,21.924,19.314,24.233,8.2222,16.63,9.8528,3.4308,2.3654,11.138,14.151,10.444,0.98238,1.32,0.55453,2.9329,10.004,4.3571,4.8179,5.4036,13.111,4.0255,3.9757,2.8752,1.429,1.5245,0.85241,1.4258,0.90965,1.1474,29.101,3.9642,2.2339,3.9545,3.3531,1.1241,8.1564,8.2678,8.4436,8.6071,8.0921,14.258,3.1841,2.8336,2.6209,2.8878,2.7716,2.7945,3.9061,2.6737,61.835,43.171,50.835,45.403,16.351,27.109,22.648,25.878,7.2506,2.0047,16.188,12.532,3.3621,3.8786,4.53,23.315,20.655,23.569,31.258,24.217,20.889,4.0685,0.24291,4.6332,20.698,22.454,23.621,4.3721,4.4665,4.1997,4.756
20.352,23.725,20.27,3.0626,0.16449,2.8081,12.326,37.364,33.771,31.242,43.905,11.176,20.138,9.1364,9.847,11.609,11.789,9.2458,10.269,8.5994,0,0.17672,0.59549,0.90058,1.2981,83.728,102.67,46.581,41.466,21.356,13.596,10.344,28.332,7.9377,16.964,13.482,18.873,3.6335,16.684,4.8254,0.41835,0.44124,1.6633,19.456,51.127,28.976,23.428,16.802,12.663,35.484,18.566,54.812,37.061,34.212,26.084,65.73,54.194,53.888,46.999,47.793,25.806,66.737,53.747,44.044,54.095,21.866,52.235,36.641,20.348,29.989,18.009,16.041,17.646,12.01,4.9451,11.447,8.2051,2.7759,2.3288,6.3671,16.029,19.937,19.088,23.513,20.2,10.615,11.714,7.3089,12.647,10.656,12.86,9.1134,11.64,8.0122,9.2333,1.398,19.63,1.6891,0.73508,6.3863,4.8855,4.403,14.024,12.464,11.535,11.128,12.934,2.7765,9.071,6.4411,0.01329,0.0010309,0.6487,1.6976,1.8197,1.8246,1.6014,1.5864,78.802,82.85,59.541,55.911,25.038,23.241,22.976,25.63,7.7029,24.342,31.852,16.735,8.7076,13.575,7.4752,10.977,4.0528,1.4335,6.0909,0.90451,3.3615,5.1917,17.181,13.39,6.9038,18.19,33.436,18.915,22.503,40.115,47.831,60.333,25.72,63.332,52.148,41.487,25.445,24.958,27.842,28.051,21.028,22.63,18.81,14.584,15.274,8.0636,14.615,7.0859,6.8196,2.6973,0.32582,18.083,19.397,10.372,13.157,6.8866,2.1129,21.366,16.193,9.3599,4.9528,11.848,8.2833,6.677,7.7127,10.554,6.6379,11.966,12.577,7.2053,0.0093324,0.015624,0.0060136,5.4037e-05,0.025246,0.75892,1.3376,1.5886,1.726,1.5267,1.6078,1.6008,0.94163,1.6853,34.936,19.914,23.397,20.18,8.8556,15.601,18.696,23.335,31.53,2.6367,5.7542,10.249,3.9995,14.507,18.217,8.2433,5.1016,5.7477,7.7595,7.5617,5.8554,0.83958,6.1396,18.955,6.058,6.8131,7.3535,18.385,18.331,17.523,18.652
18.149,22.089,16.813,2.4965,0.34136,4.3719,13.274,38.12,35.382,27.797,41.295,9.5181,16.758,8.6857,11.398,9.6333,9.7601,7.347,7.7543,6.3116,0.17672,0,0.1477,0.28849,0.51884,88.479,107.32,50.752,43.472,23.9,16.448,12.486,24.433,7.3568,14.81,10.73,15.636,2.2083,13.754,3.1599,0.21422,0.11489,0.85744,18.532,55.589,30.036,25.027,18.703,14.239,36.526,19.088,55.036,37.502,35.194,27.509,62.917,49.512,51.593,44.24,43.051,23.219,60.578,50.791,38.846,49.29,19.302,47.008,31.971,17.123,26.157,17.254,13.259,15.005,9.4709,3.6783,11.023,7.6132,1.8866,1.466,4.7506,13.123,16.866,15.934,21.328,17.892,8.8737,9.71,5.3791,11.379,8.5594,10.482,6.9655,9.1455,5.9333,6.9646,1.8379,16.882,2.8904,1.5894,7.791,6.5036,4.6789,11.718,10.434,9.4603,9.3509,10.781,1.6319,6.8233,4.5703,0.1024,0.15089,0.20166,0.83456,0.88944,0.86577,0.71476,0.70447,83.588,88.032,60.259,55.8,27.725,25.685,25.6,26.909,9.2873,20.656,27.562,13.482,6.4168,11.233,5.867,8.6976,2.8906,1.5774,5.2688,1.4616,2.8629,6.8333,16.542,14.531,8.1365,17.84,33.305,20.481,24.018,37.606,45.607,54.463,23.844,58.312,49.153,37.728,23.613,23.909,24.025,25.454,18.443,18.832,15.38,13.11,14.14,7.4105,11.594,5.2283,4.881,1.6945,0.66976,15.016,16.207,8.5525,12.017,5.3803,1.345,17.656,13.009,7.153,3.2977,9.2724,6.1494,4.8073,9.682,8.5087,4.9207,9.7164,10.157,5.2557,0.12258,0.14001,0.16123,0.17769,0.12868,1.632,0.54409,0.70849,0.79911,0.66754,0.71948,0.71446,0.31406,0.77218,37.618,22.105,26.189,22.658,8.8049,16.104,18.108,22.534,27.003,1.4999,6.2492,9.591,2.8813,11.973,15.155,9.2857,6.2299,7.2038,10.045,8.8373,6.9038,0.24749,4.235,15.803,7.0482,7.9448,8.5738,15.278,15.245,14.515,15.559
18.212,22.944,13.917,2.9775,0.9299,5.7318,12.867,36.442,34.577,26.927,41.977,9.5893,13.823,7.3981,11.75,7.4607,7.5607,5.4313,6.1692,4.8741,0.59549,0.1477,0,0.042611,0.23439,89.328,107.56,52.185,42.759,24.602,18.139,13.489,22.645,8.3111,14.715,9.3866,14.082,1.3748,12.518,2.1004,0.53401,0.26849,0.29446,16.345,57.196,28.924,24.64,18.96,14.415,35.154,17.977,52.394,35.58,33.817,26.84,64.089,48.112,52.929,44.874,41.238,23.139,57.456,51.449,35.89,47.711,19.02,44.664,29.444,15.767,24.627,18.671,12.207,14.323,8.331,3.581,12.364,8.5779,1.94,1.4617,4.358,10.505,13.857,13.028,18.282,14.988,6.8484,7.5222,3.7575,9.3869,6.4695,8.1446,5.0944,6.9955,4.2445,5.14,2.9355,13.91,3.906,2.4057,8.2889,7.4444,4.2973,9.2687,8.1725,7.2785,7.27,8.4543,1.2691,5.019,3.1199,0.43335,0.55042,0.01089,0.62734,0.582,0.42271,0.33508,0.32356,84.622,89.409,57.876,52.873,28.39,26.173,26.304,26.127,9.8598,18.865,25.353,11.144,4.8147,8.8231,4.1961,6.5788,1.7673,1.4705,4.0166,1.8222,2.0743,7.7614,14.65,14.236,8.3998,16.089,31.074,20.284,23.594,38.253,46.82,51.472,24.547,56.841,49.714,36.979,24.349,25.386,22.343,25.477,18.083,16.428,12.765,13.632,15.053,8.3066,9.3971,4.5511,3.9698,1.5657,1.4406,12.199,13.276,6.53,10.058,3.7984,1.4251,15.075,10.658,5.2626,2.1218,7.1355,4.4385,3.2936,10.731,6.4329,3.3639,7.4764,7.8551,3.6673,0.51789,0.47331,0.59413,0.59413,0.54683,2.4721,0.18656,0.27801,0.39398,0.33092,0.34495,0.29906,0.18401,0.3848,37.823,22.494,27.064,23.351,7.8097,15.128,16.172,20.242,24.013,1.0963,7.9029,10.642,2.8405,11.162,12.321,9.2474,6.561,7.8289,11.573,9.0868,7.0766,0.10099,3.013,12.911,7.1442,8.113,8.7844,12.438,12.405,11.746,12.684
16.944,21.825,12.701,2.7364,1.1811,6.7208,13.981,37.824,36.288,25.075,40.223,8.7046,12.674,7.8013,13.051,7.0643,7.1352,5.0078,5.2039,4.0227,0.90058,0.28849,0.042611,0,0.085522,92.738,111.09,54.998,44.72,26.495,19.936,15.002,20.763,7.9088,13.531,8.1758,12.595,0.94278,11.148,1.5699,0.60064,0.30135,0.21535,16.699,60.16,30.342,26.209,20.538,15.789,36.642,19.014,53.706,36.817,35.264,28.376,62.035,45.552,51.19,43.029,38.766,21.645,54.396,49.458,33.46,45.121,17.605,42.018,27.251,14.226,22.711,17.998,10.883,12.981,7.2066,3.027,11.95,8.1645,1.6058,1.1646,3.6501,9.5913,12.95,12.03,18.015,14.589,6.5713,7.111,3.2185,9.4345,5.961,7.5156,4.4802,6.2242,3.6212,4.4253,3.2112,13.22,4.7474,3.0647,9.4392,8.6051,4.9272,8.7256,7.7659,6.8151,6.9852,7.9817,0.88629,4.3127,2.5682,0.70428,0.84259,0.067734,0.39453,0.33346,0.19706,0.14039,0.13262,87.999,92.956,59.456,54.038,30.397,28.064,28.253,27.595,11.114,17.135,23.328,9.8945,4.0136,8.2428,3.9007,5.9498,1.6138,1.9196,4.1453,2.4154,2.2847,8.9428,15.112,15.452,9.5028,16.711,32.003,21.77,25.116,36.582,45.171,48.576,23.307,54.063,47.726,34.866,23.129,24.486,20.486,23.941,16.679,14.814,11.479,12.734,14.272,7.8717,8.268,3.763,3.1985,1.2089,1.7522,11.235,12.26,6.1965,10.187,3.5469,1.1684,13.58,9.4614,4.6126,1.6357,6.3024,3.7833,2.7629,12.106,5.9563,2.9549,6.9072,7.1851,3.1037,0.78545,0.76849,0.87948,0.90061,0.80017,3.1368,0.050874,0.10414,0.17886,0.14206,0.14748,0.11596,0.093574,0.17384,39.972,24.236,29.078,25.2,8.4034,16.107,16.684,20.716,22.068,0.73191,8.0408,10.154,2.3739,9.9377,11.365,10.311,7.5685,8.9751,13.02,10.225,8.0778,0.040938,2.3647,11.909,8.1285,9.1747,9.8953,11.452,11.433,10.807,11.719
