0,22.767,9.7082,11.35,16.798,31.964,48.613,45.562,46.748,53.196,13.623,2.1136,66.992,66.693,25.221,36.537,89.084,64.935,66.437,70.783,71.506,66.935,74.296,72.222,91.885,1.9267,3.9627,26.256,18.473,22.914,32.514,47.809,40.335,55.493,50.898,71.448,86.654,62.694,88.182,70.971,75.751,1.8486,8.0378,9.1137,5.2187,13.774,16.555,10.912,14.988,30.003,18.193,9.2759,204.44,175.61,171.04,123.97,212.16,122.29,156.61,96.926,86.779,98.33,81.434,73.568,73.076,63.275,69.809,63.101,61.351,61.596,57.272,49.171,87.47,86.275,67.949,72.246,74.569,107.62,85.111,68.507,85.408,87.119,80.559,79.068,88.407,83.46,86.547,67.109,69.669,73.978,73.666,74.166,73.457,71.758,79.883,75.716,95.365,105.25,83.275,92.356,90.167,19.457,20.192,26.767,24.032,35.766,38.768,56.192,71.833,68.09,80.08,114.35,87.093,80.803,73.509,76.07,76.657,76.708,74.275,0.89153,2.8109,6.5846,10.6,6.2645,3.5085,34.373,59.026,209.36,213.89,113.68,127.76,129.97,115,155.93,127.36,154.18,128.68,83.432,82.395,67.465,67.338,27.328,23.721,58.431,33.603,35.396,47.835,87.757,87.955,66.337,65.799,64.32,78.254,70.88,68.558,66.624,65.883,65.994,88.66,87.841,87.576,86.057,83.735,83.112,65.051,85.767,67.839,75.014,75.223,72.969,73.034,72.232,71.368,75.077,69.302,61.752,72.614,66.455,96.125,62.185,88.596,87.574,67.971,90.674,87.606,89.006,87.065,75.267,2.599,0.37245,10.798,0.61805,5.3653,1.5573,66.154,69.24,86.074,93.365,83.053,80.729,85.868,93.944,76.678,61.5,60.188,61.264,59.566,61.038,74.8,60.793,74.453,75.331
22.767,0,2.888,23.662,7.1251,21.121,13.518,6.7616,28.694,23.307,66.952,11.172,44.965,43.927,1.3586,36.29,38.039,33.816,36.607,42.17,28.326,21.961,29.997,31.54,34.769,18.234,9.8662,16.617,36.012,0.91135,27.58,42.767,21.094,17.364,15.267,38.181,58.037,40.568,47.465,45.864,50.948,27.711,8.0818,3.8074,6.3355,1.6833,1.0348,2.5559,23.626,10.74,2.0565,3.2417,124.27,93.461,93.153,77.943,135.15,79.989,96.607,65.705,42.063,65.216,53.469,46.32,48.374,41.856,45.53,42.693,42.711,43.167,39.618,41.741,36.405,35.459,35.412,44.489,31.23,50.065,28.902,45.174,38.011,36.265,32.256,31.017,37.462,34.051,35.903,23.256,27.008,30.313,29.774,29.794,29.577,28.862,36.092,28.379,36.555,43.934,30.776,34.962,33.589,22.836,26.119,0.24114,0.14467,28.933,22.129,45.588,54.975,18.141,23.782,77.705,58.224,62.603,53.313,52.366,53.545,51.482,53.163,14.651,12.947,53.442,2.6165,11.321,9.7664,3.9208,15.69,131.41,117.65,76.232,82.665,63.972,47.998,96.067,77.938,73.775,59.778,50.552,25.668,44.958,45.75,27.413,19.773,17.885,8.6411,12.639,20.249,36.297,35.899,35.318,35.159,34.308,37.442,38.421,34.753,33.937,34.982,34.628,43.684,35.158,36.429,34.92,34.758,35.086,22.901,35.807,24.644,31.108,30.587,29.12,28.963,27.868,29.084,31.274,27.187,24.042,27.573,26.748,37.699,27.582,35.381,28.594,31.594,34.77,33.548,32.802,31.684,50.452,12.209,23.827,23.7,16.1,48.738,21.817,22.838,26.296,30.068,35.748,29.098,29.944,32.309,36.48,50.515,43.062,42.34,42.911,42.321,42.592,50.549,42.609,49.718,48.622
9.7082,2.888,0,12.296,4.0119,17.099,18.596,14.038,26.634,25.741,44.324,3.0524,43.449,42.718,3.9131,27.865,47.487,36.075,38.256,43.109,35.35,30.112,37.341,37.43,46.8,6.6884,2.1467,12.536,22.149,2.9435,21.188,35.572,19.917,23.256,20.393,40.988,58.28,39.294,52.542,45.388,50.139,14.384,3.9322,0.99934,1.0243,1.2385,1.8031,0.72133,13.304,10.388,1.847,0.016746,141.46,112.57,110.56,83.733,150.77,84.336,106.96,66.573,48.889,66.781,53.67,46.581,47.642,40.273,44.777,40.719,40.123,40.484,36.839,35.39,45.956,44.969,38.098,45.015,38.136,61.389,40.982,44.105,46.064,45.742,40.991,39.732,46.904,43.102,45.32,30.879,33.921,37.397,36.978,37.178,36.788,35.745,42.888,36.989,49.148,57.075,41.239,47.091,45.483,14.147,16.403,4.2641,3.2013,23.08,19.99,40.118,51.227,28.591,36.323,80.079,58.549,59.01,50.79,51.11,52.03,50.799,50.966,4.7314,4.948,32.231,0.039269,5.5025,2.9332,8.3819,23.727,147.51,141.55,78.949,87.943,77.926,63.193,106.39,84.985,93.075,75.094,52.636,38.22,43.61,44.045,19.42,13.607,24.653,10.486,13.326,22.061,46.007,45.864,37.461,37.175,36.143,43.052,40.924,37.934,36.756,37.101,36.933,50.526,45.412,46.01,44.587,43.6,43.544,29.899,44.966,31.918,38.235,38.023,36.348,36.285,35.372,35.722,38.352,33.882,29.291,35.354,32.566,50.064,31.461,45.829,41.836,35.887,46.317,44.443,44.6,43.229,49.669,4.2746,10.153,12.168,5.4763,27.944,8.8824,30.285,33.362,41.979,47.915,40.256,39.79,43.088,48.538,50.204,40.387,39.496,40.214,39.27,39.942,49.563,39.868,48.939,48.588
11.35,23.662,12.296,0,6.1108,7.4172,24.744,30.13,14.74,22.064,43.68,11.741,25.333,25.358,18.474,7.2862,49.021,27.281,27.448,29.143,36.662,36.813,38.449,35.278,55.135,4.0723,5.6013,5.7155,1.4601,17.923,6.2313,12.821,12.871,28.372,25.471,31.19,37.822,23.155,42.726,28.206,30.719,22.323,23.976,18.338,13.303,21.308,23.427,18.461,0.30124,10.953,12.617,11.408,132.35,115.72,110.01,65.46,135.99,63.225,91.47,44.54,43.996,45.859,34.673,30.172,29.23,23.266,27.375,22.935,21.643,21.724,19.381,13.715,48.386,47.733,29.249,29.626,37.889,61.891,52.351,26.448,44.972,48.089,43.672,42.945,48.672,45.587,47.706,35.85,35.664,37.888,37.932,38.454,37.848,36.549,40.338,41.254,57.903,63.813,48.097,55.553,54.075,1.4083,1.3438,24.93,22.365,7.7394,11.377,17.632,27.006,42.567,51.729,56.66,38.139,32.424,28.502,30.645,30.849,31.35,29.105,10.015,17.818,26.4,11.925,24.249,15.644,21.977,34.023,134.52,149.24,56.443,67.55,78.94,72.926,90.977,68.774,102.93,80.539,37.208,52.516,25.697,25.413,3.8032,3.5425,31.054,15.321,13.641,19.133,48.799,49.337,27.874,27.473,26.545,37.925,30.588,30.087,28.719,27.618,27.862,45.04,49.799,48.49,47.897,45.373,44.443,33.886,46.891,35.504,38.44,39.026,37.653,37.836,37.78,35.986,38.394,35.147,29.61,38.424,32.509,57.79,27.846,50.514,56.149,31.098,53.594,50.895,53.356,51.973,30.454,16.253,8.0191,0.0082722,9.0993,16.104,4.5586,35.147,35.735,52.352,56.094,49.442,45.767,49.877,56.143,31.564,21.677,20.882,21.537,20.442,21.441,30.064,21.261,29.988,30.969
16.798,7.1251,4.0119,6.1108,0,4.565,8.4252,9.4092,10.039,10.639,60.596,10.169,21.173,20.702,3.4872,11.558,28.526,17.017,18.265,21.372,19.005,16.845,20.461,19.579,30.385,8.5734,4.5497,2.3953,12.025,3.4604,7.102,16.082,6.2417,11.306,9.2972,20.482,32.072,18.344,29.402,22.671,25.988,26.898,15.694,9.0157,7.8178,8.7473,9.1753,7.9402,5.3394,1.9449,1.5302,3.6825,104.92,83.78,80.72,52.902,111.44,52.863,73.128,38.365,27.731,38.671,28.697,23.642,24.22,18.974,22.2,19.241,18.788,19.03,16.554,15.801,27.605,26.935,18.503,22.6,20.661,39.426,26.975,21.685,26.58,27.409,23.785,22.981,28.14,25.373,27.088,16.816,18.055,20.316,20.136,20.388,20.023,19.15,23.669,21.214,32.426,38.082,25.432,30.666,29.435,4.5135,6.0686,7.1041,5.9353,8.0612,6.1522,18.853,26.567,18.582,25.064,49.008,32.285,32.249,26.286,26.626,27.261,26.479,26.433,11.158,15.323,42.654,3.3594,18.135,11.833,4.9722,13.512,109.08,110.92,48.223,55.98,53.345,44.263,72.658,54.379,69.512,52.541,28.39,26.046,21.305,21.568,6.6454,3.2359,12.738,2.9776,3.4813,8.2842,27.766,27.883,17.892,17.66,16.921,23.107,20.333,18.582,17.667,17.645,17.597,28.868,27.839,27.665,26.817,25.532,25.209,15.758,26.657,17.133,20.872,20.952,19.763,19.791,19.364,18.971,20.913,17.879,14.187,19.564,16.5,32.769,14.742,28.274,28.881,17.736,29.601,27.808,28.796,27.707,25.655,13.85,14.885,6.2843,11.366,33.003,10.983,16.336,17.83,27.358,31.217,25.54,23.98,26.86,31.498,26.111,18.964,18.347,18.845,18.186,18.661,25.551,18.606,25.134,25.006
31.964,21.121,17.099,7.4172,4.565,0,7.4194,14.527,1.4013,4.1035,84.375,25.938,6.5831,6.4233,12.507,2.4872,18.72,6.273,6.4621,7.638,11.686,12.918,12.613,10.534,23.574,18.404,15.373,0.35859,8.8708,13.418,0.61886,3.7835,0.79862,8.5112,7.317,8.2693,13.523,5.1858,14.662,7.7341,9.4945,47.777,36.841,26.353,23.57,25.821,26.245,24.546,4.8825,2.1382,10.345,16.364,77.406,64.685,60.312,30.1,80.778,29.215,47.681,17.77,15.293,18.262,11.452,8.5579,8.5076,5.4118,7.3789,5.4426,5.0706,5.1762,3.9273,3.4951,18.457,18.118,7.2396,8.1,12.133,26.658,22.719,6.9948,16.056,18.269,15.753,15.429,18.54,16.824,18.049,11.984,11.231,12.225,12.312,12.641,12.282,11.55,13.281,14.683,25.354,28.669,19.083,23.855,22.996,2.4785,3.1724,19.752,18.359,0.65342,0.42521,4.8751,9.1942,18.37,23.772,25.556,13.687,12.67,9.2199,9.7299,10.032,9.8219,9.375,25.987,34.555,60.404,15.75,40.01,29.639,11.054,12.802,79.431,90.436,25.177,31.921,38.11,35.155,47.316,31.963,55.975,39.611,12.134,23.786,6.7031,6.7436,1.3657,0.71325,10.081,4.4152,2.311,3.0808,18.753,19.174,6.5926,6.4036,5.9536,11.813,7.9936,7.6337,6.9543,6.4631,6.5639,15.903,19.595,18.525,18.297,16.599,15.95,10.77,17.506,11.496,12.488,12.913,12.213,12.349,12.459,11.177,12.443,10.884,7.9764,12.921,9.3377,25.064,6.6624,20.072,25.873,8.1878,22.414,20.631,22.605,21.784,9.31,32.243,27.484,7.8904,25.544,45.122,20.88,11.603,11.378,22.432,24.121,20.426,17.556,20.102,24.027,9.737,5.1439,4.7981,5.0782,4.6814,4.9938,9.1855,4.9482,9.012,9.2057
48.613,13.518,18.596,24.744,8.4252,7.4194,0,2.2755,6.7663,2.0597,113.7,34.846,12.522,11.816,6.5947,17.746,6.6619,5.4942,6.8712,9.5976,2.766,1.4628,3.3274,3.7678,6.8336,33.988,24.837,7.2715,31.093,8.0874,12.137,17.916,4.0493,0.26207,0.053851,6.9959,17.693,10.412,10.494,12.155,14.796,63.485,38.37,26.72,28.162,22.616,21.175,23.589,21.02,2.7868,8.7329,18.475,57.63,39.964,38.513,26.745,64.167,28.28,37.936,21.463,7.8901,20.839,15.378,11.881,13.505,11.209,12.197,11.898,12.452,12.736,11.344,16.331,6.0856,5.7294,5.9272,10.878,3.6826,12.415,5.2982,12.268,6.3137,6.0088,4.372,3.9645,6.4412,5.0786,5.8566,1.555,2.3662,3.3959,3.2371,3.2689,3.1757,2.9141,5.4393,3.1376,7.8116,10.837,4.6438,6.964,6.3773,16.478,18.955,10.723,10.869,11.563,5.2235,16.751,19.226,2.499,4.9405,27.61,17.743,22.985,17.293,15.815,16.592,14.969,16.946,37.887,42.458,88.98,16.934,43.933,36.086,2.9045,0.76002,61.845,58.678,26.606,29.651,20.405,14.091,37.598,26.583,29.646,19.266,12.929,5.1656,12.385,13.029,15.063,10.948,0.45186,1.3893,1.6844,1.6782,6.104,6.061,6.1231,6.1206,5.8798,6.01,7.2182,5.4858,5.3065,6.0039,5.7834,8.6006,5.9272,6.1051,5.5975,5.2649,5.2837,1.3401,5.7374,1.7953,3.663,3.5314,3.0353,3.0005,2.7044,2.9633,3.7134,2.3948,1.5252,2.6775,2.2369,8.0215,2.7615,6.0948,6.3704,3.9965,6.5065,5.7237,6.0771,5.5805,14.537,40.246,45.687,25.401,38.681,74.389,38.586,1.4211,2.1881,5.4302,7.2389,4.6271,4.0851,5.2743,7.4009,14.243,12.682,12.533,12.639,12.725,12.458,14.729,12.55,14.18,13.151
45.562,6.7616,14.038,30.13,9.4092,14.527,2.2755,0,15.943,8.6288,107.79,30.028,25.373,24.382,3.1305,28.981,13.373,14.818,17.046,21.212,8.5555,4.7575,9.3675,10.984,10.897,33.944,23.085,12.77,40.045,4.1663,21.139,30.882,10.926,3.4602,2.9422,17.111,32.598,22.275,21.599,24.938,28.674,56.837,28.984,19.408,22.569,14.812,13.035,16.475,27.247,5.8094,6.1732,14.272,73.562,49.946,49.813,42.833,82.56,45.315,54.45,37.509,17.026,36.57,29.456,24.554,26.858,23.418,24.983,24.368,25.042,25.44,23.287,29.065,12.345,11.788,15.465,23.1,10.283,20.506,7.7054,25.059,13.876,12.283,10.142,9.4315,13.021,11.093,12.083,5.5788,7.8688,9.6652,9.3011,9.2334,9.1847,8.9236,13.266,7.9775,11.886,16.263,8.8489,11,10.24,23.263,26.581,4.5152,5.0758,21.009,12.551,30.314,34.49,2.762,5.3139,45.07,32.656,39.624,32.017,30.077,31.14,28.916,31.574,34.176,35.379,86.547,12.737,34.545,29.598,0.79619,2.0177,79.454,68.214,43.71,46.69,29.347,18.746,54.053,42.072,36.001,26.345,25.846,6.158,25.197,26.084,23.74,17.342,3.3162,2.9977,5.2931,7.565,12.232,11.923,15.836,15.841,15.465,14.75,17.499,14.683,14.453,15.648,15.28,18.071,11.409,12.351,11.421,11.584,11.92,5.6386,12.108,6.4341,10.109,9.669,8.9163,8.7857,8.0939,9.1661,10.228,8.068,7.0985,7.8208,8.2633,12.566,9.9193,11.495,7.6504,11.982,10.947,10.34,9.8074,9.2089,28.312,33.688,44.458,30.64,35.584,75.46,38.887,5.4297,7.4089,8.3153,11.447,7.8437,8.511,9.6538,11.881,27.904,25.363,25.087,25.291,25.308,25.033,28.573,25.145,27.811,26.367
46.748,28.694,26.634,14.74,10.039,1.4013,6.7663,15.943,0,1.856,107.34,38.958,2.0538,1.9179,17.792,3.5258,11.957,2.0463,1.973,2.5034,7.1443,9.5603,7.6811,5.6237,17.195,29.957,25.816,3.0173,15.058,19.378,2.0718,2.7366,0.58689,6.6464,6.1687,3.0984,6.3312,1.2534,7.3138,2.6026,3.7429,65.457,50.83,37.926,35.412,36.282,36.199,35.357,10.91,4.331,16.681,25.842,58.784,49.37,45.064,18.526,61.279,17.828,32.917,9.3209,8.3387,9.6123,4.9126,3.0476,3.1043,1.4108,2.4189,1.49,1.4133,1.4914,0.88089,2.0932,11.972,11.81,2.582,2.7646,7.0518,17.669,17.565,2.2298,9.5245,11.819,10.152,10.07,11.88,10.838,11.672,8.4051,6.9775,7.2819,7.4502,7.7405,7.4568,6.9306,7.3383,9.8649,18.615,20.559,13.581,17.436,16.855,7.0568,7.7584,26.195,25.095,1.4314,0.47587,2.2909,4.238,15.867,19.871,15.087,6.4363,6.5738,3.9028,3.9679,4.2152,3.938,3.9262,39.299,49.214,79.843,24.816,55.049,43.116,14.112,11.061,60.226,72.449,14.762,19.946,26.823,26.339,32.617,20.052,43.29,28.882,5.2923,19.408,2.0979,2.1789,4.0723,4.0033,7.9186,6.2995,3.4063,1.7414,12.267,12.73,2.1434,2.0287,1.7947,5.9226,2.8881,2.9237,2.5098,2.0815,2.1773,8.6849,13.258,12.032,12.069,10.514,9.8651,7.3764,11.183,7.6707,7.3842,7.8491,7.4744,7.6236,7.9199,6.5644,7.3175,6.6381,4.7147,8.3942,5.3748,18.11,3.0603,13.674,20.845,3.6969,16.053,14.547,16.626,16.04,3.6202,46.466,41.272,15.428,38.832,61.642,33.044,8.1467,7.2411,17.023,17.547,15.238,12.275,14.27,17.315,3.8359,1.4721,1.3291,1.4422,1.3202,1.3863,3.5696,1.3833,3.4288,3.4691
53.196,23.307,25.741,22.064,10.639,4.1035,2.0597,8.6288,1.856,0,119.66,41.59,4.4246,4.0094,13.43,10.245,5.3237,0.97545,1.5256,2.8915,1.9508,2.9917,2.3291,1.553,8.1507,36.093,28.915,5.3721,24.956,15.264,6.8572,9.0311,1.2816,1.6037,1.577,1.843,7.9913,3.219,4.7397,4.2437,5.8767,71.22,49.636,36.313,35.931,32.929,31.932,33.124,17.721,3.5295,14.433,25.265,49.067,36.899,34.076,16.667,53.235,17.188,28.032,10.828,4.0894,10.565,6.4021,4.1568,5.0583,3.672,4.2499,4.083,4.4567,4.6274,3.8988,7.7528,5.1594,4.9767,1.2702,3.5835,2.1357,10.082,8.0872,4.2788,4.0539,5.0607,3.7812,3.6389,5.2188,4.3095,4.9435,2.3748,1.7916,2.1634,2.2006,2.3424,2.1887,1.8872,2.7937,3.3545,9.1874,11.082,5.6463,8.3173,7.8558,12.883,14.492,20.163,19.825,5.9549,1.9398,7.546,8.7232,6.9888,9.5853,15.903,8.0425,11.285,7.4165,6.5014,6.9944,6.0022,7.1937,43.434,51.218,92.031,23.797,54.999,44.463,8.7698,4.0782,51.665,56.586,15.256,18.668,17.638,15.266,27.741,17.186,29.813,18.312,5.2096,9.2639,4.3437,4.7289,9.8778,8.0044,2.1946,3.6491,2.0337,0.14716,5.3133,5.5372,1.2459,1.2208,1.0779,2.4122,1.8815,1.1903,1.012,1.1844,1.117,4.5057,5.7747,5.1951,5.0714,4.201,3.8925,1.8414,4.6658,2.0287,2.2792,2.4578,2.1637,2.225,2.3011,1.7357,2.2627,1.6428,0.68694,2.5256,1.0663,8.9531,0.35534,6.0377,10.297,0.90736,7.4316,6.4148,7.6611,7.2241,5.7117,48.551,48.582,22.831,43.598,74.39,40.216,2.2332,1.8814,7.7759,8.4441,6.5884,4.8176,6.1606,8.3529,5.5753,4.5964,4.5391,4.5752,4.6795,4.4681,5.8166,4.5325,5.4826,4.9114
13.623,66.952,44.324,43.68,60.596,84.375,113.7,107.79,107.34,119.66,0,24.117,135.28,135.2,74.398,85.944,172.1,135.82,137.4,142.61,147.28,140.95,151.25,147.85,176.26,24.332,32.267,75.71,51.248,70.076,82.738,103.1,98.952,124.09,117.17,144.99,162.63,129.82,168.73,141.56,147.48,8.5487,31.266,39.092,32.391,48.383,53.392,43.499,51.219,83.785,62.531,43.73,321.59,286.8,280.59,214.91,329.97,211.53,258.88,176.35,167.95,178.82,155.86,145.67,144.07,130.29,139.76,129.66,126.69,126.92,121.04,106.02,169.93,168.29,140.2,144.18,151.48,197.41,166.7,137.73,166.67,169.43,160.27,158.2,171.18,164.33,168.64,141.18,144.68,150.73,150.33,151.08,150.04,147.58,158.69,153.51,181.07,194.6,164.26,176.91,173.88,60.46,60.281,74.551,70.297,88.018,95.939,116.54,139.16,142.14,159.18,199.75,163.27,150.9,142.74,147.43,147.92,148.85,144.1,20.651,21.135,2.3482,46.57,25.613,25.577,90.354,129.21,326.91,335.43,199.26,219.17,227.36,207.76,258.03,220.17,259.46,225.97,160.2,162.61,136.08,135.55,73.26,69.898,128.48,90.014,92.619,111.66,170.36,170.68,137.63,136.81,134.68,155.9,144.01,141.36,138.5,137,137.29,170.45,170.57,170.08,168.02,164.65,163.69,138.15,167.51,142.17,152.17,152.56,149.37,149.49,148.41,146.96,152.24,144.1,133.02,149.01,139.84,182.12,133.04,171.64,169.89,141.24,174.59,170.31,172.26,169.55,146.88,21.987,15.757,42.487,19.82,8.2343,21.339,139.79,144.11,168.11,178.31,163.92,160.66,167.89,179.12,149.19,126.8,124.87,126.46,123.82,126.21,146.06,125.79,145.82,147.7
2.1136,11.172,3.0524,11.741,10.169,25.938,34.846,30.028,38.958,41.59,24.117,0,58.619,58.063,13.815,34.201,71.395,53.397,55.401,60.32,55.945,50.474,58.451,57.601,72.038,2.6376,1.4092,20.33,20.92,11.974,28.483,44.355,31.849,40.992,37.07,59.412,76.695,54.141,74.148,61.699,66.735,4.3035,2.622,2.4722,0.69451,5.0996,6.8388,3.4209,14.448,20.92,9.1556,2.9014,179.76,149.44,146.31,109.17,188.77,108.71,137.84,86.39,71.288,87.2,71.536,63.661,64.008,54.979,60.776,55.137,53.915,54.239,50.022,44.993,69.706,68.552,56.035,62.123,59.087,88.266,65.271,59.748,68.903,69.418,63.517,62.052,70.727,66.136,68.899,51.083,54.214,58.351,57.942,58.288,57.728,56.313,64.458,58.81,75.031,84.402,64.782,72.424,70.444,17.485,19.084,14.171,12.262,31.255,31.103,51.225,65.322,49.728,59.903,102.47,77.062,74.116,65.952,67.43,68.231,67.58,66.439,0.30446,0.66153,15.745,3.6638,2.2948,0.33059,21.273,42.725,185.58,183.59,101.51,113.37,108.31,92.388,137.19,111.49,127.97,105.9,71.937,62.189,58.948,59.123,24.696,19.574,43.182,22.658,25.394,36.79,69.859,69.844,54.888,54.46,53.142,63.829,59.102,56.226,54.607,54.457,54.412,73.146,69.491,69.786,68.205,66.583,66.283,49.559,68.339,52.097,59.345,59.296,57.23,57.216,56.269,56.129,59.448,54.031,47.737,56.417,51.933,75.974,49.309,70.08,66.762,54.71,71.235,68.726,69.371,67.652,66.231,0.37781,2.9641,11.337,0.62231,14.057,3.4619,50.28,53.66,66.366,73.396,63.988,62.764,67.096,74.061,67.236,54.137,52.975,53.921,52.532,53.656,65.938,53.49,65.419,65.663
66.992,44.965,43.449,25.333,21.173,6.5831,12.522,25.373,2.0538,4.4246,135.28,58.619,0,0.011991,30.787,6.5602,10.927,1.8221,1.1591,0.53405,8.2693,12.739,8.3872,5.8158,17.661,46.313,42.075,9.9096,23.153,33.107,6.4382,3.3568,4.6104,11.037,11.26,1.7779,1.2661,0.11317,3.8421,0.10814,0.26909,89.592,73.312,57.58,54.501,55.287,54.959,54.325,20.11,11.977,30.09,42.451,44.309,40.17,35.32,9.4957,45.006,8.5177,21.198,2.7566,6.0641,3.0331,0.73153,0.30653,0.13966,0.060267,0.057389,0.059672,0.15988,0.1649,0.39805,2.5399,11.363,11.432,1.9238,0.36364,7.3882,14.274,19.738,0.019001,8.2913,11.231,10.457,10.7,10.99,10.732,11.164,11.081,8.4575,7.8762,8.2005,8.5057,8.2609,7.8952,6.447,11.202,18.794,19.056,14.671,17.882,17.598,14.871,15.199,41.334,40.276,5.0691,4.5008,1.4382,0.76051,21.082,23.943,6.3029,1.3214,1.583,0.38657,0.31247,0.38771,0.32893,0.35033,58.688,71.178,103.45,41.101,78.353,63.889,24.752,16.424,44.537,61.359,6.1812,10.174,21.245,24.63,20.975,11.029,37.785,24.581,1.3994,22.827,0.0025376,0.0054365,9.5672,10.986,12.227,14.342,9.9282,5.3289,11.717,12.333,1.5694,1.5091,1.5053,4.6594,1.5437,2.3784,2.1951,1.5912,1.7497,6.0529,13.116,11.423,11.859,10.191,9.4,10.073,10.651,9.876,7.773,8.4082,8.4039,8.6067,9.2272,7.4474,7.6582,8.0469,6.9391,9.8223,6.8459,17.909,4.3029,13.521,23.624,3.8698,16.363,14.994,17.555,17.2,0.24104,67.853,59.913,26.256,57.925,81.383,49.723,10.925,8.9398,18.779,17.794,17.019,13.438,15.022,17.333,0.3426,0.16656,0.23954,0.17742,0.30191,0.17867,0.21671,0.20025,0.19817,0.30605
66.693,43.927,42.718,25.358,20.702,6.4233,11.816,24.382,1.9179,4.0094,135.2,58.063,0.011991,0,29.911,6.7458,10.267,1.5384,0.93601,0.40193,7.6543,11.97,7.7722,5.3064,16.788,46.097,41.644,9.6788,23.43,32.229,6.4494,3.5773,4.3383,10.344,10.581,1.5106,1.3086,0.071488,3.5387,0.079832,0.30249,89.139,72.406,56.72,53.809,54.32,53.934,53.44,20.136,11.5,29.354,41.748,43.792,39.313,34.584,9.3936,44.657,8.5104,20.952,2.8286,5.6085,3.0659,0.73795,0.24684,0.14644,0.04542,0.039079,0.070709,0.19836,0.21197,0.41389,2.7196,10.679,10.74,1.6346,0.27399,6.8144,13.61,18.789,0.012208,7.7202,10.55,9.7801,10.01,10.324,10.055,10.483,10.364,7.8335,7.2809,7.5916,7.8858,7.6492,7.2953,5.9329,10.488,17.901,18.205,13.86,17.005,16.721,14.863,15.266,40.281,39.276,5.0813,4.2837,1.624,0.96222,20.093,22.884,6.3855,1.3614,1.8417,0.51983,0.37937,0.47683,0.36101,0.46759,58.247,70.515,103.47,40.375,77.507,63.211,23.87,15.567,44.136,60.311,6.2353,10.133,20.526,23.671,20.728,10.855,36.757,23.728,1.2856,21.796,0.0067053,0.033475,9.6209,10.87,11.488,13.722,9.4407,4.9049,11.021,11.617,1.3076,1.2523,1.2487,4.2293,1.2949,2.056,1.8833,1.3272,1.4724,5.612,12.372,10.737,11.151,9.5354,8.7723,9.3911,9.986,9.1997,7.1842,7.7944,7.7858,7.9808,8.5769,6.8651,7.0743,7.4385,6.3778,9.1509,6.2849,17.047,3.8628,12.766,22.582,3.4525,15.525,14.187,16.676,16.325,0.26885,67.212,59.72,26.28,57.537,81.548,49.572,10.214,8.2974,17.857,16.924,16.139,12.66,14.208,16.478,0.34831,0.21224,0.28551,0.22261,0.35663,0.21866,0.25494,0.24439,0.21928,0.28159
25.221,1.3586,3.9131,18.474,3.4872,12.507,6.5947,3.1305,17.792,13.43,74.398,13.815,30.787,29.911,0,25.332,26.169,21.637,23.865,28.391,17.888,13.349,19.26,20.189,24.467,17.721,9.7883,9.3899,28.451,0.08152,17.982,30.006,11.917,9.4366,7.8085,25.182,41.639,27.167,33.017,31.466,35.707,33.303,13.559,7.1587,8.8894,4.823,4.1379,5.4786,17.442,4.6284,0.66435,4.0542,102.47,76.227,75.247,59.058,111.68,60.681,76.142,48.169,28.826,47.761,37.786,31.82,33.558,28.242,31.203,28.961,29.042,29.425,26.551,28.952,24.893,24.129,22.937,30.302,20.133,36.519,19.998,30.927,25.788,24.76,21.379,20.403,25.705,22.882,24.455,14.164,16.845,19.45,19.055,19.111,18.903,18.274,23.979,18.328,26.094,32.175,20.771,24.658,23.494,15.741,18.581,0.82892,0.63701,18.813,12.825,31.857,39.336,11.5,16.489,58.561,41.797,45.75,37.806,36.917,37.92,36.147,37.652,16.831,17.485,57.543,3.2512,17.244,13.489,0.89804,8.8441,108.48,99.518,57.3,63.105,48.999,36.347,75.661,59.228,59.581,46.03,35.357,17.844,30.769,31.449,18.52,12.339,10.008,3.1485,5.7507,11.119,24.854,24.616,22.838,22.707,22.019,24.866,25.362,22.436,21.76,22.568,22.29,30.158,24.122,24.921,23.749,23.384,23.544,13.742,24.305,15.121,20.084,19.743,18.55,18.449,17.643,18.397,20.204,16.936,14.262,17.484,16.43,26.898,16.817,24.361,20.342,20.012,24.276,23.077,22.847,21.883,35.292,16.285,24.892,18.681,17.943,49.742,21.381,13.805,16.331,20.802,25.286,19.751,19.916,22.071,25.816,35.324,29.338,28.769,29.218,28.781,28.951,35.382,28.976,34.679,33.738
36.537,36.29,27.865,7.2862,11.558,2.4872,17.746,28.981,3.5258,10.245,85.944,34.201,6.5602,6.7458,25.332,0,28.353,10.508,9.8239,9.686,20.689,24.143,21.614,18.016,36.275,21.765,21.817,3.8768,5.1109,26.278,0.64414,0.78203,4.8926,18.646,17.264,12.262,13.044,5.9394,19.162,8.2877,9.1559,54.586,50.148,38.977,33.78,39.977,41.243,37.536,4.7303,9.1967,21.16,26.723,84.912,77.099,70.988,31.676,85.855,29.428,51.307,16.858,21.987,17.913,11.496,9.5608,8.5543,5.7786,7.7896,5.4371,4.6719,4.6535,3.8584,1.0778,28.44,28.214,11.551,9.5353,20.54,36.339,36.538,7.2408,24.415,28.205,25.644,25.508,28.258,26.714,27.986,22.458,20.366,20.941,21.225,21.712,21.235,20.336,20.823,25.123,38.335,41.038,30.889,36.624,35.759,2.7925,2.4069,35.139,32.978,0.66073,3.7292,2.3614,6.4375,32.771,39.168,24.48,13.244,9.0857,7.4464,8.9088,8.8907,9.5014,7.8311,32.6,44.372,60.402,26.436,52.465,39.661,23.959,25.314,85.271,105.59,24.511,32.607,48.574,49.083,50.963,34.575,70.879,52.002,13.908,38.78,6.7924,6.4895,0.78723,2.5751,20.883,13.53,9.5137,9.3551,28.905,29.632,10.511,10.252,9.7988,18.146,11.721,12.423,11.592,10.414,10.708,22.383,30.452,28.534,28.627,26.182,25.127,20.743,27.216,21.386,21.11,21.896,21.26,21.507,21.971,19.71,20.994,19.795,16.215,22.737,17.568,37.618,13.154,31.082,41.03,14.345,34.618,32.387,35.407,34.524,9.0521,41.749,30.539,7.7716,31.391,43.022,23.303,21.998,20.778,35.85,36.795,33.239,28.9,31.955,36.467,9.7959,4.6415,4.2927,4.583,4.0507,4.5737,8.7781,4.4686,8.8513,9.7001
89.084,38.039,47.487,49.021,28.526,18.72,6.6619,13.373,11.957,5.3237,172.1,71.395,10.927,10.267,26.169,28.353,0,4.4757,5.2972,6.6406,0.96613,2.2041,0.67485,1.1928,0.95039,67.43,55.796,21.297,52.964,29.134,23.599,23.981,11.798,4.2828,5.6424,3.9212,10.295,10.105,2.6564,9.2342,10.54,110.23,76.934,60.024,62.102,53.46,50.896,55.222,42.471,15.725,30.641,47.249,25.125,14.581,13.31,9.7397,29.796,11.712,13.929,11.329,0.86889,10.257,9.3947,8.1246,10.001,10.76,9.6532,11.562,12.768,12.994,12.987,21.609,0.023814,0.053624,3.9669,7.4943,0.71617,0.89487,2.0675,10.154,0.18226,0.024478,0.24217,0.35889,0.0023999,0.11055,0.033236,1.8282,1.1925,0.72597,0.73971,0.6846,0.75824,0.94838,0.61031,0.70656,1.1352,1.1826,0.69398,0.99067,1.0129,34.756,37.271,32.773,33.574,21.552,13.56,19.451,16.753,5.0415,4.413,13.07,10.216,18.04,14.013,11.546,12.209,10.423,13.374,75.105,82.553,139.7,44.802,84.805,73.599,17.618,5.0033,28.101,27.409,12.177,11.79,3.8539,2.8623,13.731,8.8241,9.9541,3.8921,6.2527,3.6054,10.623,11.361,29.273,26.384,3.8106,13.614,12.224,6.9219,0.037359,0.08049,4.6254,4.7862,5.017,1.3184,4.2913,3.4016,3.8048,4.6529,4.4177,1.0082,0.17088,0.024728,0.091257,0.083942,0.11219,2.0265,0.034591,1.5416,0.64403,0.59211,0.80449,0.79642,0.89942,1.0184,0.64861,1.242,2.5342,0.89337,1.7156,0.88665,3.062,0.20307,3.3858,2.3634,0.67296,0.50238,1.0639,1.0833,10.414,79.395,84.015,50.147,75.861,118.78,73.38,1.962,1.2642,1.6483,0.92984,1.3417,0.62669,0.60171,0.79605,9.6523,12.969,13.262,13.003,13.692,12.883,10.77,13.07,10.288,8.9111
64.935,33.816,36.075,27.281,17.017,6.273,5.4942,14.818,2.0463,0.97545,135.82,53.397,1.8221,1.5384,21.637,10.508,4.4757,0,0.083731,0.58157,2.3643,4.9347,2.4829,1.2122,8.5853,45.284,38.403,8.7205,28.205,23.93,8.236,7.7388,2.9203,4.1706,4.5561,0.16052,3.471,1.2722,1.784,1.4351,2.3581,85.628,63.775,48.621,47.609,45.013,43.962,45.05,22.073,7.7553,22.665,35.425,39.645,31.314,27.953,9.9294,42.419,10.119,19.868,5.3288,2.1296,5.1224,2.49,1.2476,1.8997,1.5502,1.5071,1.8685,2.3062,2.4172,2.2638,6.4208,4.6131,4.5859,0.034888,0.93515,1.9917,7.7756,9.7087,1.6102,2.9323,4.5217,3.7896,3.8712,4.4672,4.0635,4.4537,3.9195,2.4402,2.215,2.3715,2.541,2.3977,2.1761,1.7889,4.0664,9.4767,10.259,6.3629,8.7478,8.4693,16.43,17.682,29.996,29.596,6.8804,3.4878,5.3982,4.9218,10.562,12.566,9.0103,3.4955,6.4498,3.7052,2.8144,3.1637,2.402,3.472,54.88,64.631,105.32,33.794,69.548,57.163,15.528,7.5233,41.299,50.149,8.537,11.368,14.07,14.496,19.627,10.574,26.806,15.759,1.6766,11.793,1.7284,2.0254,11.885,11.216,4.7882,8.3594,5.5804,1.769,4.8229,5.1773,0.017194,0.017616,0.016924,1.0367,0.15352,0.080281,0.027326,0.011319,0.0050613,2.2998,5.6189,4.6516,4.8123,3.7855,3.3415,3.3407,4.1353,3.214,2.1925,2.5186,2.4611,2.5685,2.8866,1.9447,2.138,2.2214,1.6925,3.2212,1.6044,8.9575,0.55023,5.893,12.45,0.401,7.7121,6.7281,8.3942,8.0929,2.2611,61.571,59.153,28.194,54.773,85.044,49.498,3.8319,2.6962,9.0929,8.7404,7.8503,5.526,6.6735,8.4794,2.0908,2.4016,2.4777,2.4064,2.6476,2.3434,2.3649,2.4161,2.1353,1.6819
66.437,36.607,38.256,27.448,18.265,6.4621,6.8712,17.046,1.973,1.5256,137.4,55.401,1.1591,0.93601,23.865,9.8239,5.2972,0.083731,0,0.2279,3.2374,6.271,3.3277,1.7999,9.9566,46.348,39.913,9.1752,27.673,26.212,8.0096,6.8179,3.2675,5.4281,5.833,0.13539,2.5398,0.78422,1.6894,0.82714,1.5538,87.719,66.708,51.264,49.861,47.837,46.894,47.701,22.144,8.7795,24.625,37.533,39.255,31.997,28.344,9.0342,41.553,9.005,19.093,4.2338,2.4367,4.109,1.6947,0.68913,1.186,0.99145,0.88712,1.2498,1.6417,1.7296,1.6991,5.574,5.514,5.5188,0.10083,0.46277,2.7248,8.4459,11.358,0.97613,3.5532,5.4171,4.738,4.8692,5.3103,4.9844,5.3545,5.1121,3.3565,3.0107,3.2065,3.4001,3.2421,3.0067,2.3129,5.1645,10.87,11.45,7.6447,10.128,9.8684,16.477,17.546,32.742,32.232,6.6026,3.7192,4.4503,3.7627,12.5,14.574,7.7426,2.5662,5.0681,2.6877,1.9272,2.2181,1.5913,2.4842,56.625,67.017,106.38,35.928,72.411,59.499,17.61,9.1944,40.584,51.107,7.3432,10.293,14.709,15.902,18.86,9.8313,28.1,16.765,1.1541,13.699,1.0791,1.3205,11.646,11.434,6.1382,9.7117,6.5506,2.4067,5.7525,6.1621,0.031195,0.024904,0.039168,1.3586,0.087926,0.22383,0.16411,0.035697,0.061861,2.5518,6.6792,5.5562,5.7908,4.6469,4.1338,4.4612,5.0013,4.2894,2.9606,3.351,3.3276,3.4549,3.8465,2.7328,2.8925,3.1001,2.527,4.2339,2.3873,10.263,1.0631,6.975,14.336,0.79322,9.0003,7.9596,9.8112,9.5163,1.475,63.873,60.325,28.379,56.385,85.534,50.447,5.0197,3.6659,10.656,10.093,9.326,6.7451,7.9395,9.7825,1.3435,1.7184,1.8085,1.727,1.9648,1.6788,1.5587,1.7444,1.3734,1.0206
70.783,42.17,43.109,29.143,21.372,7.638,9.5976,21.212,2.5034,2.8915,142.61,60.32,0.53405,0.40193,28.391,9.686,6.6406,0.58157,0.2279,0,4.8634,8.6862,4.8757,2.973,12.142,49.752,43.867,10.857,28.237,30.88,8.581,6.1387,4.5251,7.8665,8.3665,0.38579,1.2737,0.4712,1.6354,0.22674,0.60787,93.197,73.078,56.985,55.032,53.72,52.887,53.362,23.577,11.253,28.857,42.273,37.72,32.341,28.268,7.4131,39.237,7.0809,17.353,2.6105,3.0082,2.5868,0.68856,0.12593,0.40528,0.56828,0.28501,0.74327,1.0954,1.147,1.3562,4.9703,6.9999,7.068,0.5325,0.042128,4.0951,9.3608,14.065,0.37157,4.6242,6.8982,6.3757,6.6021,6.6951,6.5461,6.8504,7.2959,5.0725,4.4858,4.7465,4.9721,4.7995,4.5629,3.2967,7.0945,13.054,13.21,9.7806,12.322,12.117,17.739,18.54,38.137,37.493,7.0359,4.8316,3.5885,2.3706,15.877,17.923,5.6783,1.2974,3.2435,1.4695,0.85883,1.0588,0.62374,1.2973,61.189,72.648,110.5,40.668,78.776,64.948,21.715,12.251,38.516,51.607,5.3923,8.3704,15.364,17.911,17.138,8.4028,29.587,18.012,0.5199,16.853,0.46699,0.63068,12.315,12.828,8.6845,12.638,8.8432,3.9855,7.2803,7.7747,0.40611,0.39688,0.45317,2.0507,0.28507,0.7644,0.71947,0.4321,0.50534,3.018,8.4124,7.0467,7.4145,6.112,5.4978,6.5567,6.4511,6.2786,4.3801,4.8686,4.9254,5.0831,5.6,4.2273,4.2902,4.7616,4.2154,6.0657,3.9348,12.298,2.2481,8.7343,17.402,1.7188,11.065,9.9675,12.101,11.837,0.56144,69.34,64.096,30.119,60.753,88.558,53.738,7.2078,5.4711,13.212,12.233,11.775,8.8094,10.021,11.837,0.46724,1.1434,1.2729,1.1608,1.4193,1.1371,0.62246,1.1963,0.50521,0.2856
71.506,28.326,35.35,36.662,19.005,11.686,2.766,8.5555,7.1443,1.9508,147.28,55.945,8.2693,7.6543,17.888,20.689,0.96613,2.3643,3.2374,4.8634,0,0.68448,0.027471,0.24462,2.1738,52.266,42.112,13.427,40.857,20.308,16.064,17.924,6.3801,1.3409,2.0802,2.5359,9.7278,7.1041,3.1444,7.1761,8.8218,90.708,61.633,46.569,47.977,41.2,39.206,42.458,31.166,8.8958,21.127,35.084,35.382,23.05,21.401,13.135,40.316,14.7,20.312,11.708,1.4436,10.904,8.3916,6.4597,8.0705,7.7432,7.4285,8.4364,9.3284,9.5538,9.1098,15.951,0.82803,0.73352,2.2216,5.767,0.080062,3.6877,2.4983,7.7387,0.72187,0.79123,0.30671,0.26112,0.90008,0.48879,0.73992,0.3494,0.015713,0.034289,0.018551,0.024305,0.014347,0.0054463,0.5164,0.23371,2.7056,3.758,1.0339,2.2601,2.0534,24.722,27.03,24.023,24.442,14.565,7.7812,14.74,13.935,3.416,4.1145,15.068,9.7035,15.999,11.673,9.7464,10.395,8.8164,11.184,59.11,66.054,117.47,33.035,68.488,58.103,11.17,2.4033,38.523,38.572,14.207,15.347,8.6697,6.3055,20.065,12.687,16.739,8.6118,5.8185,3.6213,8.048,8.6898,20.602,17.69,1.2359,7.4193,6.3183,2.8318,0.87348,0.93915,2.6367,2.7238,2.7776,0.95675,2.8033,1.7882,1.9463,2.6152,2.4199,1.7586,1.017,0.84033,0.7497,0.48687,0.43899,0.30354,0.65558,0.15549,0.065985,0.048883,0.0074092,0.0092642,0.026243,0.022459,0.075106,0.017302,0.3801,0.066822,0.13272,2.5522,0.86071,1.1272,3.9639,0.82586,1.7891,1.3091,1.9798,1.795,8.6608,63.194,66.968,37.615,59.743,98.542,57.542,0.36877,0.041283,2.2135,2.3079,1.6131,0.70012,1.2204,2.2429,8.1308,9.5214,9.6489,9.5278,9.9668,9.3983,8.9282,9.5393,8.4655,7.3362
66.935,21.961,30.112,36.813,16.845,12.918,1.4628,4.7575,9.5603,2.9917,140.95,50.474,12.739,11.97,13.349,24.143,2.2041,4.9347,6.271,8.6862,0.68448,0,0.85672,1.7037,1.9824,49.393,38.354,13.763,42.949,15.506,18.31,22.362,7.5312,0.56466,1.1188,5.5557,15.369,11.028,6.7528,11.625,13.874,84.13,53.687,39.799,42.122,34.197,32.037,35.815,31.802,7.9169,17.045,30.037,41.88,26.27,25.326,19.528,48.157,21.596,27.018,17.995,3.9863,17.028,13.573,10.86,12.832,11.854,11.874,12.686,13.634,13.922,13.052,20.274,1.8166,1.6093,4.9184,9.9211,1.2135,5.7247,1.3862,12.182,2.4097,1.7867,1.0088,0.79461,2.0648,1.3322,1.7079,0.061684,0.53866,0.98666,0.85875,0.81216,0.82408,0.80992,2.3302,0.41656,2.5294,4.3431,0.89481,2.055,1.7479,25.696,28.454,17.983,18.616,17.067,9.1673,19.539,19.709,1.0836,1.8787,22.167,15.351,22.541,17.167,15.005,15.808,13.91,16.631,54.224,59.327,113.1,28.002,60.513,51.725,7.4176,0.58368,45.935,41.624,21.114,22.26,11.224,6.4964,26.738,18.768,17.945,10.153,10.385,1.7301,12.498,13.269,22.64,18.489,0.28875,5.6906,5.6829,3.4827,1.7916,1.7132,5.4217,5.5111,5.4866,3.2591,5.9103,4.3037,4.4276,5.3617,5.0874,4.4877,1.5844,1.8215,1.4975,1.4963,1.6185,0.15806,1.6992,0.204,1.1174,0.93391,0.7462,0.6964,0.49627,0.93038,1.164,0.63152,0.91442,0.40455,0.92869,2.6341,2.2535,1.6528,2.2442,2.6864,1.7992,1.4058,1.599,1.3533,13.656,56.758,63.4,37.681,55.187,96.133,54.838,0.069637,0.41008,1.3645,2.1994,0.93577,0.67345,1.1836,2.2835,13.071,13.876,13.93,13.867,14.261,13.695,13.959,13.845,13.381,12.033
74.296,29.997,37.341,38.449,20.461,12.613,3.3274,9.3675,7.6811,2.3291,151.25,58.451,8.3872,7.7722,19.26,21.614,0.67485,2.4829,3.3277,4.8757,0.027471,0.85672,0,0.23515,1.9065,54.613,44.273,14.522,42.519,21.775,17.023,18.561,7.0649,1.7338,2.5758,2.524,9.4756,7.2984,2.8212,7.2036,8.7708,93.883,64.225,48.828,50.298,43.287,41.214,44.606,32.77,9.8897,22.667,37.07,33.443,21.529,19.906,12.246,38.278,13.851,18.954,11.284,1.1543,10.446,8.2261,6.4295,8.0647,7.9316,7.4815,8.6353,9.5726,9.7954,9.4367,16.533,0.57243,0.50184,2.2788,5.7572,0.03744,3.0829,2.3924,7.8208,0.47568,0.54104,0.17642,0.163,0.62247,0.30448,0.50009,0.49789,0.082403,0.0081268,0.0018337,0.00063018,0.0024374,0.024085,0.36114,0.20821,2.3848,3.2504,0.89881,1.9863,1.819,26.118,28.437,25.533,26.001,15.429,8.5107,15.156,14.02,3.6771,4.1693,14.361,9.4427,15.931,11.697,9.6987,10.343,8.7466,11.188,61.672,68.775,120.96,34.96,71.236,60.656,12.228,2.7902,36.519,36.647,13.503,14.41,7.7339,5.6832,18.716,11.741,15.563,7.7354,5.5935,3.613,8.1541,8.805,21.743,18.89,1.5804,8.3497,7.1564,3.3365,0.61614,0.68474,2.7272,2.8254,2.9096,0.82069,2.8032,1.8333,2.0303,2.7148,2.5169,1.4343,0.77359,0.58332,0.52694,0.29147,0.24767,0.48295,0.42546,0.27503,0.018142,0.003085,0.0067338,0.0093602,0.04903,0.044601,0.024912,0.087255,0.59513,0.088351,0.24921,2.2055,1.045,0.87381,3.8623,0.88842,1.5292,1.0925,1.7677,1.6167,8.6177,65.857,69.632,39.431,62.31,101.64,59.984,0.5352,0.12181,2.0755,2.0134,1.5123,0.60068,1.0383,1.9313,8.0549,9.7646,9.9207,9.776,10.255,9.6498,8.897,9.7973,8.4364,7.2792
72.222,31.54,37.43,35.278,19.579,10.534,3.7678,10.984,5.6237,1.553,147.85,57.601,5.8158,5.3064,20.189,18.016,1.1928,1.2122,1.7999,2.973,0.24462,1.7037,0.23515,0,3.3535,52.319,42.984,12.701,38.282,22.682,14.181,14.903,5.559,2.1726,2.9225,1.2236,6.8906,4.9384,1.7816,4.839,6.1603,92.361,64.886,49.394,50.105,44.379,42.591,45.321,29.655,9.1847,22.925,37.036,33.87,23.314,21.151,10.505,37.997,11.68,17.998,8.6247,0.77326,7.9706,5.7716,4.2218,5.5566,5.4554,5.0646,6.0418,6.8435,7.0293,6.7804,13.072,1.1853,1.1409,1.0524,3.6747,0.096348,3.7221,4.1263,5.3438,0.58886,1.1376,0.7182,0.75175,1.1615,0.86465,1.0934,1.1234,0.32662,0.15605,0.20652,0.25606,0.21775,0.1778,0.19384,0.88244,3.9356,4.6777,2.0277,3.4564,3.2741,23.216,25.201,27.197,27.414,12.613,6.7482,11.723,10.624,5.4643,6.3308,11.748,6.8715,12.335,8.6227,6.9397,7.4876,6.1481,8.1905,60.298,68.327,117.25,35.047,71.584,60.327,13.288,3.9574,36.459,39.407,11.015,12.414,8.7246,7.6257,17.764,10.336,17.992,9.2943,3.6876,5.6729,5.6211,6.1639,18.654,16.527,2.2397,8.2946,6.5484,2.558,1.281,1.4422,1.3695,1.4424,1.5153,0.2774,1.4178,0.75699,0.89452,1.364,1.2258,1.0001,1.6491,1.2042,1.2348,0.76147,0.59232,0.94496,0.94616,0.73181,0.14445,0.2391,0.24672,0.28313,0.42325,0.1199,0.13048,0.26192,0.51492,0.55598,0.19992,3.6346,0.44171,1.7995,6.0035,0.22422,2.8222,2.2337,3.2267,3.0454,6.0292,65.333,67.137,36.254,60.701,97.423,57.371,1.1303,0.4422,3.6976,3.4617,2.9372,1.5764,2.1973,3.3137,5.5743,7.0042,7.1496,7.0161,7.4401,6.9117,6.2587,7.0388,5.8729,4.9252
91.885,34.769,46.8,55.135,30.385,23.574,6.8336,10.897,17.195,8.1507,176.26,72.038,17.661,16.788,24.467,36.275,0.95039,8.5853,9.9566,12.142,2.1738,1.9824,1.9065,3.3535,0,71.16,57.702,25.446,61.367,27.371,29.957,32.338,15.761,4.6425,6.0753,8.2338,17.463,16.329,6.7843,15.651,17.538,111.5,74.433,58.081,61.621,50.643,47.593,53.098,48.673,17.734,30.109,46.814,28.065,14.324,14.113,15.903,34.274,18.699,19.022,18.835,3.6308,17.43,16.204,14.288,16.744,17.225,16.147,18.252,19.682,19.986,19.664,29.629,0.74362,0.69422,8.0544,13.383,2.32,1.9445,0.3613,16.737,1.8998,0.77124,0.96792,0.95459,0.89532,0.85845,0.77517,2.0792,2.3026,2.1322,2.021,1.8712,2.0128,2.2937,2.794,1.0502,0.034079,0.53558,0.24054,0.00084392,0.010231,40.757,43.932,29.435,30.689,27.96,17.992,27.598,25.186,2.8253,1.668,20.794,17.366,27.046,21.865,18.84,19.703,17.418,21.093,76.742,82.15,145.03,44.191,82.765,73.138,15.995,3.9002,32.095,25.628,19.646,18.522,4.5572,1.3016,18.807,14.372,8.0198,3.3839,12.021,1.1345,17.293,18.239,35.929,31.511,3.7786,14.38,14.208,9.6151,0.65415,0.50731,8.9413,9.1411,9.3612,4.2397,8.7625,7.1996,7.6801,8.945,8.5922,3.9157,0.34733,0.72979,0.5834,1.0259,1.3026,2.5736,0.91235,2.1649,2.1176,1.8421,1.997,1.9199,1.7954,2.5181,2.1666,2.4888,4.1361,1.6022,3.3632,0.059468,5.753,0.28935,0.85324,5.3108,0.02526,0.11354,0.028713,0.072195,17.36,79.208,87.803,56.241,77.969,125.57,77.649,2.2548,2.2055,0.20301,0.006807,0.2533,0.44309,0.13906,0.024582,16.416,19.947,20.231,19.975,20.731,19.807,17.803,20.028,17.168,15.399
1.9267,18.234,6.6884,4.0723,8.5734,18.404,33.988,33.944,29.957,36.093,24.332,2.6376,46.313,46.097,17.721,21.765,67.43,45.284,46.348,49.752,52.266,49.393,54.613,52.319,71.16,0,1.2758,14.286,9.3265,16.184,18.616,30.594,25.207,39.466,35.651,50.689,62.888,42.816,65.04,49.704,53.638,7.4144,10.47,8.7008,4.7226,12.348,14.69,9.6956,6.2404,18.074,11.56,6.1257,169.02,144.72,139.95,95.574,175.36,93.884,124.93,71.666,64.435,72.934,58.49,51.944,51.419,43.257,48.713,43.078,41.599,41.793,38.265,31.648,66.187,65.212,47.822,50.889,54.622,83.457,65.953,47.605,63.811,65.868,60.263,59.076,66.883,62.728,65.38,49.196,50.777,54.237,54.049,54.531,53.888,52.394,58.821,56.395,74.277,82.514,63.4,71.596,69.722,9.1443,9.7139,20.99,18.463,21.101,23.81,37.315,50.231,52.026,62.595,86.776,63.266,57.777,51.656,53.868,54.341,54.448,52.31,1.48,5.4399,13.045,7.0364,9.7487,4.8335,24.365,43.521,173.01,180.42,86.235,98.769,103.33,91.709,124.33,98.75,126.67,102.98,60.425,64.305,46.719,46.582,14.753,12.198,42.175,21.656,22.248,31.782,66.501,66.795,46.383,45.918,44.683,57.057,50.152,48.45,46.792,46.011,46.147,65.984,66.866,66.288,65.122,62.841,62.153,47.266,64.623,49.553,55.076,55.389,53.513,53.611,53.077,51.972,55.103,50.382,43.838,53.521,47.746,74.726,43.605,67.577,68.773,48.33,69.89,67.062,68.749,67.065,53.236,4.6844,0.9279,3.7654,1.0562,8.1829,0.17163,48.366,50.522,66.561,72.415,63.694,61.029,65.625,72.8,54.459,41.715,40.632,41.52,40.112,41.339,52.83,41.133,52.559,53.369
3.9627,9.8662,2.1467,5.6013,4.5497,15.373,24.837,23.085,25.816,28.915,32.267,1.4092,42.075,41.644,9.7883,21.817,55.796,38.403,39.913,43.867,42.112,38.354,44.273,42.984,57.702,1.2758,0,11.184,12.686,8.5523,17.221,29.979,20.349,29.858,26.51,43.513,57.668,38.356,56.485,44.799,49.019,9.3779,6.4056,3.922,1.6537,6.0318,7.5784,4.3103,7.1609,12.431,5.4484,1.8225,153.08,127.15,123.55,86.903,160.59,86.196,113.38,66.125,54.634,66.929,53.242,46.563,46.716,39.017,43.983,39.106,38.025,38.287,34.769,30.48,54.457,53.494,40.685,45.309,44.599,70.722,52.352,43.077,53.123,54.186,49.019,47.824,55.244,51.3,53.732,38.542,40.675,44.078,43.8,44.16,43.63,42.345,48.951,45.167,60.462,68.442,50.95,58.073,56.337,9.063,10.343,11.936,10.053,19.394,19.595,35.642,47.578,39.318,48.563,80.372,57.995,55.117,48.186,49.559,50.216,49.753,48.626,1.4727,3.9821,20.313,2.3211,6.7461,2.6732,15.31,32.416,157.88,159.78,79.589,90.488,88.977,76.276,112.8,89.238,108.74,87.634,53.899,50.307,42.371,42.478,14.356,10.484,31.987,14.517,15.982,24.954,54.66,54.775,39.603,39.22,38.09,48.003,43.182,40.974,39.543,39.242,39.249,56.195,54.636,54.538,53.288,51.565,51.143,37.029,53.15,39.163,44.902,44.997,43.236,43.267,42.591,42.092,44.965,40.431,34.8,42.842,38.377,61.088,35.547,55.217,54.356,40.064,56.765,54.365,55.417,53.887,48.594,3.2207,3.4789,5.3898,1.5385,15.422,2.3554,37.822,40.303,53.1,58.88,50.735,48.987,52.986,59.353,49.508,38.203,37.219,38.021,36.833,37.803,48.321,37.657,47.905,48.211
