0,13.091,11.548,22.102,24.576,9.99,8.0588,11.787,14.576,16.191,12.168,242.01,98.387,53.902,31.106,27.094,20.925,19.496,21.22,22.148,23.939,16.515,5.718,9.2502,1.6857,6.0205,8.7258,3.2645,8.5794,0.21646,0.6431,10.267,5.7939,5.5474,5.6948,18.249,9.2507,13.598,14.888,15.379,18.74,17.979,17.345,21.716,23.642,13.767,20.886,23,22.413,22.096,26.564,27.63,25.953,26.476,27.727,21.221,26.578,26.243,26.057,26.439,17.285,14.151,16.975,6.4359,6.7203,10.294,8.3447,10.253,8.6636,9.388,9.7279,14.267,14.615,15.468,21.273,26.749,19.574,9.3293,20.433,25.738,23.332,23.685,270.62,283.68,134.93,119.15,72.058,99.616,50.658,71.529,54.338,55.986,44.352,55.03,41.88,30.727,38.993,18.139,6.8272,22.324,21.811,6.9861,8.4592,1.8417,2.0498,4.3701,10.662,8.6648,8.1135,17.217,20.867,10.04,9.4194,18.453,16.777,21.379,20.741,22.259,21.275,21.988,22.03,22.107,22.591,22.252,20.864,27.77,28.391,24.894,20.685,28.622,10.79,12.807,10.144,10.202,18.96,17.695,15.221,22.119,27.282,23.034,23.329,75.267,91.647,57.464,57.717,49.994,39.427,19.788,25.88,17.127,30.237,27.278,22.13,22.485,13.997,15.97,15.213,15.028,15.263,43.38,38.26,22.267,20.784,22.517,19.089,21.819,17.578,15.115,18.183,21.431,20.554,21.695,21.777
13.091,0,22.563,4.3656,26.604,5.9169,4.9872,5.8673,9.0276,13.423,15.637,195.43,71.007,47.719,9.9765,5.2267,26.775,24.259,25.762,27.651,65.43,57.79,36.11,39.8,23.016,34.233,3.5875,23.284,40.966,9.9498,8.5748,0.50933,1.7645,13.145,19.083,2.8609,2.1062,28.762,31.013,27.526,34.758,0.76162,34.595,39.827,2.9513,0.82444,1.9604,2.9045,2.5756,2.5629,19.722,19.787,18.782,19.25,19.222,13.72,19.706,18.552,18.624,17.95,8.8722,5.5752,16.343,3.6647,2.238,18.137,7.9626,10.959,3.9967,5.3451,5.7402,8.9922,9.0143,9.6179,5.4242,4.9623,14.312,19.176,2.9282,5.9691,3.6984,4.0073,228.22,222.45,111.76,76.022,37.438,63.989,39.887,38.405,29.006,27.188,51.794,39.55,24.767,10.565,12.903,25.541,16.841,27.584,26.825,1.7166,0.52536,24.646,5.8905,2.9154,33.031,0.5254,0.81694,1.2896,1.7979,18.567,24.543,32.749,29.977,2.2812,1.6986,2.4918,39.6,2.2616,2.4716,2.5145,2.728,2.5357,15.872,20.757,20.835,18.672,23.798,27.433,7.9342,3.4246,5.3067,5.8527,11.059,7.432,9.1511,4.0136,5.8335,3.847,3.9833,54.282,50.411,34.89,33.799,24.835,16.497,12.032,31.959,26.437,24.332,25.913,2.6072,2.7136,8.7241,9.7177,9.3079,9.3519,9.543,17.427,18.239,27.001,27.39,26.78,34.461,39.521,3.2652,9.1587,37.33,26.136,2.5957,2.5109,29.304
11.548,22.563,0,17.741,3.3109,6.0303,6.4596,6.8599,5.5623,3.6284,1.1138,159.49,51.25,17.589,19.918,22.748,1.6704,1.5152,1.9374,2.0245,57.524,38.148,18.368,34.723,18.112,10.059,29.276,4.9853,13.449,11.265,9.2957,16.312,18.987,1.5607,1.1077,16.288,11.094,0.41296,0.70062,0.30883,1.3315,22.65,1.288,2.4547,23.306,17.104,22.145,22.419,22.504,22.048,7.0312,7.7969,7.0726,7.2119,8.184,6.6037,7.0496,7.4159,7.2359,7.9096,7.4372,8.5595,2.6648,8.078,10.732,0.26017,3.8672,2.4919,7.7973,6.4082,6.1134,5.4143,5.5952,5.6356,14.967,22.829,5.1175,0.15919,18.728,19.361,20.791,20.561,179.21,198.94,72.634,74.312,43.616,57.404,17.599,41.866,28.213,32.107,10.662,21.782,17.542,18.645,26.37,0.889,0.67212,2.1042,2.0074,22.094,17.445,15.512,8.4981,18.653,2.6087,16.91,15.206,19.247,22.714,0.19721,0.43114,1.027,0.59508,21.831,22.895,22.529,2.3876,22.863,22.231,22.216,22.31,22.376,5.0847,7.3991,7.8276,6.3627,2.091,5.3619,4.5773,10.531,6.7166,6.1729,6.8534,9.1201,5.8461,18.465,21.727,20.028,20.123,34.769,58.662,27.18,28.287,26.708,22.201,6.7292,3.0509,0.57283,7.5571,4.9997,21.964,22.188,5.4728,5.8669,5.7192,5.5755,5.5694,26.253,18.997,2.1678,1.5462,2.3099,1.3065,2.3947,14.77,5.7762,1.8949,1.9615,19.727,21.594,1.7129
22.102,4.3656,17.741,0,14.899,3.5754,4.1628,2.7159,3.5253,6.2007,10.116,141.4,40.261,26.103,1.1577,0.32849,16.751,14.841,15.55,17.072,91.099,76.413,48.033,59.273,35.97,40.814,15.499,27.432,48.582,18.228,15.211,3.2985,9.5007,12.315,18.658,0.21223,2.77,23.522,25.31,20.783,27.149,1.7679,27.941,31.403,0.56212,1.6066,0.73886,0.44931,0.54943,0.49441,7.8735,7.6314,7.2741,7.5093,7.1494,4.6717,7.8559,7.0063,7.1161,6.4747,2.5054,1.6861,8.3735,4.7829,4.524,13.789,5.8002,7.011,3.3939,3.583,3.6126,3.6205,3.5014,3.595,0.16371,0.3259,5.6507,15.597,0.15277,0.15387,0.15338,0.11413,169.51,165.19,72.661,44.566,16.722,35.055,19.582,17.167,10.866,9.9135,33.502,18.517,8.7523,1.3482,2.5921,16.897,15.054,16.916,16.37,10.415,5.2801,36.175,10.696,11.629,31.747,4.8185,4.5434,0.91358,0.90305,14.42,21.762,24.905,22.72,0.56333,0.98775,0.57939,31.424,0.70985,0.54633,0.53062,0.47991,0.5447,6.4699,8.3938,8.2878,7.4924,13.804,14.136,4.4294,1.377,3.1779,3.434,3.432,1.5704,3.3683,0.014404,0.28081,0.087319,0.085328,28.271,26.161,14.669,13.903,8.3841,3.8969,3.8657,19.866,18.452,10.759,13.169,0.47095,0.46843,3.5451,3.4836,3.4768,3.5752,3.6189,4.4894,4.8245,16.335,17.475,15.989,26.549,30.949,0.25969,3.4123,30.789,15.836,0.27591,0.45735,19.024
24.576,26.604,3.3109,14.899,0,7.6107,9.2795,7.4839,4.6976,2.2378,2.2623,116.96,28.599,5.8065,13.335,18.621,0.34274,0.34812,0.19012,0.2471,88.071,63.935,37.23,58.669,35.628,24.859,40.149,16.318,29.879,23.048,19.576,20.047,27.316,6.7737,7.8926,15.122,13.994,4.376,4.5702,2.5901,3.9026,23.517,4.7747,4.9514,21.121,18.781,21.138,20.324,20.754,20.338,1.6316,1.9673,1.827,1.7981,2.2612,2.9288,1.6426,2.0282,1.9316,2.39,5.3509,8.0934,1.2548,12.264,15.315,3.1753,6.3965,4.0712,10.407,8.3828,7.856,4.6984,4.7116,4.3548,11.95,18.896,2.2044,4.0389,17.001,15.093,18.071,17.598,134.48,150.95,45.345,47.649,26.046,34.113,5.6612,24.284,14.452,18.147,4.1625,8.3008,7.0493,12.013,17.675,0.83244,5.788,0.2132,0.20317,30.788,22.904,32.406,16.636,28.215,10.836,22.014,20.12,19.479,21.893,3.4009,6.0297,3.054,2.7681,20.453,22.203,20.871,5.098,21.455,20.611,20.55,20.406,20.677,1.737,1.6174,1.8005,1.5499,0.16831,0.26357,5.6533,11.116,8.2676,7.6395,4.0394,6.956,4.6766,15.784,17.257,17.265,17.232,16.722,37.243,12.647,13.67,14.116,12.685,3.5867,0.39095,1.3856,1.2148,0.23187,20.211,20.307,4.8861,4.3547,4.5543,4.4986,4.384,15.832,9.5899,0.15964,0.46079,0.11238,3.5295,4.7002,13.606,4.6566,5.8827,0.19158,18.202,19.973,0.59031
9.99,5.9169,6.0303,3.5754,7.6107,0,0.13262,0.079827,0.57298,1.6854,2.3764,157.77,47.62,22.672,6.3089,6.07,7.5191,6.2166,7.003,7.9956,64.754,49.825,26.884,38.423,19.684,20.552,13.211,11.395,26.156,7.8613,5.717,3.0007,6.4124,2.6208,5.9108,2.6279,0.97724,9.5873,10.842,8.3746,12.641,5.3395,12.828,15.744,5.8059,2.8976,5.1048,5.3738,5.3584,5.14,5.2866,5.5601,4.8787,5.1316,5.4342,2.5764,5.2849,4.8857,4.8601,4.7811,1.0297,0.42262,2.6867,0.6916,1.4001,3.7859,0.27449,0.81726,0.22179,0.020855,0.0026372,0.52938,0.57647,0.77677,2.6916,6.0375,2.3867,4.5693,3.6855,4.7347,4.7772,4.7437,183.43,189.18,77.363,60.247,28.432,46.884,18.652,28.057,17.776,18.707,23.006,20.051,11.407,5.9655,10.301,6.9112,4.0288,7.9647,7.5595,8.0336,4.1136,19.034,3.2819,7.2233,14.188,3.7377,2.9865,3.7306,5.3618,4.0644,7.9733,11.299,9.7259,4.9956,5.4414,5.3572,15.664,5.4841,5.2123,5.2121,5.2912,5.2912,3.0247,5.8716,6.0446,4.6105,6.0262,8.4747,0.14864,0.63492,0.018816,0.0015108,1.6213,1.1025,0.67873,3.8044,5.7667,4.4635,4.5386,32.475,41.204,20.01,19.974,15.288,9.8124,1.9503,10.408,7.4862,7.5868,7.6293,5.1075,5.2312,0.46306,0.86789,0.69735,0.67678,0.7364,11.992,9.1542,7.663,7.8471,7.5608,12.368,15.499,2.0864,0.66399,14.674,7.1977,4.0727,4.9183,8.889
8.0588,4.9872,6.4596,4.1628,9.2795,0.13262,0,0.36476,1.2531,2.6342,2.9858,167.01,52.755,26.087,7.6785,6.7816,8.8718,7.4757,8.3983,9.4454,59.768,46.035,24.317,34.576,17.017,18.908,10.937,10.231,24.303,6.0817,4.2304,2.3107,4.8374,2.4017,5.5755,2.9052,0.62588,10.053,11.378,9.1199,13.502,5.0127,13.516,16.725,6.0827,2.5736,5.1693,5.6569,5.5667,5.353,7.0525,7.3862,6.5896,6.8824,7.2516,3.8733,7.0512,6.6072,6.5731,6.4972,1.8798,0.85429,3.7445,0.22744,0.75218,4.1609,0.34653,1.1829,0.064707,0.055069,0.098317,1.1852,1.2589,1.5476,3.4152,6.704,3.5997,4.7976,4.0016,5.5844,5.2412,5.2671,193.42,199.08,83.879,65.632,31.928,51.78,21.883,31.629,20.759,21.572,25.747,23.443,13.963,7.3947,11.964,8.0174,3.952,9.4314,8.9922,6.3058,3.0756,16.596,2.1388,5.4616,13.925,2.7796,2.1175,3.6274,5.3722,4.3996,8.0232,12.214,10.55,5.1457,5.4204,5.5457,16.601,5.6111,5.4013,5.4113,5.5373,5.4925,4.3609,7.726,7.9347,6.2579,7.3963,10.44,0.46835,0.76122,0.12165,0.14946,2.6806,1.8822,1.4107,4.3328,6.5857,4.9602,5.06,36.756,45.353,23.323,23.243,17.984,11.837,3.1,12.109,8.4652,9.6372,9.5019,5.3319,5.4761,1.0862,1.6778,1.4361,1.4045,1.4894,14.099,11.293,9.1337,9.1752,9.0566,13.285,16.509,2.4154,1.3888,15.328,8.6066,4.3154,5.126,10.271
11.787,5.8673,6.8599,2.7159,7.4839,0.079827,0.36476,0,0.372,1.5455,2.7127,152.16,44.576,21.451,4.9752,4.9314,7.7231,6.3926,7.1174,8.145,69.262,53.892,29.891,41.9,22.213,23.103,14.096,13.31,29.02,9.4131,7.0611,3.0539,7.1093,3.4898,7.1502,2.0133,1.0569,10.639,11.923,9.1547,13.6,4.8386,13.918,16.778,4.8905,2.6382,4.366,4.4899,4.5161,4.3132,4.6214,4.8164,4.2147,4.45,4.656,2.0426,4.6178,4.1883,4.1804,4.0404,0.60496,0.1392,2.6289,1.0601,1.7377,4.4549,0.58565,1.0845,0.37218,0.13782,0.10061,0.3527,0.3717,0.52599,1.8903,4.9196,2.0101,5.4049,2.9368,3.6655,3.8545,3.7972,177.78,182.49,74.062,56.22,25.567,43.458,17.237,25.25,15.623,16.4,22.801,18.31,9.8744,4.6654,8.5803,7.2919,4.9837,8.0942,7.6873,8.7151,4.3955,21.564,4.2701,8.1336,15.912,3.9792,3.2438,3.2224,4.6343,4.7866,9.1726,12.141,10.537,4.2163,4.7268,4.526,16.725,4.6773,4.3928,4.387,4.4338,4.4582,2.6191,5.1649,5.2942,4.023,6.0686,8.0587,0.23025,0.41564,0.066,0.060117,1.1503,0.59811,0.42948,2.9452,4.6131,3.5543,3.6116,30.102,37.729,17.895,17.798,13.249,8.1407,1.4551,10.499,8.0211,6.8724,7.2365,4.2773,4.3795,0.29823,0.58026,0.45499,0.45144,0.49944,10.12,7.6065,7.7612,8.1028,7.6232,13.27,16.499,1.5143,0.42377,15.884,7.3164,3.3247,4.1134,9.1774
14.576,9.0276,5.5623,3.5253,4.6976,0.57298,1.2531,0.372,0,0.45747,1.7182,139.76,37.981,16.197,4.6557,5.8607,5.1892,4.1181,4.6156,5.4649,75.199,57.69,32.386,46.692,25.643,24.115,19.018,14.138,30.062,12.208,9.4768,5.5042,10.68,3.6464,7.0345,3.1868,2.6788,8.9297,10.006,7.1929,11.108,7.2545,11.634,13.894,6.5062,4.6931,6.2178,6.0447,6.1843,5.9478,2.3981,2.5678,2.1179,2.2858,2.4781,0.72027,2.3962,2.1157,2.1017,2.044,0.16469,0.46744,1.1665,2.5217,3.6733,3.5192,0.88098,0.75947,1.4374,0.806,0.6533,0.0018562,5.2913e-05,0.015537,2.297,5.9234,0.65302,4.5673,4.2164,4.1709,5.0446,4.8838,163.67,170.11,64.627,50.486,22.534,37.982,12.697,21.956,12.742,14.021,17.631,13.87,7.0805,4.158,8.1443,5.0735,4.6825,5.4037,5.0785,12.665,7.3219,24.458,6.4065,11.827,14.919,6.7785,5.8123,5.1275,6.5959,3.8658,8.2177,9.6947,8.346,5.9282,6.7427,6.2243,13.903,6.483,6.0728,6.0515,6.036,6.129,1.017,2.7961,2.9062,1.9619,3.731,5.0058,0.2845,1.362,0.67646,0.54861,0.28998,0.43887,0.007434,3.8919,5.3138,4.6482,4.6741,24.518,34.069,14.189,14.284,10.872,6.7885,0.41971,7.3171,5.8735,4.0577,4.3648,5.8904,5.9763,0.0062092,0.032751,0.0068932,0.0043178,0.010249,8.8712,5.8062,5.1072,5.5503,4.9633,10.729,13.598,2.5052,0.0050415,13.505,4.7764,4.7746,5.7286,6.4504
16.191,13.423,3.6284,6.2007,2.2378,1.6854,2.6342,1.5455,0.45747,0,0.76519,133.03,34.774,12.242,6.6132,9.0309,2.6042,1.8721,2.182,2.7784,77.052,57.603,32.12,48.515,27.079,22.693,24.287,13.312,28.279,14.141,11.231,8.9391,14.607,3.3631,5.9622,5.9768,5.1114,6.2321,7.0293,4.5452,7.6145,11.353,8.2156,9.8462,10.195,8.0624,9.9588,9.6226,9.8421,9.5463,1.2804,1.5201,1.1467,1.2581,1.5571,0.48927,1.283,1.2153,1.1715,1.2878,0.82653,1.8484,0.16719,4.3998,6.145,2.2125,1.4683,0.67715,3.1292,2.0759,1.8123,0.45318,0.46274,0.37436,4.4276,9.1542,0.18156,3.1638,7.3008,6.7572,8.2453,7.994,154.97,164.76,58.427,49.535,23.264,36.568,9.8245,22.306,12.745,14.806,12.483,11.528,6.3975,5.8532,10.457,2.6331,3.7546,2.7305,2.5029,17.054,11.023,25.265,8.2864,15.626,12.206,10.382,9.1259,8.6378,10.451,2.509,6.2149,6.4035,5.3898,9.557,10.645,9.903,9.8908,10.256,9.7153,9.683,9.6356,9.7777,0.29591,1.5612,1.7042,0.93499,1.5809,2.6015,0.88145,3.3842,1.9675,1.6825,0.5195,1.5305,0.46769,6.7274,8.2354,7.7193,7.7312,21.64,34.84,13.179,13.575,11.321,7.9681,0.47529,4.1173,3.32,2.311,2.143,9.4683,9.5624,0.51129,0.39506,0.42794,0.40488,0.37638,10.427,6.3041,2.5164,2.878,2.4109,7.251,9.572,5.0277,0.4577,9.8224,2.2926,8.0573,9.2769,3.5324
12.168,15.637,1.1138,10.116,2.2623,2.3764,2.9858,2.7127,1.7182,0.76519,0,147.17,42.845,14.859,11.627,13.915,1.6426,1.1093,1.5287,1.9367,65.389,46.519,23.988,39.779,20.906,15.453,24.144,8.097,20.022,10.928,8.5473,10.522,14.529,1.3163,2.5829,9.235,6.2666,2.8162,3.4322,1.9207,4.185,14.747,4.4371,6.0076,14.626,10.512,13.905,13.925,14.054,13.693,3.31,3.7977,3.2244,3.3658,3.9775,2.4561,3.3193,3.413,3.3082,3.6595,2.7963,3.6683,0.50841,4.5376,6.5796,0.37541,1.3159,0.41466,3.8228,2.7165,2.468,1.6425,1.7361,1.7422,7.986,14.001,1.6159,0.81835,11.044,11.239,12.525,12.31,168.52,182.44,66.18,61.199,32.206,46.356,13.374,30.952,19.406,22.181,11.786,16.191,11.05,10.679,16.699,1.2188,1.2366,1.95,1.7617,17.183,12.047,18.868,6.6599,14.896,6.8719,11.488,10.085,11.846,14.404,0.50303,2.6228,3.3787,2.5674,13.579,14.579,14.09,5.9853,14.407,13.857,13.836,13.87,13.959,1.7252,3.6678,3.9469,2.7748,1.2324,3.4691,1.3863,5.2468,2.8143,2.4416,2.4693,3.8783,1.8668,10.698,13.075,11.915,11.973,27.916,45.537,19.376,20.05,17.816,13.671,2.433,3.26,1.4269,4.2596,3.0086,13.618,13.776,1.6858,1.8691,1.7937,1.715,1.7075,16.836,11.415,1.8542,1.7382,1.8639,3.9894,5.8362,8.0709,1.8285,5.609,1.6094,11.869,13.344,2.2132
242.01,195.43,159.49,141.4,116.96,157.77,167.01,152.16,139.76,133.03,147.17,0,32.035,71.484,117.12,138.3,128.67,130.06,126.28,125.82,407.76,353.35,286.11,339.91,278.93,248.57,249.89,220.64,262.59,233.66,221.21,185.82,220.48,176.22,185.43,151.52,173.58,163.34,162.62,151.83,153.71,173.49,160.01,153.59,152.79,172.5,159.73,152.37,154.91,154.65,108.22,106.14,109.5,108.42,106.06,120.73,108.19,108.97,109.32,108.76,133.58,146.7,131.21,178.6,184.75,157.89,161.38,152.64,167.32,161.04,159.02,140.62,139.67,136.87,136.71,139.78,124.11,164.24,150.53,133.18,145.98,143.98,2.1908,4.1254,17.819,30.739,64.272,36.202,71.877,61.935,73.88,77.449,98.998,66.236,84.577,115.16,109.64,136.75,173.81,125.15,125.77,226.69,199.06,271.26,205.97,228.38,194.59,195.98,192.6,164.97,161.72,159.73,175.43,149.96,150.97,156.74,162.84,155.59,155.03,157.76,155.51,155.16,153.59,155.12,120.79,105.82,104.62,111.67,125.61,106.89,152.19,156.69,158.49,157.16,127.46,135.3,137.97,143.44,134.61,144.75,143.95,47.379,53.129,66.238,67.167,80.934,98.368,124.86,120.15,142.21,101.48,109.03,154.25,153.61,141.63,135.52,137.82,138.25,137.46,96.752,95.001,124.52,130.08,123.42,151.33,152.26,149.67,138.23,163.68,126.08,153.18,154.73,129.67
98.387,71.007,51.25,40.261,28.599,47.62,52.755,44.576,37.981,34.774,42.845,32.035,0,10.404,28.153,39.693,34.989,35.169,33.445,33.64,214.09,177.46,130.2,164.96,123.03,106.72,104.21,87.259,116.94,92.848,85.04,64.404,84.979,58.914,65.449,45.394,56.76,54.956,55.123,48.093,51.037,58.692,54.58,52.363,47.537,57.04,51.029,47.108,48.498,48.255,22.768,21.754,23.292,22.811,21.654,28.425,22.753,23.004,23.184,22.841,34.795,41.736,34.223,59.38,63.082,49.363,49.719,45.156,52.973,49.429,48.308,38.433,37.934,36.483,37.283,40.492,30.198,53.201,45.332,36.268,43.326,42.208,44.783,48.478,5.5706,5.0093,9.0965,1.9776,8.8198,7.6396,9.5586,11.948,25.648,6.3592,12.552,26.922,25.852,39.152,58.22,33.254,33.415,89.125,72.18,118.52,75.575,89.68,74.192,70.316,68.117,53.287,52.239,50.498,60.877,48.377,48.225,49.337,52.893,48.87,53.117,50.118,48.758,48.566,47.741,48.581,28.655,21.716,21.135,24.36,32.642,23.464,44.618,47.322,48.027,47.289,31.696,35.779,37.046,41.487,37.526,42.507,42.103,1.6009,8.7375,6.3573,6.8549,12.315,19.428,30.418,31.606,42.409,20.099,24.256,48.018,47.722,38.959,35.787,36.973,37.199,36.791,19.528,17.274,32.775,35.911,32.127,49.608,51.52,44.13,37.182,57.427,33.424,46.961,48.2,36.151
53.902,47.719,17.589,26.103,5.8065,22.672,26.087,21.451,16.197,12.242,14.859,71.484,10.404,0,19.358,28.744,8.4205,8.9384,7.905,7.6875,138.72,107.03,71.812,101.34,70.19,53.46,70.317,41.302,60.103,51.175,45.723,39.889,53.158,24.897,27.167,28.453,31.888,18.721,18.54,14.956,15.822,40.529,17.867,16.259,34.073,36.083,35.557,33.279,34.2,33.776,6.1855,6.0691,6.7044,6.4196,6.3699,10.395,6.1917,6.801,6.7767,7.1395,15.571,20.943,10.726,31.186,35.274,17.567,22.107,18.007,27.254,24.068,23.157,16.371,16.193,15.26,22.432,29.309,10.362,19.502,29.935,24.496,29.918,29.068,84.526,100.22,18.745,26.745,17.678,16.834,0.6871,15.544,9.9896,14.18,3.5975,1.9658,5.8767,17.731,21.489,10.577,23.188,7.5292,7.7157,57.505,45.074,65.627,40.32,55.42,30.305,43.665,41.27,35.173,36.644,18.094,22.999,14.508,14.713,34.32,37.154,34.447,16.697,35.422,34.199,34.071,33.611,34.175,9.1359,5.6005,5.5191,6.8961,7.9387,3.969,19.622,25.834,23.462,22.584,12.976,17.487,15.812,27.335,26.733,28.938,28.737,4.3822,24.278,6.3011,7.5046,11.481,14.442,11.964,6.285,12.071,4.0409,4.5073,33.578,33.527,16.765,14.985,15.658,15.689,15.411,16.854,10.837,7.4122,8.7482,7.1729,15.044,15.798,26.689,15.845,19.33,7.8319,31.567,33.47,8.6016
31.106,9.9765,19.918,1.1577,13.335,6.3089,7.6785,4.9752,4.6557,6.6132,11.627,117.12,28.153,19.358,0,1.0484,16.172,14.509,14.823,16.207,109.44,91.315,59.202,74.126,47.251,49.288,25.128,34.366,57.739,26.73,22.835,8.2854,17.144,16.289,23.08,2.3076,6.8346,25.674,27.278,22.074,28.184,5.5644,29.495,32.133,2.5549,5.4786,3.3765,2.4356,2.7559,2.6934,5.857,5.4222,5.4092,5.5286,4.9521,3.9906,5.8375,5.1007,5.2401,4.5691,3.091,3.4714,8.5147,9.2577,9.4936,16.059,8.7803,9.1682,6.9486,6.5999,6.4539,4.8262,4.6244,4.4588,0.9671,1.1768,5.2548,18.328,2.095,0.51778,1.6288,1.4182,143.14,138.71,56.669,31.433,9.1871,23.474,13.277,9.4434,4.9875,4.3063,28.965,11.655,4.2632,0.038421,0.49361,17.056,18.666,15.998,15.544,18.474,11.303,46.824,17.253,19.86,36.138,10.608,10.093,4.0925,3.6936,16.818,25.11,25.751,23.805,2.9518,3.8691,2.8442,32.284,3.1521,2.814,2.7682,2.5771,2.7735,5.7249,6.1195,5.9002,5.8286,13.121,11.658,6.6489,4.0245,5.982,6.1179,3.4261,2.3221,4.3395,1.3346,0.7001,1.4775,1.4013,18.746,16.62,7.8959,7.2298,3.3354,0.81977,3.6031,18.289,19.015,7.9428,10.953,2.6373,2.5711,4.8448,4.2272,4.4316,4.5665,4.5365,1.1175,1.4762,15.394,16.981,14.967,27.408,31.588,2.2277,4.4061,32.479,15.072,2.4205,2.6786,18.392
27.094,5.2267,22.748,0.32849,18.621,6.07,6.7816,4.9314,5.8607,9.0309,13.915,138.3,39.693,28.744,1.0484,0,21.051,18.949,19.642,21.329,100.28,85.736,55.759,66.834,42.2,48.322,17.459,33.672,56.741,22.694,19.426,4.7404,11.747,16.665,23.938,0.87833,4.69,29.212,31.167,26.022,33.038,2.0445,34.005,37.653,0.36104,2.5827,0.79462,0.34648,0.4777,0.47304,10.16,9.7631,9.4985,9.7306,9.1714,6.7801,10.137,9.1471,9.2979,8.4842,4.3978,3.4892,11.569,7.4011,6.8349,18.268,8.8893,10.322,5.7481,6.0678,6.1156,5.997,5.8286,5.8946,0.82128,0.0039951,8.1125,20.382,0.4786,0.18928,0.15323,0.11566,167.22,159.8,72.988,41.461,14.725,33.103,21.445,15.426,10.312,8.7741,38.27,19.634,9.4773,1.4061,1.7155,21.414,19.821,21.137,20.545,12.435,6.9682,42.68,14.294,14.268,38.507,6.485,6.3611,1.4345,0.92721,19.005,27.383,30.52,28.142,0.6037,1.0116,0.51603,37.702,0.64405,0.51731,0.49743,0.40965,0.49172,8.9945,10.665,10.476,9.8623,17.659,17.376,7.1512,3.0026,5.5432,5.8857,5.4393,3.1497,5.6261,0.27366,0.036943,0.16502,0.1408,28.621,23.18,14.615,13.622,7.8143,3.5913,5.9104,24.256,23.262,13.241,16.367,0.45301,0.41297,5.917,5.7233,5.7626,5.8969,5.9371,3.7018,5.0118,20.47,21.895,20.051,32.34,37.136,1.1094,5.6877,37.158,19.957,0.51651,0.49226,23.603
20.925,26.775,1.6704,16.751,0.34274,7.5191,8.8718,7.7231,5.1892,2.6042,1.6426,128.67,34.989,8.4205,16.172,21.051,0,0.062867,0.032822,0.017754,78.799,55.583,31.072,51.534,30.458,19.648,38.381,12.427,24.021,19.904,16.863,20.006,25.941,5.049,5.4012,16.466,13.9,2.2762,2.4104,1.0533,1.9978,24.624,2.5965,2.8914,23.088,19.388,22.738,22.225,22.57,22.121,3.088,3.5863,3.2808,3.2883,3.9515,4.1114,3.1029,3.5512,3.4177,4.0024,6.3059,8.7543,1.4521,11.573,14.687,1.8665,5.8264,3.5933,10.168,8.214,7.7267,5.1396,5.211,4.9498,13.683,21.283,3.0614,2.3851,18.623,17.38,20.054,19.631,146.27,164.89,52.275,56.074,32.058,41.292,8.6756,30.178,18.991,23.004,4.6719,11.989,10.303,14.781,21.314,0.12309,3.8862,0.02505,0.01842,29.444,22.389,27.235,14.66,26.398,7.3448,21.583,19.657,20.602,23.47,1.9821,3.6229,1.3917,1.1667,22.138,23.754,22.663,2.9801,23.196,22.379,22.33,22.252,22.473,2.6545,3.1601,3.4337,2.8449,0.15984,1.2056,5.5589,11.643,8.2434,7.5919,5.0911,8.0755,5.2682,17.636,19.719,19.22,19.224,21.721,44.521,17.109,18.256,18.419,16.223,4.689,0.28242,0.35694,2.7742,1.1254,22.002,22.142,5.3027,5.0261,5.1317,5.0407,4.9503,19.787,12.873,0.03629,0.010947,0.06304,1.7429,2.7095,14.863,5.2295,3.456,0.025401,19.823,21.711,0.073062
19.496,24.259,1.5152,14.841,0.34812,6.2166,7.4757,6.3926,4.1181,1.8721,1.1093,130.06,35.169,8.9384,14.509,18.949,0.062867,0,0.036876,0.11611,77.377,54.86,30.378,50.087,29.121,19.364,35.576,11.901,23.88,18.35,15.368,17.848,23.624,4.2875,4.943,14.522,12.112,2.4098,2.6478,1.1592,2.4212,22.202,2.9967,3.5214,20.803,17.243,20.44,19.982,20.298,19.872,2.5808,3.0505,2.7197,2.7474,3.3679,3.2822,2.5939,2.9628,2.8409,3.3595,5.1518,7.3404,0.92222,9.9988,12.893,1.4749,4.7252,2.737,8.655,6.8548,6.4077,4.0716,4.1379,3.9133,11.976,19.16,2.3262,2.0349,16.566,15.496,17.948,17.558,148.38,165.73,53.547,55.39,30.795,40.799,8.7886,29.056,18.019,21.739,5.6642,11.896,9.6056,13.216,19.507,0.13887,3.365,0.11787,0.075222,26.956,20.14,26.13,13.107,24.135,7.5072,19.369,17.55,18.397,21.131,1.6107,3.5059,1.7365,1.3872,19.88,21.397,20.385,3.5979,20.884,20.114,20.068,20.002,20.205,2.0102,2.6946,2.9546,2.3069,0.057036,1.1805,4.4462,9.9948,6.874,6.2808,4.0946,6.7604,4.1944,15.667,17.708,17.163,17.171,21.803,43.221,16.512,17.546,17.287,14.836,3.7556,0.56776,0.41966,2.4968,1.034,19.76,19.896,4.2153,3.987,4.0726,3.9898,3.9115,18.254,11.74,0.097666,0.10778,0.10905,2.1586,3.3303,13.019,4.1588,3.9577,0.048085,17.693,19.481,0.26145
21.22,25.762,1.9374,15.55,0.19012,7.003,8.3983,7.1174,4.6156,2.182,1.5287,126.28,33.445,7.905,14.823,19.642,0.032822,0.036876,0,0.036001,80.448,57.261,32.232,52.66,31.151,20.727,37.73,13.103,25.307,20.032,16.909,19.172,25.37,5.1193,5.7644,15.375,13.211,2.757,2.9427,1.3887,2.5353,23.419,3.1915,3.5401,21.725,18.402,21.459,20.893,21.248,20.815,2.4841,2.9331,2.6583,2.6642,3.264,3.4582,2.4974,2.9023,2.7818,3.3125,5.5912,8.0174,1.1429,11.104,14.125,1.9691,5.4974,3.3298,9.6122,7.6962,7.2138,4.5792,4.6348,4.3637,12.583,19.877,2.5201,2.5855,17.425,16.084,18.752,18.328,144.12,161.76,50.991,53.731,30.088,39.317,7.9189,28.287,17.48,21.311,4.8323,10.996,9.1987,13.484,19.72,0.22724,4.085,0.031408,0.011073,28.805,21.636,28.011,14.508,25.953,8.1706,20.822,18.943,19.471,22.182,2.1184,4.0878,1.8428,1.5586,20.853,22.465,21.345,3.6384,21.878,21.071,21.02,20.931,21.157,2.1312,2.5504,2.7974,2.2689,0.052988,0.89793,5.1114,10.854,7.6872,7.0621,4.4095,7.2636,4.6696,16.414,18.335,17.942,17.938,20.476,42.233,15.75,16.827,16.907,14.804,4.0178,0.33851,0.55469,2.2278,0.8057,20.697,20.825,4.7413,4.4207,4.5418,4.4622,4.3703,18.215,11.606,0.015812,0.081681,0.019263,2.2492,3.3383,13.829,4.6365,4.1471,0.0013804,18.599,20.423,0.19277
22.148,27.651,2.0245,17.072,0.2471,7.9956,9.4454,8.145,5.4649,2.7784,1.9367,125.82,33.64,7.6875,16.207,21.329,0.017754,0.11611,0.036001,0,81.125,57.469,32.515,53.45,31.946,20.752,39.746,13.362,25.199,21.075,17.927,20.791,27.048,5.6453,6.0355,16.899,14.558,2.6131,2.7205,1.2899,2.1885,25.281,2.8496,3.0357,23.526,20.041,23.253,22.66,23.032,22.581,2.9642,3.4411,3.1776,3.1704,3.8101,4.1612,2.9789,3.4444,3.3139,3.8984,6.5214,9.1244,1.5843,12.269,15.452,2.2434,6.3221,3.9797,10.752,8.7269,8.2168,5.4241,5.486,5.1923,13.952,21.578,3.1403,2.8144,19.044,17.606,20.422,19.977,143.14,161.81,50.412,54.646,31.32,40.038,8.0146,29.41,18.433,22.493,4.1762,11.272,9.8963,14.793,21.245,0.23046,4.4279,0.0012558,0.0073643,30.608,23.301,28.637,15.601,27.571,7.9447,22.466,20.506,21.176,24.005,2.3731,4.1136,1.5639,1.3733,22.621,24.3,23.133,3.1404,23.688,22.848,22.795,22.701,22.937,2.6877,3.0038,3.2647,2.7643,0.17352,1.0034,5.9653,12.126,8.7316,8.063,5.2289,8.3185,5.5253,17.979,19.957,19.575,19.57,20.682,43.547,16.427,17.592,17.967,16.018,4.7933,0.17132,0.50963,2.5446,0.95748,22.457,22.59,5.5992,5.2546,5.3861,5.2991,5.1993,19.553,12.622,0.011458,0.037121,0.029372,1.9132,2.8436,15.276,5.4891,3.7203,0.023392,20.271,22.173,0.078413
23.939,65.43,57.524,91.099,88.071,64.754,59.768,69.262,75.199,77.052,65.389,407.76,214.09,138.72,109.44,100.28,78.799,77.377,80.448,81.125,0,3.1062,11.122,3.4307,13.042,21.07,43.425,28.64,18.669,27.999,32.324,62.177,45.714,48.473,43.253,82.788,62.129,56.77,57.948,63.243,64.688,78.654,60.874,67.137,92.169,71.249,86.243,91.134,89.703,89.198,97.579,99.92,96.738,97.649,100.44,88.665,97.619,97.513,97.058,98.262,81.539,74.899,77.172,55.043,55.022,58.188,59.804,63.44,61.362,63.276,64.107,74.473,75.298,77.106,90.029,99.48,84.604,54.441,86.901,98.539,92.686,93.586,439.79,466.24,259.44,248.87,178.99,219.46,137.34,178,149.83,153.07,113.06,146.66,127.48,108.85,123.61,72.708,49.168,81.631,81.008,46.514,55.977,14.077,39.79,40.732,42.082,57.031,56.617,78.861,85.863,57.073,49.011,66.165,64.532,87.608,85.443,89.325,66.155,88.49,88.942,89.134,90.228,89.39,86.759,99.681,101.02,94.415,80.77,97.108,66.259,71.513,65.224,65.307,84.644,82.731,76.687,90.882,101.08,92.336,92.964,178.75,209.22,153.74,154.63,142.87,124.8,86.146,86.606,69.155,103.01,95.095,89.323,90.042,73.919,78.249,76.614,76.16,76.648,131.74,122.44,82.006,77.876,82.827,66.015,67.794,81.755,76.433,59.985,80.656,86.727,88.488,78.647
16.515,57.79,38.148,76.413,63.935,49.825,46.035,53.892,57.69,57.603,46.519,353.35,177.46,107.03,91.315,85.736,55.583,54.86,57.261,57.469,3.1062,0,3.7002,2.6764,7.8838,9.2378,41.287,15.873,7.1322,20.425,23.563,52.643,39.711,33.145,27.422,69.273,50.322,36.406,37.03,41.997,42.098,68.652,38.946,43.512,79.675,60.41,74.521,78.492,77.403,76.816,74.638,76.855,74.147,74.86,77.55,68.303,74.681,74.967,74.506,75.897,63.689,59.27,56.744,42.987,44.256,39.705,44.484,46.376,48.063,48.856,49.355,57.038,57.786,59.18,74.268,85.158,64.252,36.342,73.59,82.871,79.01,79.608,380.61,411.16,214.78,213.96,152.33,185.66,107.48,150.65,124.07,128.59,82.282,116.86,102.38,90.226,104.9,50.484,32.632,57.932,57.534,41.549,47.914,7.4368,30.017,35.212,24.151,48.588,47.547,67.441,74.451,38.667,30.832,43.622,42.672,75.471,74.191,77.116,42.719,76.594,76.69,76.836,77.735,77.104,65.71,76.309,77.567,71.974,57.989,72.039,50.118,57.637,50.598,50.352,65.603,65.606,59.006,76.576,85.897,78.403,78.933,145.36,180.42,125.73,127.1,118.57,103.59,66.604,61.522,47.23,78.403,70.544,76.879,77.538,56.655,60.195,58.866,58.426,58.79,110.68,100.07,58.387,54.644,59.168,43.251,44.099,67.764,58.768,37.874,57.366,73.888,76.066,54.955
5.718,36.11,18.368,48.033,37.23,26.884,24.317,29.891,32.386,32.12,23.988,286.11,130.2,71.812,59.202,55.759,31.072,30.378,32.232,32.515,11.122,3.7002,0,3.5786,2.0085,1.6433,26.612,4.2817,1.45,8.1503,9.741,31.04,22.86,14.718,11.026,42.654,28.245,17.653,18.295,21.408,22.181,43.672,19.986,23.75,51.575,36.615,47.67,50.536,49.786,49.266,45.107,46.831,44.721,45.276,47.371,40.258,45.141,45.357,44.999,46.084,36.981,34.005,31.47,22.534,23.979,19.231,22.79,23.94,25.987,26.273,26.569,31.898,32.46,33.469,45.931,55.364,37.132,16.951,46.241,52.99,50.539,50.914,311.84,337.45,163.77,161.4,108.88,136.94,71.641,107.34,85.039,89.007,53.275,79.128,67.164,58.172,70.355,27.284,14.373,32.85,32.504,24.896,28.06,1.1569,13.829,19.746,10.009,28.393,27.27,42.025,47.753,18.526,13.551,23.032,22.097,48.268,47.612,49.589,23.172,49.297,49.219,49.319,49.976,49.545,38.226,46.416,47.395,43.039,32.65,43.38,26.851,33.234,27.549,27.278,38.292,38.63,33.373,48.303,55.655,49.941,50.338,102.92,132.79,86.291,87.444,80.615,68.643,39.012,35.833,25.016,48.122,42.164,49.292,49.809,31.631,34.233,33.254,32.918,33.179,74.597,65.527,33.143,30.431,33.704,22.952,24.121,41.261,33.191,19.567,32.334,46.673,48.634,30.806
9.2502,39.8,34.723,59.273,58.669,38.423,34.576,41.9,46.692,48.515,39.779,339.91,164.96,101.34,74.126,66.834,51.534,50.087,52.66,53.45,3.4307,2.6764,3.5786,0,3.131,9.9491,24.419,13.569,9.4511,11.833,14.693,36.773,24.819,26.718,23.584,52.643,36.425,35.082,36.32,39.774,42.001,49.886,39.098,44.686,60.454,43.738,55.725,59.575,58.458,58.029,65.24,67.093,64.476,65.244,67.446,57.619,65.269,65.063,64.711,65.593,51.642,46.283,48.923,30.993,31.048,34.619,34.759,37.785,35.775,37.266,37.918,46.124,46.767,48.221,58.33,66.203,54.489,31.932,56.006,65.278,60.69,61.389,370.77,391.93,207.17,194.28,132.93,168.64,99.18,132.13,108.15,110.73,81.863,106.59,89.588,73.633,85.891,46.686,27.677,53.829,53.242,25.737,32.219,3.8751,19.856,21.193,24.846,32.958,32.512,49.765,55.474,33.834,28.633,42.796,41.125,56.767,55.163,58.164,43.907,57.536,57.842,57.991,58.856,58.204,56.333,67.01,68.076,62.636,52.639,65.812,39.695,43.628,38.761,38.845,54.235,52.51,47.86,59.134,67.42,60.368,60.871,134.23,159.12,111.83,112.45,102.14,86.872,55.493,58.301,44.102,70.048,64.04,58.121,58.701,45.674,49.12,47.815,47.463,47.858,92.655,85.004,54.035,50.914,54.638,42.956,45.132,51.765,47.663,38.881,52.873,55.931,57.439,51.785
1.6857,23.016,18.112,35.97,35.628,19.684,17.017,22.213,25.643,27.079,20.906,278.93,123.03,70.19,47.251,42.2,30.458,29.121,31.151,31.946,13.042,7.8838,2.0085,3.131,0,4.5515,14.224,4.6814,5.7047,3.0019,4.4106,19.824,12.314,11.744,10.264,30.97,18.797,19.219,20.404,22.251,24.882,30.027,22.868,27.572,37.655,24.778,34.076,36.88,36.091,35.709,39.958,41.379,39.325,39.936,41.623,33.907,39.98,39.762,39.497,40.142,29.365,25.497,27.543,14.707,15.068,17.531,17.026,19.214,17.966,18.892,19.332,25.222,25.7,26.778,34.933,41.751,31.559,15.806,33.742,40.587,37.434,37.907,307.93,325.41,161.1,148.09,95.43,125.83,67.723,94.677,74.495,76.77,56.067,73.543,59.242,46.746,56.891,26.838,12.698,32.212,31.696,13.526,16.927,0.22138,7.4511,9.9171,13.174,17.33,16.738,29.365,33.992,17.036,14.279,25.115,23.539,34.77,33.801,35.884,26.998,35.489,35.604,35.709,36.345,35.888,33.011,41.369,42.189,37.918,30.918,41.006,20.533,23.784,19.969,19.992,31.304,30.096,26.512,35.968,42.484,37.088,37.467,96.768,117.84,77.56,78.06,69.577,57.224,32.264,36.003,25.125,43.929,39.534,35.761,36.215,24.892,27.449,26.477,26.215,26.508,62.066,55.559,32.292,30.088,32.703,25.493,27.827,30.132,26.365,23.18,31.348,33.838,35.213,30.957
6.0205,34.233,10.059,40.814,24.859,20.552,18.908,23.103,24.115,22.693,15.453,248.57,106.72,53.46,49.288,48.322,19.648,19.364,20.727,20.752,21.07,9.2378,1.6433,9.9491,4.5515,0,29.242,1.3426,0.33817,8.0873,8.6991,28.083,22.842,9.0068,5.4074,36.445,23.882,8.9665,9.2916,11.865,11.986,39.805,10.355,12.987,45.678,32.489,42.455,44.581,44.092,43.538,32.895,34.454,32.73,33.142,35.065,29.819,32.928,33.358,33.017,34.151,28.247,26.829,21.515,18.334,20.558,11.308,16.467,16.467,20.761,20.303,20.369,23.7,24.184,24.88,38.099,48.09,26.873,9.4536,40.012,44.92,43.888,44.046,271.26,298.3,134.94,137.92,91.885,114.83,54.239,89.984,69.401,74.009,36.626,61.401,52.627,47.981,59.644,16.681,7.9949,21.039,20.833,25.515,26.283,2.7655,11.755,20.268,3.6004,26.332,24.831,37.257,42.747,10.711,6.4059,12.738,12.201,42.746,42.721,43.964,12.558,43.898,43.581,43.645,44.144,43.87,27.495,33.886,34.764,31.228,21.322,30.102,19.756,27.234,21.372,20.906,28.754,30.265,24.94,41.324,47.797,43.142,43.458,82.231,113.77,69.271,70.666,66.031,56.41,29.132,23.107,14.773,34.802,29.238,43.521,43.977,23.555,25.523,24.787,24.478,24.648,62.237,52.701,21.348,19.054,21.843,12.584,13.275,34.799,24.778,9.953,20.769,40.743,42.905,19.174
8.7258,3.5875,29.276,15.499,40.149,13.211,10.937,14.096,19.018,24.287,24.144,249.89,104.21,70.317,25.128,17.459,38.381,35.576,37.73,39.746,43.425,41.287,26.612,24.419,14.224,29.242,0,21.542,34.479,6.7111,6.9096,4.7665,1.2321,17.327,21.989,12.272,7.5782,35.11,37.56,35.54,42.801,7.6408,41.693,48.154,13.042,7.1675,10.852,12.947,12.243,12.212,34.852,35.321,33.702,34.36,34.801,26.787,34.841,33.587,33.587,33.063,20.009,14.817,27.431,8.0578,6.0094,25.009,14.504,18.706,10.04,12.184,12.854,18.836,19.022,20.063,16.938,16.978,26.706,25.118,12.789,18.565,14.51,15.096,285.61,281.84,150.74,112.39,64.061,97.155,62.231,65.183,52.088,50.174,69.55,63.239,44.835,25.865,30.036,35.818,21.365,39.787,38.905,0.64373,2.9545,16.714,6.3244,1.1971,35.113,3.3469,3.9381,9.027,10.46,25.168,28.99,41.261,38.217,11.586,10.213,12.059,47.7,11.542,12.014,12.108,12.571,12.155,28.796,36.314,36.625,33.179,35.835,42.748,15.928,11.372,12.562,13.252,23.088,18.485,19.446,14.924,18.504,14.751,15.021,82.748,80.874,59.128,58.008,46.577,34.882,24.457,45.131,35.886,40.644,40.827,12.307,12.54,18.418,20.393,19.613,19.577,19.89,36.575,36.773,39.291,38.786,39.245,42.848,48.032,12.774,19.407,44.026,38.146,12.178,12.091,40.83
3.2645,23.284,4.9853,27.432,16.318,11.395,10.231,13.31,14.138,13.312,8.097,220.64,87.259,41.302,34.366,33.672,12.427,11.901,13.103,13.362,28.64,15.873,4.2817,13.569,4.6814,1.3426,21.542,0,3.0233,4.2637,4.1479,17.908,14.948,3.4333,1.5689,23.959,14.205,5.048,5.5954,6.8822,8.0222,27.24,6.8683,9.5311,31.681,21.139,29.116,30.749,30.388,29.917,21.755,22.985,21.537,21.904,23.413,18.834,21.78,22.009,21.747,22.579,17.33,16.171,12.663,9.9848,11.856,5.3699,8.4066,8.5023,11.647,11.228,11.264,13.819,14.19,14.75,25.155,33.495,16.587,4.1939,26.895,30.766,30.055,30.158,243.97,265.71,115.68,113.79,71.565,93.195,40.908,70.034,52.102,55.809,28.844,46.611,37.983,33.292,43.095,10.082,3.0058,13.567,13.316,17.379,16.883,3.1475,5.7865,13.243,2.2685,16.815,15.489,24.895,29.407,4.9967,2.7804,8.2444,7.4613,29.296,29.411,30.295,9.195,30.285,29.971,30.018,30.406,30.206,17.197,22.633,23.33,20.352,13.308,20.427,10.81,16.57,12.02,11.659,17.83,18.872,14.776,27.88,33.187,29.413,29.665,65.221,91.086,52.517,53.561,48.991,40.496,18.183,15.696,8.8114,23.722,19.58,29.895,30.265,13.698,15.25,14.665,14.429,14.569,45.402,37.533,13.723,12.067,14.065,8.3956,9.6828,22.581,14.652,7.0321,13.18,27.549,29.388,12.41
8.5794,40.966,13.449,48.582,29.879,26.156,24.303,29.02,30.062,28.279,20.022,262.59,116.94,60.103,57.739,56.741,24.021,23.88,25.307,25.199,18.669,7.1322,1.45,9.4511,5.7047,0.33817,34.479,3.0233,0,11.187,12.135,34.365,28.065,12.771,8.2716,43.79,29.844,11.738,11.934,15.153,14.715,47.294,12.86,15.426,53.823,39.332,50.287,52.638,52.093,51.494,39.275,40.999,39.148,39.577,41.708,36.196,39.313,39.857,39.475,40.77,34.664,33.179,26.802,23.61,26.052,15.165,21.5,21.4,26.391,25.881,25.952,29.6,30.139,30.892,45.611,56.486,32.893,12.976,47.685,53.051,51.914,52.092,284.81,314.68,144.83,150.57,102.84,126.24,61.534,100.73,78.84,83.946,41.062,69.443,60.732,56.299,68.909,20.765,11.425,25.526,25.35,30.892,32.213,3.7465,15.884,25.061,5.1238,32.311,30.702,44.599,50.589,14.456,9.0924,15.739,15.348,50.624,50.552,51.951,14.955,51.864,51.536,51.608,52.158,51.852,33.502,40.311,41.28,37.489,26.112,35.672,25.217,33.639,27.085,26.555,35.14,36.946,30.977,49.135,56.175,51.109,51.453,91.299,125.87,78.367,79.955,75.381,65.277,35.515,27.521,18.541,41.103,34.814,51.478,51.976,29.447,31.604,30.8,30.454,30.637,71.578,61.154,25.915,23.308,26.487,15.424,15.783,41.993,30.796,12.164,25.327,48.468,50.807,23.301
0.21646,9.9498,11.265,18.228,23.048,7.8613,6.0817,9.4131,12.208,14.141,10.928,233.66,92.848,51.175,26.73,22.694,19.904,18.35,20.032,21.075,27.999,20.425,8.1503,11.833,3.0019,8.0873,6.7111,4.2637,11.187,0,0.17263,7.516,3.8456,4.9054,5.7846,14.699,6.7897,13.827,15.229,15.203,19.034,14.263,17.81,22.258,19.433,10.582,16.918,18.864,18.316,18.037,23.924,24.859,23.277,23.79,24.875,18.547,23.934,23.502,23.348,23.599,14.543,11.432,15.179,4.5301,4.6207,9.6218,6.681,8.6949,6.4907,7.273,7.6135,11.935,12.24,13.053,17.62,22.363,17.187,8.9211,16.615,21.584,19.235,19.576,262.71,273.45,129.77,111.63,65.787,93.077,47.379,65.436,49.274,50.504,43.387,51.149,37.882,26.465,33.97,17.337,6.4711,21.219,20.679,4.8993,5.9705,3.3175,1.0355,2.761,11.861,6.1423,5.6866,13.639,16.887,9.4566,9.6856,18.527,16.725,17.381,16.767,18.174,21.848,17.914,17.97,18.042,18.487,18.171,18.497,25.099,25.649,22.343,19.322,26.664,8.793,10.019,7.923,8.0376,16.26,14.73,12.783,18.206,22.923,18.989,19.262,70.611,84.486,52.709,52.8,44.982,34.76,17.097,24.852,16.575,27.684,25.307,18.071,18.393,11.669,13.501,12.795,12.639,12.866,38.329,33.943,21.096,19.86,21.285,19.297,22.307,14.156,12.691,18.888,20.263,16.688,17.68,20.963
0.6431,8.5748,9.2957,15.211,19.576,5.717,4.2304,7.0611,9.4768,11.231,8.5473,221.21,85.04,45.723,22.835,19.426,16.863,15.368,16.909,17.927,32.324,23.563,9.741,14.693,4.4106,8.6991,6.9096,4.1479,12.135,0.17263,0,6.0077,3.389,3.4708,4.6444,12.06,5.028,11.95,13.312,12.958,16.795,12.164,15.779,19.965,16.63,8.6133,14.38,16.074,15.608,15.334,20.081,20.925,19.478,19.95,20.929,15.147,20.089,19.676,19.539,19.754,11.555,8.8525,12.228,3.0156,3.2346,7.6081,4.7112,6.4689,4.6141,5.2269,5.5084,9.2367,9.5056,10.224,14.526,19.142,13.939,7.1145,13.873,18.245,16.28,16.562,249.64,259.88,120.73,103.08,59.374,85.249,41.967,58.994,43.655,44.894,39.025,45.431,32.94,22.541,29.631,14.588,4.9709,18.047,17.533,4.5551,4.8623,4.5454,0.39668,2.5686,10.928,4.9489,4.4314,11.359,14.398,7.5034,8.2189,16.181,14.434,14.753,14.31,15.487,19.605,15.289,15.29,15.351,15.741,15.473,15.136,21.163,21.662,18.636,16.179,22.8,6.5018,7.7159,5.7845,5.8697,13.082,11.755,9.9846,15.235,19.562,16.016,16.259,63.845,77.223,46.85,46.943,39.652,30.162,13.835,21.474,14.01,23.589,21.529,15.357,15.65,9.0031,10.62,9.9949,9.8571,10.058,33.556,29.322,17.904,16.867,18.054,16.982,19.973,11.5,9.9036,16.95,17.131,14.004,14.993,17.944
10.267,0.50933,16.312,3.2985,20.047,3.0007,2.3107,3.0539,5.5042,8.9391,10.522,185.82,64.404,39.889,8.2854,4.7404,20.006,17.848,19.172,20.791,62.177,52.643,31.04,36.773,19.824,28.083,4.7665,17.908,34.365,7.516,6.0077,0,1.6037,8.5896,13.62,1.8513,0.55431,21.666,23.621,20.549,26.862,1.0759,26.744,31.34,2.9458,0.32511,1.9645,2.7762,2.5194,2.4417,14.687,14.843,13.898,14.312,14.417,9.5682,14.675,13.749,13.786,13.306,5.6158,3.0269,11.278,1.4679,0.6625,12.574,4.446,6.7617,1.6616,2.5824,2.8675,5.4565,5.4973,6.005,3.7795,4.5335,9.8722,13.471,2.2562,4.8621,3.19,3.4111,216.59,214.53,102.12,71.994,34.859,59.334,33.224,35.419,25.499,24.528,42.478,33.516,20.396,8.5946,11.675,18.878,11.598,20.743,20.086,2.0377,0.23402,20.803,3.5415,2.5694,25.752,0.14365,0.13154,0.99796,1.9169,12.938,18.129,25.092,22.674,2.1796,1.8632,2.4546,31.143,2.3161,2.394,2.427,2.6155,2.4679,11.182,15.61,15.733,13.711,17.519,21.006,4.4847,1.523,2.5832,2.9639,7.3669,4.6397,5.6427,3.1119,5.094,3.2012,3.3274,47.852,48.027,30.327,29.561,21.76,14.086,8.167,24.583,19.619,18.659,19.668,2.4656,2.5858,5.241,6.1175,5.7573,5.7758,5.9343,15.455,15.093,20.253,20.518,20.081,26.596,31.065,1.9685,5.6401,29.177,19.493,2.1285,2.3324,22.17
5.7939,1.7645,18.987,9.5007,27.316,6.4124,4.8374,7.1093,10.68,14.607,14.529,220.48,84.979,53.158,17.144,11.747,25.941,23.624,25.37,27.048,45.714,39.711,22.86,24.819,12.314,22.842,1.2321,14.948,28.065,3.8456,3.389,1.6037,0,9.7257,13.798,6.8934,2.8732,24.007,26.066,24.03,30.269,4.5399,29.515,34.878,8.5513,3.3423,6.7591,8.3369,7.833,7.7366,23.186,23.626,22.271,22.808,23.245,16.762,23.179,22.208,22.193,21.835,11.595,7.7959,17.038,2.9898,1.8273,15.427,7.2867,10.348,4.2865,5.7021,6.1618,10.531,10.685,11.479,10.18,11.399,16.581,15.68,7.6376,12.05,9.232,9.632,253.03,252.71,126.3,94.979,51.394,80.085,46.44,52.018,39.54,38.592,52.315,47.709,32.308,17.525,21.924,23.924,12.894,27.075,26.344,0.11774,0.62236,13.81,2.3666,0.14372,25.185,0.78831,0.9478,4.9807,6.5679,15.602,19.252,28.84,26.274,7.2434,6.4192,7.7026,34.53,7.3794,7.6211,7.6877,8.0428,7.7482,18.223,24.387,24.673,21.796,23.796,29.487,8.3157,5.482,5.9889,6.4501,13.906,10.61,11.026,9.1803,12.371,9.2917,9.5073,65.238,67.182,45.043,44.291,34.939,25.06,14.955,31.516,24.088,27.893,27.897,7.7929,7.9996,10.22,11.749,11.143,11.104,11.342,26.991,26.092,26.653,26.3,26.604,30.238,34.731,7.0475,10.99,31.644,25.715,7.3427,7.5744,28.013
