0,13.004,64.079,50.559,9.2209,23.049,32.477,100.75,75.686,37.399,74.588,34.794,40.611,57.415,22.92,21.51,30.207,22.313,17.119,5.5982,30.317,32.107,31.863,36.156,21.987,10.101,20.962,27.816,37.034,30.058,9.9463,5.566,21.801,13.357,36.529,5.5491,25.011,26.005,12.773,16.371,34.501,34.243,35.66,32.351,23.244,42.294,44.365,48.203,31.85,33.327,35.844,33.642,33.332,35.51,35.214,105.11,42.1,98.232,67.228,66.497,71.918,107.31,75.918,76.477,42.106,53.115,114.63,84.941,34.865,30.736,42.455,35.11,36.25,35.048,70.338,34.619,35.884,32.195,36.951,55.362,76.824,42.503,24.767,27.502,41.264,19.763,22.693,19.515,15.273,26.744,22.925,19.828,22.452,21.807,29.647,31.18,30.689,30.069,28.754,33.312,32.418,25.073,55.543,19.511,20.08,19.052,18.448,19.165,19.13,19.102,12.717,27.894,28.952,20.673,37.759,26.48,8.5801,24.612,21.571,33.241,36.497,4.8622,30.415,27.292,48.737,35.85,25.352,19.213,32.809,18.199,4.8612,6.5866,18.697,26.122,16.645,11.177,22.559,31.761,35.136,13.262,25.5,38.642,45.1,37.491,42.89,2.7903,48.246,14.292,52.216,33.346,12.595,35.289,34.134,37.122,34.143,28.651,38.394,36.133,35.256,99.42,90.182,77.474,70.009,59.62,58.751,51.199,73.045,59.167,86.308,62.838,67.896,49.705,62.991,50.94,61.196,84.169,82.16,34.795,37.803,35.026,34.553,41.087,38.551,35.206,37.615,62.014,73.993,18.014,46.145,24.558,19.866,20.846,54.203,18.312,23.075,25.191,28.154,21.751,21.999,21.862,21.435,27.809,30.518,18.922,19.081,30.176,11.91,44.324,9.2207,20.084,10.781,3.0574,5.6167,35.691,35.263,36.035,72.643,73.064,18.85,7.7706,25.209,24.278,30.841,25.518,17.328,19.963,4.2041,33.205,0.42062,27.375,35.534,34.131,34.06,34.842,32.097,33.474,35.953,35.278,73.437,73.343,72.86,73.041,35.075,35.351,74.151,35.96,34.972,35.834,36.054
13.004,0,20.524,13.09,31.554,19.706,42.592,148.84,91.175,80.836,91.022,64.117,74.14,66.801,56.916,36.669,12.923,9.7682,11.673,4.0161,7.3959,5.6552,7.001,5.837,1.695,3.4803,0.98087,2.7932,10.697,4.5944,0.54079,1.5547,11.711,3.2633,18.735,6.5093,17.564,24.842,21.63,44.942,46.867,44.44,38.936,42.437,47.815,53.417,56.648,58.828,39.031,40.296,41.662,39.612,41.371,41.063,41.357,155.02,83.835,158.04,121.01,115.31,108.75,152.18,122.53,99.898,83.14,102.27,148.47,104.17,78.352,73.018,87.599,79.103,80.602,75.858,88.611,63.775,65.724,59.422,64.551,77.968,98.685,63.942,56.59,59.854,77.034,56.186,59.356,49.87,46.903,65.229,59.472,52.029,58.529,55.585,37.65,46.53,46.017,45.449,45.096,48.642,47.674,43.496,74.814,43.82,44.553,43.938,42.908,43.845,43.474,43.774,12.517,22.811,10.07,10.409,17.211,7.325,4.8086,4.5409,3.0024,6.4722,6.021,3.823,3.7439,2.7494,14.674,7.2011,5.7282,3.3525,7.2917,0.53584,2.3912,1.5976,1.623,5.6312,7.4619,8.1229,15.912,51.37,45.468,44.737,40.373,53.522,54.008,48.755,46.752,13.578,64.625,39.281,54.112,52.578,36.167,43.765,41.454,41.205,39.183,34.528,46.83,42.435,41.644,147.66,135.47,130.79,121.44,110.81,110.97,93.16,101.96,112.04,108.19,88.328,121.12,88.195,107.81,98.766,113.96,104.07,100.02,63.126,69.322,64.31,63.565,70.917,68.568,61.927,62.217,80.657,95.188,51.948,51.405,61.029,56.211,51.136,67.168,52.898,60.806,61.465,66.711,55.816,56.833,56.462,56.131,45.361,49.124,43.278,43.587,6.6277,2.3567,11.551,1.0811,4.6586,0.19744,12.543,7.9208,41.556,41.553,42.537,87.277,87.948,15.962,8.2579,13.668,16.824,6.0299,3.4885,1.4473,7.348,4.3276,10.396,8.7912,15.543,40.752,39.784,40.173,39.755,37.507,41.25,42.004,41.021,89.434,88.879,86.641,87.613,79.808,80.12,88.549,41.727,41.134,80.642,80.736
64.079,20.524,0,8.9171,102.41,65.175,108.54,269.33,173.1,181.88,173.83,151.86,167.64,137.91,144.86,105.14,39.808,40.869,51.522,34.012,23.807,5.6406,6.9354,5.1539,11.021,26.226,12.628,8.7945,24.225,14.558,27.027,32.681,46.573,32.862,47.372,48.774,57.848,74.393,79.165,125.3,116.06,110.97,97.271,108.31,127.08,123.16,128.27,129.39,101.21,102.63,103.26,100.79,105.03,102.24,103.19,277.99,185.11,288.16,239.07,229.24,212.91,270.79,236.74,190.92,183.83,212.81,257.14,192.04,178.48,170.61,191.7,179.69,181.89,174.03,172.72,151.3,154.3,144.3,151.19,163.84,188.04,145.53,143.39,148.13,172.83,144.52,149.32,133.23,129.28,158.37,149.46,137.12,147.94,142.87,100.2,118.27,117.59,116.9,117.25,120.96,119.66,116.84,157.03,121.44,122.56,121.96,120.26,121.7,120.98,121.6,57.912,67.573,33.539,44.444,41.769,28.874,30.458,10.684,12.005,5.423,7.2719,41.726,6.9583,8.32,18.425,14.421,11.375,14.778,19.762,16.692,33.658,33.471,21.035,24.215,41.082,48.346,56.4,128.07,112.41,125.83,109.85,126.75,121.77,117.44,107.73,67.325,141.93,115.34,114.82,129.31,110.04,108.5,104.45,100.97,99.335,94.131,112.34,104.72,103.79,268.06,251.38,251.06,238.38,224.8,225.47,197.28,198.25,227.13,199.27,178.92,238.93,188.81,217.46,207.63,229.57,192.56,185.83,149.88,160.1,152.08,150.93,160.94,158.08,147.17,145.93,163.53,183.28,137.56,114.93,151.68,144.55,135,141.85,139.15,151.74,152.23,160.49,143.31,145.06,144.44,143.99,118.6,124.35,120.72,121.24,21.572,31.62,15.306,24.777,29.187,24.5,64.879,52.364,103.17,103.58,105.04,167.64,168.68,60.387,51.638,47.769,56.81,6.8043,8.9559,14.946,19.622,37.036,28.792,54.137,50.097,101.51,100.7,101.65,99.942,97.544,104.62,103.92,102.37,171.52,170.42,166.05,167.98,180.89,181.34,168.92,103.29,102.92,182.08,182.18
50.559,13.09,8.9171,0,70.972,31.234,63.125,197.3,109.19,135.88,110.1,103.32,116.65,81.926,104.65,64.605,13.064,15.427,23.69,30.941,5.2522,9.8091,14.153,3.3177,9.9944,26.708,8.0408,4.8929,4.4551,2.771,15.656,23.073,18.989,14.66,16.556,28.554,25.514,37.228,46.408,88.53,69.042,64.662,52.701,62.97,84.81,72.85,76.766,76.694,57.054,57.801,57.602,56.163,59.83,56.841,57.717,204.94,135.53,220.77,181.99,170.28,149.07,196.14,173.18,125.55,133.99,160.53,179.68,124.5,134.21,128.61,143.43,135.54,137.16,128.27,110.1,102.83,105.24,96.969,101.41,106.13,122.73,93.293,101.18,104.27,121.93,108.13,110.48,94.424,94.6,117.25,110.36,98.661,108.99,103.43,56.91,72.266,71.842,71.465,72.347,73.885,73.042,73.691,99.638,81.617,82.354,82.499,81.198,82.149,81.427,82.087,29.95,31.657,9.9121,18.015,13.102,8.1645,31.064,15.744,14.762,10.847,1.6946,25.564,4.9593,6.0798,1.7143,1.5987,18.153,18.254,3.4032,8.3769,26.669,20.712,8.0103,6.3083,17.402,24.297,25.191,81.145,65.624,93.153,66.997,77.213,70.87,69.277,59.539,44.918,87.916,79.565,63.453,81.625,75.531,62.195,59.095,55.356,54.807,52.142,64.577,58.741,58.214,196.5,182.32,189.15,178.91,170.15,171.82,143.05,133.71,173.64,130.92,118.16,181.24,134.37,158.7,155.85,174.94,125.16,119.39,101.25,110.24,103.41,102.48,109.28,107.67,98.243,95.79,103.8,118.99,101.4,64.797,111.25,108.01,95.173,86.16,103.06,113.16,111.24,118.36,104.03,105.91,105.3,105.23,74.019,78.187,81.308,81.729,4.4665,15.022,0.9878,20.738,10.105,14.831,42.563,30.76,57.571,58.035,59.042,104.92,105.77,29.155,28.549,18.845,24.996,12.618,11.577,14.688,27.624,32.302,6.9046,42.213,19.822,56.231,55.949,56.757,55.116,53.91,59.444,58.125,57.016,108.27,107.28,103.45,105.14,137.23,137.51,105.75,57.596,57.565,137.93,137.79
9.2209,31.554,102.41,70.972,0,14.879,11.499,49.147,36.251,11.382,35.197,8.23,11.14,26.391,3.7256,4.5273,30.812,23.53,15.09,26.799,39.534,63.591,66.058,62.4,47.662,35.386,43.179,51.368,45.543,46.106,24.237,20.824,20.635,21.188,33.297,9.961,18.933,14.451,4.0999,1.2037,11.681,12.389,16.407,11.446,3.3337,16.485,17.251,20.172,12.469,13.328,15.206,13.97,12.838,15.157,14.713,52.277,12.874,49.503,29.195,27.331,29.676,53.618,32.631,34.57,12.721,20.3,59.731,41.51,10.496,8.7083,14.028,10.796,11.334,9.6095,31.762,8.1502,8.7531,7.081,9.4416,20.916,35.183,13.457,3.9528,5.0232,11.578,3.9002,4.4478,2.1543,1.6964,6.0748,4.4547,2.5485,4.1912,3.38,10.988,8.9299,8.6887,8.3625,7.4244,10.035,9.5935,5.1486,21.846,1.9861,2.1678,1.8014,1.6327,1.8486,1.8576,1.8289,9.8595,18.063,32.761,20.636,36.957,33.125,33.601,56.095,50.642,65.971,59.174,13.434,56.013,52.373,61.218,51.333,58.422,48.611,44.48,36.53,22.424,18.953,32.432,35.634,19.101,12.455,17.454,8.0587,12.809,1.6318,6.3404,13.064,19.023,13.719,20.087,3.7842,18.178,0.55606,26.629,8.9603,0.26477,13.677,13.585,16.763,14.694,11.523,15.386,15.126,14.616,48.243,41.804,34.874,29.998,24.263,24.222,17.49,31.189,24.697,41.749,25.076,29.359,16.263,24.548,18.789,25.658,40.781,39.973,8.2833,9.685,8.3468,8.1245,11.468,10.112,8.6246,10.155,26.157,33.426,2.7099,21.288,4.8237,3.8754,2.514,22.986,2.9836,4.9391,4.9405,6.5062,3.4367,3.7028,3.6049,3.5351,6.6313,7.6769,1.7892,1.8313,40.865,21.208,58.926,30.374,27.789,26.863,4.3144,8.5208,15.1,14.667,14.979,34.465,34.667,13.216,9.4952,22.951,18.701,63.683,54.924,43.146,53.266,23.58,39.209,11.793,23.861,15.336,14.381,14.119,15.124,13.455,13.031,15.151,14.94,34.553,34.639,34.905,34.756,11.129,11.232,35.569,15.293,14.575,11.403,11.416
23.049,19.706,65.175,31.234,14.879,0,5.592,71.532,26.716,42.109,26.801,21.991,28.297,14.193,26.99,6.738,4.2085,2.8545,1.0461,29.874,10.927,42.85,48.659,34.259,31.056,34.717,25.073,28.028,12.519,18.189,14.337,17.817,1.5712,6.9841,4.0169,6.9647,0.33659,0.31579,3.3583,20.237,7.4363,6.1056,3.3545,5.5438,15.079,9.1572,10.588,11.056,3.9608,4.2341,4.4065,3.8738,4.7402,4.1997,4.3708,76.163,39.857,87.29,65.649,57.307,43.833,71.082,57.78,33.068,38.789,54.112,63.512,34.237,42.174,40.227,45.469,43.102,43.738,37.547,25.979,21.767,22.82,19.151,20.656,22.482,31.981,16.566,23.774,24.57,31.268,31.832,31.376,22.109,25.203,33.845,31.123,24.728,30.418,26.802,3.8397,8.5196,8.3874,8.2802,8.6813,9.0458,8.7613,9.6239,19.878,14.71,14.876,15.356,14.92,15.125,14.761,15.117,1.5635,0.23111,6.0009,1.9784,5.7385,7.5751,36.156,42.889,37.908,45.53,28.92,10.325,31.832,30.426,21.216,19.349,46.603,39.251,14.133,19.06,22.484,13.229,13.174,10.057,3.0659,3.0234,0.32683,11.892,6.4304,26.007,7.0372,10.299,8.9337,7.6589,5.8071,10.549,14.756,16.131,8.5241,11.981,14.927,5.4907,4.6096,4.0659,3.618,2.692,6.3984,4.7007,4.4909,71.048,62.632,68.303,62.603,59.101,60.723,42.316,36.204,62,36.992,28.257,64.877,37.135,50.195,51.386,62.252,34.321,31.748,20.902,25.201,22,21.592,24.177,23.678,19.304,17.857,22.28,30.017,28.004,7.5506,30.719,31.646,21.867,14.91,29.035,33.187,30.325,33.832,27.26,28.443,28.089,28.326,9.4002,10.793,14.782,14.938,12.314,8.434,21.594,25.679,7.2175,16.539,9.6823,6.2968,4.3837,4.4496,4.7623,24.598,24.976,0.24534,4.4877,1.5846,0.36633,45.614,38.283,31.829,49.85,27.684,8.9982,21.312,1.4715,4.0668,3.8674,4.0447,3.753,3.2536,4.6506,4.5384,4.216,25.916,25.554,24.152,24.759,44.508,44.558,25.206,4.4174,4.3127,44.607,44.361
32.477,42.592,108.54,63.125,11.499,5.592,0,37.299,9.6043,22.929,9.4028,7.149,10.539,3.5291,14.513,1.6054,19.01,16.426,10.574,50.418,32.129,76.983,83.704,66.889,60.098,59.071,52.185,57.498,34.467,43.837,33.792,36.015,13.078,23.249,16.957,17.798,8.3802,3.4036,4.6848,11.667,0.13281,0.023847,0.9169,0.00014696,5.3129,0.68108,1.0413,1.5681,0.17536,0.19104,0.40296,0.33145,0.0852,0.43409,0.33329,40.684,19.539,50.736,36.724,29.412,18.241,36.8,28.427,12.049,18.617,29.463,32.208,13.785,23.849,23.536,24.456,24.641,24.841,19.535,8.409,7.0301,7.5085,5.7623,5.8793,5.6749,11.614,2.9965,11.153,10.895,12.662,20.321,18.527,11.795,16.472,19.116,18.192,13.852,17.752,14.802,0.16658,0.53911,0.54633,0.57735,0.86245,0.52894,0.50808,1.8658,4.5601,6.291,6.199,6.8933,6.8263,6.6943,6.4632,6.7125,8.9341,5.515,23.02,14.139,20.866,26.183,59.437,74.93,68.181,80.426,59.715,24.014,62.925,60.548,47.797,45.742,79.336,68.809,37.485,43.358,41.395,30.219,34.848,30.618,16.19,13.516,8.6221,1.7479,0.054361,18.355,0.84705,0.71318,1.0418,0.21328,1.3001,16.353,2.3052,9.4924,3.19,1.5986,9.496,0.1012,0.16108,0.7786,0.49815,0.52518,0.28378,0.3441,0.30005,36.991,31.023,37.118,33.405,32.442,34.163,19.554,13.411,35.259,15.076,8.7508,35.87,15.651,23.991,27.524,34.982,13.672,12.405,6.4126,8.8175,7.1099,6.9238,7.5535,7.6176,5.3056,4.0896,6.0258,10.436,17.604,1.4993,17.145,20.092,11.06,2.9702,18.408,20.045,16.542,18.562,15.225,16.165,15.909,16.304,1.2648,1.4325,6.5545,6.5999,34.501,25.297,48.874,48.347,25.163,37.327,16.053,15.892,0.39001,0.31365,0.31358,8.4316,8.6112,7.0289,14.055,12.99,8.6767,79.927,69.868,59.501,80.409,46.704,28.466,33.397,12.308,0.4926,0.3874,0.31335,0.53256,0.43966,0.10824,0.37213,0.39597,8.929,8.8137,8.3829,8.555,25.998,25.946,8.9032,0.41532,0.32371,25.817,25.502
100.75,148.84,269.33,197.3,49.147,71.532,37.299,0,20.433,19.372,19.284,17.876,13.55,30.28,28.61,38.082,109.56,102.66,85.654,147.59,138.33,212,220.1,200.09,182.07,166.17,169.93,182.07,143.48,160.42,131.44,129.06,94.034,114.35,103.72,93.372,81.011,63.229,57.178,36.029,32.981,36.25,47.381,37.413,28.554,31.474,29.139,30.383,42.372,41.915,42.622,43.479,40.123,43.255,42.364,0.075012,14.162,4.3041,8.7046,5.3568,3.3751,0.54547,2.0535,11.719,13.801,12.205,6.2387,16.159,22.096,25.693,16.381,22.415,21.558,19.402,17.268,18.04,17.051,20.335,17.36,14.612,13.231,19.251,25.719,23.028,13.065,35.61,30.877,31.803,39.396,26.812,30.412,32.002,30.703,29.994,42.31,30.878,31.191,31.498,31.192,29.732,30.3,31.582,17.862,32.497,31.795,32.799,33.672,32.743,32.916,32.819,77.542,71.42,118.86,96.55,113.27,125.51,163.23,203.21,192.16,217.18,189.06,106.39,191.54,186.34,169.44,165.05,208.93,190.29,149.19,154.28,135.41,121.04,139.97,134.59,100.27,89.797,81.504,25.955,35.605,43.637,35.172,27.799,33.871,33.152,43.145,77.7,22.75,39.249,43.974,25.434,42.332,38.418,40.895,45.144,44.878,46.637,37.069,41.638,41.916,0.0083491,0.3145,4.4482,5.6396,10.173,11.741,8.8872,7.3385,12.216,13.385,10.906,7.8744,8.951,4.9694,12.421,10.853,15.388,17.632,18.245,15.475,17.748,18.131,14.303,15.499,18.76,18.791,17.557,13.966,36.15,39.553,28.021,35.319,30.042,25.724,36.239,31.392,27.044,25.08,30.241,30.389,30.425,31.121,30.488,27.668,33.152,32.908,143.02,117.48,171.54,152.39,121.75,138.24,79.071,88.348,42.613,42.082,41.34,21.581,21.248,75.346,87.1,94.247,81.878,214.74,197.88,176.97,202.87,140.02,130.93,108.99,92.457,43.841,43.781,43.007,44.744,45.34,40.48,42.162,43.033,19.843,20.417,22.684,21.648,23.406,23.12,21.846,42.656,42.451,22.599,22.184
75.686,91.175,173.1,109.19,36.251,26.716,9.6043,20.433,0,33.219,0.02199,14.212,15.202,1.9984,30.516,16.524,47.147,46.114,38.031,104.03,68.646,137.22,147.21,120.67,115.13,116.22,103.48,109.32,69.574,87.362,78.381,82.666,40.615,60.637,40.797,53.499,31.031,21.227,27.529,31.069,8.1391,8.6847,11.137,9.6792,18.778,5.1837,4.3306,3.5453,10.983,10.282,9.5791,10.595,9.8331,9.8739,9.7199,22.821,25.997,39.204,35.783,26.306,9.5365,17.055,20.399,1.2141,24.771,33.374,9.087,0.50259,35.953,37.978,32.425,36.899,36.507,29.969,0.26317,14.167,14.048,14.023,11.587,2.8571,0.78066,5.8757,24.977,22.996,17.507,40.423,36.066,29.128,38.185,34.34,35.462,31.618,35.164,31.605,11.917,9.7256,10.002,10.364,11.241,8.5872,9.0482,14.17,1.9416,22.318,21.833,23.329,23.659,23.02,22.774,23.083,36.46,24.496,54.367,42.88,46.855,60.584,116.82,136.36,127.25,141.97,109.56,63.898,116.68,114.13,85.814,88.055,142.59,128.74,76.206,90.834,90.857,73.522,77.401,67.91,47.861,45.039,32.486,10.136,8.2228,42.171,13.329,6.1678,4.8382,6.9721,7.7418,50.141,3.1226,29.795,6.2187,9.1693,31.074,8.7061,9.7155,9.9378,10.831,13.557,7.3527,9.2081,9.5819,20.626,17.173,31.088,29.86,33.948,36.767,21.146,3.6555,38.05,1.0508,2.8392,34.272,16.891,20.932,31.915,36.582,0.5605,0.22775,13.349,14.589,14.04,14.078,11.366,12.757,11.866,9.2943,0.9255,0.65338,37.856,5.953,33.017,40.04,27.317,1.8931,38.755,37.902,31.812,32.728,32.205,33.307,33.05,33.854,12.035,10.578,23.02,22.966,72.515,64.391,89.454,100.69,61.419,83.657,49.887,50.193,9.628,9.6249,9.1598,0.043962,0.029297,31.015,46.726,39.062,31.874,141.96,128.66,115.51,145.22,98.634,61.486,78.099,36.95,10.04,10.506,10.308,10.548,11.727,9.863,9.4127,9.8881,0.022766,0.018563,0.081026,0.038464,38.797,38.561,0.029972,9.5503,9.828,38.098,37.534
37.399,80.836,181.88,135.88,11.382,42.109,22.929,19.372,33.219,0,31.632,4.8721,3.5141,32.114,2.1045,15.414,71.661,61.945,47.318,70.937,88.984,128.74,131.92,126.64,105.61,85.004,98.835,110.83,96.584,101.24,68.785,62.768,56.142,62.195,72.102,42.332,49.872,38.321,23.797,5.2568,20.653,23.236,32.943,22.939,6.8569,24.367,23.648,26.991,26.614,27.22,29.389,28.655,25.795,29.672,28.788,20.67,0.53885,14.545,4.3422,4.7252,12.289,24.472,8.8112,25.33,0.70367,1.3751,36.379,33.818,0.092044,0.44899,0.16301,0.12599,0.083827,0.13701,27.607,4.9493,4.7424,5.8504,6.5264,16.718,27.029,13.252,2.6288,2.3686,2.4944,2.8785,1.8275,3.8106,4.91,0.894,1.7658,3.161,1.9083,2.3573,25.088,16.483,16.408,16.231,14.953,16.972,16.852,12.304,20.081,7.1224,6.9703,6.7638,7.1133,6.8924,7.127,6.9041,38.475,45.307,76.514,56.935,78.879,78.772,81.371,117.47,109.65,132.07,121.33,49.532,117.7,112.48,119.26,108.01,120.5,106.21,96.968,88.437,64.864,59.709,81.181,83.825,56.283,45.288,48.513,12.203,23.287,6.1271,16.065,18.862,28.053,22.762,34.105,28.246,20.344,7.6054,40.11,12.91,9.0121,25.692,26.934,32.144,30.065,27.817,26.571,28.798,28.462,18.636,15.658,7.5079,5.3288,2.5806,2.4354,2.2806,18.727,2.5621,31.8,17.143,4.5296,3.2732,4.7504,1.0589,2.9349,32.719,33.856,5.5446,4.0766,4.9416,5.0333,5.943,5.197,6.797,9.0457,23.443,26.322,3.5034,33.223,1.4071,2.8214,3.6148,26.471,3.3763,1.7536,1.3249,0.68505,2.3127,2.1343,2.1992,2.291,13.536,12.941,7.1372,7.0192,91.587,62.791,117.5,78.367,71.876,73.203,29.709,39.174,29.285,28.596,28.502,32.708,32.627,41.726,40.504,58.649,49.949,128.69,116.19,98.574,111.33,65.593,86.63,44.031,58.964,30.143,29.205,28.554,30.405,29.101,26.174,29.097,29.352,31.557,32.026,33.789,32.969,0.24549,0.22111,33.705,29.489,28.702,0.17918,0.14035
74.588,91.022,173.83,110.1,35.197,26.801,9.4028,19.284,0.02199,31.632,0,13.28,14.153,2.0844,29.185,15.992,47.643,46.379,38.056,103.29,69.179,137.35,147.2,121.11,115.12,115.6,103.56,109.59,70.28,87.838,78.173,82.188,40.829,60.623,41.413,53.07,31.249,21.299,27.073,29.883,7.8821,8.5016,11.203,9.4772,17.893,5.0588,4.1861,3.4993,10.874,10.198,9.5641,10.548,9.7136,9.8637,9.6867,21.619,24.569,37.45,34.031,24.808,8.6606,16.104,19.105,0.9386,23.379,31.7,8.6676,0.45582,34.322,36.343,30.822,35.244,34.85,28.487,0.13705,13.24,13.107,13.15,10.757,2.4297,0.56926,5.3645,23.786,21.823,16.362,38.898,34.59,27.916,36.82,32.843,33.997,30.32,33.715,30.265,11.753,9.3186,9.5901,9.942,10.765,8.2072,8.66,13.565,1.6466,21.385,20.902,22.363,22.701,22.064,21.832,22.127,36.268,24.703,54.854,43.074,47.535,61.012,116.09,136.2,127.08,142.09,110.1,63.455,116.97,114.34,86.771,88.69,142.37,128.44,76.795,90.898,90.25,73.162,77.554,68.326,47.943,44.871,32.643,9.5728,8.0456,40.763,12.865,5.8665,4.8207,6.7893,7.8704,49.353,2.867,28.735,6.507,8.6402,30.043,8.5952,9.6301,9.9945,10.822,13.45,7.2789,9.1805,9.541,19.458,16.068,29.473,28.264,32.246,34.998,19.821,3.1293,36.249,0.91241,2.3648,32.559,15.717,19.597,30.284,34.813,0.4823,0.21191,12.461,13.596,13.113,13.156,10.489,11.841,11.053,8.5993,0.71372,0.44505,36.429,6.0701,31.587,38.521,26.133,1.8216,37.299,36.375,30.405,31.252,30.849,31.916,31.668,32.459,11.501,10.038,22.075,22.017,73.039,64.315,90.298,100.25,61.651,83.457,49.151,49.741,9.6096,9.5873,9.1243,0.073005,0.05254,31.015,46.387,39.369,32.08,141.98,128.64,115.3,144.67,97.864,62.096,77.158,37.303,10.041,10.476,10.262,10.551,11.679,9.7542,9.3913,9.8688,0.0077462,0.019914,0.1431,0.072986,37.099,36.866,0.079914,9.5383,9.7913,36.409,35.856
34.794,64.117,151.86,103.32,8.23,21.991,7.149,17.876,14.212,4.8721,13.28,0,0.40486,12.108,3.1307,4.5279,45.379,39.095,28.061,62.924,62.092,107.74,113,101.07,86.616,75.102,78.762,87.84,67.12,75.166,52.916,50.904,34.065,43.46,44.049,29.799,27.757,18.418,11.739,4.112,5.7094,7.1856,13.18,7.1655,1.2456,7.4723,7.0526,8.9344,9.4443,9.6765,10.83,10.558,8.7908,11.04,10.499,19.958,3.068,22.043,11.743,8.349,6.6676,20.03,9.4148,10.767,2.6997,7.5893,24.031,15.858,5.6109,6.0227,5.2935,6.0077,5.984,3.4486,10.801,0.000574,0.0099502,0.10058,0.13808,4.3759,11.51,2.1284,1.5834,1.0624,0.82085,6.7832,5.0097,3.0567,6.4246,4.4068,4.7847,3.6854,4.6877,3.5214,8.741,3.7693,3.772,3.7383,3.251,3.8634,3.8606,2.531,5.7627,2.2198,2.0348,2.3538,2.5771,2.3188,2.3425,2.3403,22.456,23.396,50.343,35.161,49.869,53.47,73.298,100.78,93.08,111.32,94.329,37.193,94.358,90.388,86.052,79.571,104.7,91.595,69.234,68.487,54.899,46.11,59.921,58.686,36.166,28.876,27.299,1.8271,7.1528,8.2598,4.1773,4.5933,9.561,6.72,13.419,21.086,5.4195,4.5705,17.062,2.0262,5.5425,8.5671,9.4239,12.516,11.421,10.603,8.9008,10.43,10.288,17.408,13.472,12.893,10.405,9.2238,10.082,3.2966,7.8967,10.671,15.209,5.5185,11.364,2.0422,5.9412,6.619,10.572,15.226,15.428,0.021936,0.11219,0.00057931,0.0018716,0.27834,0.096872,0.16002,0.65022,7.8982,10.752,5.9335,12.719,3.9051,6.6258,2.4557,8.8112,6.2381,5.6975,3.4982,3.8825,3.713,4.0606,3.9815,4.2712,2.7087,2.2083,2.4127,2.3528,64.819,44.966,85.953,65.904,49.489,57.202,21.766,26.989,10.776,10.373,10.25,13.59,13.596,22.858,26.652,35.187,28.015,109.3,97.4,82.612,100.36,58.055,58.62,39.093,34.838,11.343,10.864,10.453,11.576,11.008,9.011,10.634,10.854,13.099,13.323,14.178,13.77,6.764,6.6991,14.278,10.884,10.465,6.5675,6.3672
40.611,74.14,167.64,116.65,11.14,28.297,10.539,13.55,15.202,3.5141,14.153,0.40486,0,14.661,3.6178,7.6404,54.29,47.453,35.206,71.725,72.525,120.69,126,114.03,98.235,84.929,90.021,99.871,77.926,86.558,62.082,59.466,41.887,52.116,52.67,36.717,34.784,24.13,16.431,5.6692,8.6399,10.484,17.609,10.566,2.8775,10.286,9.596,11.606,13.36,13.562,14.804,14.602,12.493,15.075,14.443,15.283,1.6315,16.478,7.9427,5.0814,4.6552,15.924,6.0485,10.509,1.3385,4.8664,21.23,15.996,4.3992,5.1828,3.493,4.736,4.6105,2.4818,11.513,0.43566,0.29583,0.90904,0.67679,4.9136,11.477,3.3164,2.1997,1.4566,0.10813,7.2671,5.242,4.1815,7.7361,4.1805,5.0112,4.5806,4.9939,4.1076,12.618,6.3691,6.3978,6.3847,5.8087,6.3706,6.4193,4.9515,6.7983,4.1063,3.8644,4.1916,4.5099,4.1769,4.2478,4.2035,28.85,29.772,59.755,43.11,59.068,63.181,82.734,112.91,104.79,124.42,106.98,44.754,106.79,102.5,98.218,91.32,116.92,102.99,80.227,79.088,63.476,54.53,70.02,68.833,44.207,36.02,34.314,3.7453,10.39,9.7716,7.1247,6.9452,12.634,9.7039,17.444,26.426,7.1629,6.7207,21.081,3.9295,8.0048,12.109,13.213,16.739,15.605,14.894,12.319,14.308,14.188,13.101,9.8049,8.7303,6.7231,6.0043,6.8069,1.4157,6.9373,7.318,14.903,5.3784,7.589,0.63213,3.2541,4.1288,7.134,15.283,15.858,0.55904,0.09087,0.39977,0.45919,0.33507,0.23889,0.8976,1.5787,8.8144,10.904,6.789,16.374,4.0242,7.1079,3.4989,10.887,7.0076,5.8028,3.5948,3.5563,4.2728,4.5232,4.4779,4.7884,5.125,4.335,4.3294,4.2395,75.469,53.688,98.15,75.543,58.818,66.686,27.297,33.595,14.748,14.29,14.097,14.807,14.76,29.341,33.383,43.094,35.09,122.17,109.59,93.677,111.7,66.468,68.741,45.705,42.666,15.434,14.941,14.454,15.752,15.219,12.751,14.563,14.865,14.075,14.374,15.524,14.984,5.4314,5.3459,15.487,14.862,14.417,5.1804,4.9771
57.415,66.801,137.91,81.926,26.391,14.193,3.5291,30.28,1.9984,32.114,2.0844,12.108,14.661,0,25.78,9.24,29.796,28.923,22.794,79.554,47.257,106.35,115.36,91.624,87.181,89.62,76.992,81.841,48.179,62.936,56.074,60.43,24.619,40.933,24.983,36.165,17.289,10.288,16.273,24.202,3.0185,2.9775,3.757,3.5713,13.518,1.1869,0.97256,0.42094,3.9944,3.5297,2.9907,3.621,3.378,3.1447,3.1032,33.33,26.068,48.883,40.53,31.088,14.545,27.481,26.688,4.9202,24.846,35.569,19.053,4.473,34.174,35.129,32.462,35.141,35.028,28.398,2.1493,12.009,12.222,11.139,9.7219,3.4177,4.2416,4.1089,20.72,19.47,17.249,34.525,31.17,23.32,30.928,30.602,30.649,25.936,30.223,26.534,4.7026,4.6292,4.8011,5.0463,5.8511,3.9124,4.1803,8.3824,1.9038,16.053,15.741,17,17.114,16.7,16.407,16.745,22.02,12.507,35.558,26.404,29.801,40.582,90.584,106.04,98.054,110.56,81.972,44.675,88.214,86.065,62.112,63.585,111.65,99.644,53.579,66.144,67.804,52.392,54.657,46.611,30.452,28.647,18.413,6.0084,2.7222,34.098,6.9172,2.4022,0.75959,2.1482,1.8758,35.069,1.3378,22.027,1.3289,5.2903,22.604,2.7498,3.2205,3.0836,3.6854,5.5266,1.9683,2.8132,3.0433,30.308,25.445,37.676,35.217,37.366,39.934,23.084,7.8176,41.248,5.7161,5.0169,39.178,18.417,25.07,33.72,40.212,4.5716,3.5661,11.136,13.315,11.979,11.89,10.565,11.485,9.5424,7.1485,1.7233,3.6141,31.51,1.0548,28.718,34.187,21.904,0.28562,32.476,33.054,27.709,29.399,27.112,28.274,27.98,28.645,6.6877,6.0079,16.597,16.604,50.464,44.129,64.989,75.661,41.304,60.51,34.593,33.596,3.0239,3.0599,2.803,1.45,1.5477,17.486,30.458,23.39,17.925,110.67,99.025,87.887,114.8,75.059,41.43,58.539,21.771,3.2176,3.5368,3.4578,3.5016,4.2796,3.3642,2.9118,3.1691,1.8381,1.7197,1.321,1.4835,36.952,36.79,1.5819,2.9693,3.1701,36.459,35.969
22.92,56.916,144.86,104.65,3.7256,26.99,14.513,28.61,30.516,2.1045,29.185,3.1307,3.6178,25.78,0,7.5064,50.623,42.101,30.21,49.627,64.4,98.095,101.11,96.097,78.023,61.347,72.118,82.386,71.2,74.383,46.848,42.128,37.531,41.535,51.794,25.56,33.123,24.586,12.225,0.70932,13.289,15.042,22.209,14.497,2.2639,17.334,17.238,20.324,17.009,17.696,19.686,18.775,16.684,19.83,19.145,30.702,2.8952,26.425,12.093,11.337,16.229,33.281,15.742,25.421,2.8989,6.6368,42.359,33.078,1.8355,1.3203,3.2962,1.9992,2.195,1.3708,25.491,3.1393,3.2756,3.1893,4.5155,14.881,26.621,9.8574,0.28165,0.5492,3.2774,0.6981,0.25717,0.26416,0.86099,0.38804,0.21393,0.11548,0.17665,0.016662,15.549,9.829,9.6906,9.461,8.3684,10.546,10.302,5.9846,17.136,1.9125,1.8947,1.6538,1.7844,1.7396,1.8697,1.739,23.031,30.077,54.297,38.018,57.243,55.833,58.576,88.615,81.77,101.05,91.551,31.25,88.328,83.828,90.8,80.384,91.412,79.022,71.095,63.257,44.133,39.452,57.213,59.857,37.103,28.1,31.767,7.077,15.239,1.5912,8.5731,12.833,20.457,15.305,24.345,15.017,15.759,1.7243,30.431,7.8337,2.4125,16.958,17.634,21.89,19.872,17.332,18.144,19.316,18.92,27.821,23.374,16.166,12.868,8.9929,8.9488,5.7211,20.352,9.2451,32.062,16.873,12.237,5.6763,10.074,5.7946,9.8299,32.158,32.446,3.5124,3.3069,3.2155,3.1737,5.0397,4.0776,4.3276,6.1802,20.813,25.482,0.49572,24.324,0.12169,0.64829,0.27137,21.187,0.55752,0.45858,0.10163,0.42197,0.02725,0.061075,0.051081,0.088542,7.2573,7.3371,1.8513,1.8021,66.491,41.949,88.921,55.223,49.744,50.526,16.053,23.123,19.585,19.017,19.087,29.479,29.517,26.158,24.21,39.879,33.084,98.198,87.256,72.191,84.165,45.178,62.809,27.758,40.397,20.172,19.253,18.776,20.239,18.829,16.977,19.497,19.559,28.872,29.17,30.269,29.746,2.2431,2.2682,30.501,19.778,19.041,2.3082,2.2811
21.51,36.669,105.14,64.605,4.5273,6.738,1.6054,38.082,16.524,15.414,15.992,4.5279,7.6404,9.24,7.5064,0,21.409,17.016,10.056,39.684,33.087,70.548,75.7,63.753,53.854,48.439,47.166,53.64,36.831,43.011,28.312,28.373,13.77,20.482,21,12.677,10.084,5.1282,1.9754,4.9125,1.6998,1.9388,4.1287,1.5871,1.7097,3.8099,4.2872,5.7166,2.1401,2.4641,3.3041,2.8102,2.1937,3.3132,3.074,41.33,13.822,46.522,30.396,25.167,19.157,39.452,26.498,17.287,13.194,22.662,38.985,20.999,15.683,14.869,17.301,16.285,16.598,12.668,14.075,4.4272,4.9333,3.279,4.1937,8.3146,17.268,3.946,5.4908,5.6977,9.1012,11.227,10.27,5.2919,8.0897,11.187,10.061,6.7044,9.6957,7.5727,1.5812,0.89599,0.81441,0.71569,0.53682,1.2875,1.1172,0.30872,8.0185,1.8579,1.8602,2.1627,2.0697,2.0574,1.921,2.0622,6.9939,7.8771,24.717,14.454,24.889,26.88,47.96,66.378,60.058,73.617,58.003,17.956,58.827,55.942,51.196,46.19,70.026,59.662,38.36,39.065,32.355,24.013,32.127,30.656,15.188,10.933,9.6866,1.2504,2.1062,9.2765,0.17369,2.5063,5.0091,2.512,5.683,9.2851,5.3275,3.3764,9.2953,1.4885,3.3093,2.4947,2.5289,4.148,3.2002,2.0562,3.2273,3.2258,3.012,37.556,31.492,32.702,28.617,25.944,27.006,15.486,16.806,27.862,21.846,11.708,29.922,12.633,20.794,20.911,28.033,20.648,19.597,4.1004,6.0648,4.5459,4.3535,5.9391,5.4875,3.5544,3.3793,10.523,15.898,9.1219,6.2076,9.5247,11.074,4.9522,7.5678,9.7191,11.392,9.1857,10.986,7.8566,8.5352,8.3419,8.567,0.47901,0.93612,1.9546,1.9951,35.1,21.787,51.029,39.808,24.215,31.549,9.316,10.905,3.2567,3.0413,3.1483,15.152,15.333,7.0485,10.125,14.583,10.19,72.425,62.765,51.737,68.683,36.105,30.621,23.139,14.481,3.4232,3.0015,2.8485,3.3801,2.7082,2.2841,3.2589,3.2059,15.468,15.437,15.301,15.337,17.255,17.258,15.857,3.3446,3.0178,17.236,17.043
30.207,12.923,39.808,13.064,30.812,4.2085,19.01,109.56,47.147,71.661,47.643,45.379,54.29,29.796,50.623,21.409,0,0.60889,2.7808,27.527,2.0491,26.83,32.672,17.823,19.238,29.099,14.258,14.629,2.2938,6.4696,10.225,15.871,1.0166,4.1792,0.54033,9.9491,2.1899,6.3433,13.139,40.441,22.319,19.779,13.288,18.93,34.683,24.232,26.507,26.464,15.67,16.003,15.821,15.115,17.11,15.425,15.896,115.31,69.451,129.83,102.82,92.549,74.493,108.19,93.068,57.657,68.111,87.917,96,57.338,71.337,68.266,76.386,72.477,73.423,65.782,47.437,45.057,46.581,41.241,43.512,44.843,55.807,37.055,46.841,48.289,58.314,55.715,55.962,43.658,46.375,59.85,55.713,47.081,54.746,50.146,15.735,24.592,24.388,24.23,24.966,25.366,24.936,26.487,40.563,33.601,33.937,34.436,33.7,34.129,33.604,34.107,5.8469,4.0784,0.27827,1.0644,0.42477,1.0218,31.876,29.718,26.011,29.057,13.305,11.377,17.185,16.859,6.5487,6.3478,33.235,28.481,3.4832,10.252,20.65,11.569,5.7771,2.1904,2.0111,4.9991,2.2942,30.229,20.282,46.623,22.125,26.994,23.087,22.288,16.89,18.775,33.243,34.378,19.425,30.32,32.191,18.335,16.672,14.636,14.388,13.256,19.574,16.423,16.16,109.04,98.6,106.41,99.222,94.45,96.324,73.133,63.233,97.877,61.557,52.734,101.93,66.334,83.471,84.431,98.346,57.71,53.924,43.835,49.958,45.4,44.808,48.555,47.845,41.535,39.362,43.224,53.277,50.637,19.771,55.591,55.526,43.629,32.16,51.964,58.222,55.238,60.113,50.703,52.225,51.757,51.947,26.188,28.467,33.595,33.848,2.7892,5.5038,6.9724,20.416,2.0641,11.453,17.261,10.258,15.808,16.065,16.587,44.332,44.877,4.0231,7.9327,0.65554,2.0915,29.987,24.757,21.945,39.553,26.554,0.9737,25.865,0.72645,15.104,14.987,15.417,14.534,13.987,16.891,16.098,15.522,46.435,45.823,43.45,44.492,74.121,74.231,44.936,15.816,15.821,74.375,74.124
22.313,9.7682,40.869,15.427,23.53,2.8545,16.426,102.66,46.114,61.945,46.379,39.095,47.453,28.923,42.101,17.016,0.60889,0,0.98511,21.258,2.6761,24.884,29.934,17.597,16.721,23.4,12.196,13.558,3.8393,6.6531,6.8691,11.088,0.19052,1.9759,1.8577,5.6477,1.4891,4.9908,8.9681,32.589,19.483,17.309,12.062,16.342,28.506,22.149,24.349,24.839,13.536,14.015,14.204,13.313,14.944,13.827,14.181,108.16,60.631,119.71,92.493,83.57,68.828,102.37,85.243,55.122,59.481,77.886,92.984,56.029,61.357,58.214,66.634,62.368,63.322,56.601,45.613,38.797,40.26,35.232,37.781,41.358,53.602,33.02,39.083,40.661,50.979,46.107,46.663,35.719,37.555,50.489,46.475,38.692,45.588,41.558,13.296,20.961,20.724,20.509,20.959,21.897,21.415,21.771,37.755,27.121,27.478,27.777,27.076,27.529,27.077,27.503,2.934,3.3914,0.77558,0.10632,2.0231,1.1495,25.541,26.259,22.565,26.996,13.662,6.9128,16.193,15.441,9.3182,7.3735,29.427,24.343,4.3501,8.2357,15.148,7.4609,4.3252,2.1958,0.41523,2.1297,1.2548,25.81,17.853,37.541,18.133,23.984,21.57,19.859,16.068,12.666,30.565,27.157,19.496,26.095,25.09,16.237,14.685,13.388,12.773,11.087,17.699,14.748,14.408,102.03,91.87,96.891,89.753,84.325,85.829,64.945,59.387,87.218,59.793,49.073,91.808,58.929,75.33,74.613,87.877,56.236,52.751,37.777,43.391,39.142,38.577,42.618,41.684,35.87,34.335,40.896,51.065,41.534,18.932,46.565,45.957,35.855,30.468,42.711,48.652,46.338,50.886,42.03,43.367,42.948,43.061,21.87,24.154,27.045,27.279,3.3391,2.9477,9.1112,15.709,1.1449,8.1024,11.421,5.8687,14.172,14.329,14.871,43.311,43.83,2.1728,4.155,0.34049,1.3157,27.444,22.081,18.359,34.047,20.16,2.0661,18.74,0.67286,13.561,13.273,13.623,12.99,12.161,14.779,14.451,13.877,45.198,44.668,42.596,43.501,63.78,63.908,44.032,14.216,14.085,64.091,63.902
17.119,11.673,51.522,23.69,15.09,1.0461,10.574,85.654,38.031,47.318,38.056,28.061,35.206,22.794,30.21,10.056,2.7808,0.98511,0,20.357,6.6917,30.835,35.602,24.297,20.824,23.98,16.06,18.776,8.6978,11.636,7.6543,10.535,0.43624,2.6386,3.9827,3.3182,0.82977,2.4671,4.0087,22.275,12.97,11.396,8.0436,10.501,18.998,15.816,17.658,18.531,8.5113,9.0155,9.4703,8.5854,9.6477,9.174,9.3704,90.635,46.291,99.832,74.658,66.955,55.144,86.099,69.002,44.891,45.314,61.477,79.48,46.802,46.793,44.067,51.458,47.677,48.511,42.674,36.857,27.81,29.067,24.802,27.145,31.682,43.783,23.893,27.674,29.039,38.147,33.748,34.131,24.846,26.53,37.379,33.964,27.349,33.206,29.758,8.094,13.709,13.488,13.274,13.496,14.602,14.16,13.838,28.968,17.791,18.088,18.312,17.74,18.113,17.749,18.091,0.56572,1.9521,3.5055,0.44857,4.9666,4.0805,25.378,30.574,26.383,33.085,20.237,5.2884,21.928,20.606,16.341,13.147,33.701,27.482,9.1448,11.325,14.306,7.0247,7.0506,5.6018,0.59588,0.68445,0.4355,17.399,11.884,26.646,11.146,16.698,15.793,13.584,11.736,7.6585,22.687,17.828,15.538,17.749,16.189,10.777,9.5704,9.1118,8.2942,6.5001,12.184,9.8727,9.528,85.009,75.733,78.964,72.429,67.278,68.556,50.34,47.75,69.781,49.835,38.504,74.092,45.227,59.773,58.577,70.419,46.839,43.934,27,31.722,28.113,27.628,31.313,30.385,25.502,24.469,32.17,41.467,29.839,14.146,34.015,33.611,24.954,23.412,30.847,35.853,33.814,37.712,30.162,31.302,30.946,31.051,14.103,16.04,17.72,17.911,7.5834,3.5398,15.902,16.487,3.1688,9.2725,6.7596,3.125,9.428,9.4758,9.9429,35.505,35.95,0.36502,1.8225,0.90745,0.68131,33.037,26.802,21.338,36.534,18.737,5.9043,14.832,1.2564,9.0017,8.622,8.8457,8.5311,7.624,9.5522,9.6495,9.1758,37.01,36.607,35.02,35.707,48.916,49.027,36.268,9.4939,9.2742,49.186,49.019
5.5982,4.0161,34.012,30.941,26.799,29.874,50.418,147.59,104.03,70.937,103.29,62.924,71.725,79.554,49.627,39.684,27.527,21.258,20.357,0,21.53,11.952,11.133,16.795,6.896,0.65976,7.5408,11.779,27.196,17.199,4.3036,1.6517,22.794,10.326,35.36,8.4738,29.257,35.217,24.709,39.106,54.166,52.608,50.09,50.247,46.496,62.797,65.917,69.5,47.902,49.57,51.912,49.339,50.225,51.344,51.351,153.22,76.391,148.48,110.28,108.07,110.06,153.79,118.45,109.1,76.187,91.982,157.23,116.57,67.686,62.028,77.754,68.109,69.662,67.275,99.412,62.639,64.474,58.838,64.814,84.326,108.7,68.584,51.328,55.019,73.371,45.952,50.044,43.944,38.521,55.908,50.33,44.96,49.576,48.083,45.705,51.786,51.174,50.444,49.346,54.369,53.242,45.87,82.836,41.592,42.4,41.241,40.272,41.302,41.113,41.217,18.426,34.765,24.2,21.091,34.4,20.351,0.3973,7.0135,5.6521,12.402,18.667,5.1265,12.804,10.764,34.028,21.968,7.2229,4.2328,21.885,7.4435,0.53375,3.573,10.232,18.177,16.382,13.895,26.692,54.722,53.766,35.578,44.533,60.547,64.837,57.141,59.143,11.179,72.758,34.952,68.925,56.461,32.059,52.857,50.763,52.371,49.368,43.173,56.57,52.559,51.552,146.13,134.46,122.38,113,100.44,99.612,87.584,107.85,100.26,119.5,94.439,110.95,84.58,102.64,88.977,102.72,116.05,112.68,62.504,67.507,63.192,62.498,70.786,67.797,62.301,64.254,90.021,105.13,42.957,63.875,52.498,46.082,45.684,77.862,43.527,50.805,53.283,57.784,48.092,48.641,48.392,47.843,48.817,52.692,40.847,41.118,20.479,8.4404,29.184,1.0174,14.975,3.8663,10.806,9.7536,51.756,51.501,52.564,100.08,100.7,24.724,11.707,26.108,28.298,10.736,8.0633,3.9391,4.5371,0.10465,25.899,3.2014,28.719,51.165,49.736,49.934,50.136,47.109,50.239,52.187,51.181,101.74,101.38,99.857,100.5,68.206,68.574,101.68,52.021,51.07,69.212,69.474
30.317,7.3959,23.807,5.2522,39.534,10.927,32.129,138.33,68.646,88.984,69.179,62.092,72.525,47.257,64.4,33.087,2.0491,2.6761,6.6917,21.53,0,14.848,19.602,7.8958,10.163,21.017,6.7103,6.195,0.34806,1.2851,6.7737,12.323,4.2715,3.5063,4.234,11.434,7.7479,14.67,20.81,52.133,36.378,33.285,25.242,32.016,48.205,39.521,42.435,42.692,27.915,28.505,28.533,27.414,29.893,27.996,28.568,144.73,88.073,158.05,126.01,115.94,98.501,137.68,118.12,80.712,86.759,108.55,125.35,80.806,87.943,83.779,94.863,89.089,90.321,82.694,68.729,61.718,63.572,57.195,60.533,64.592,78.653,54.377,61.194,63.401,76.778,68.183,69.485,56.415,57.558,74.54,69.327,59.913,68.241,63.574,27.714,38.581,38.266,37.984,38.613,39.802,39.17,39.645,59.785,46.066,46.581,46.816,45.865,46.526,45.961,46.484,10.435,11.417,0.8328,3.8159,2.8916,0.32208,24.08,18.121,15.556,16.512,4.9255,10.926,7.7595,7.787,2.4042,1.2184,20.971,18.047,0.20644,4.5401,16.187,9.224,2.1073,0.15866,3.7397,7.6104,7.4761,45.108,34.003,56.946,34.736,42.407,38.359,36.696,30.429,22.343,50.706,45.23,34.061,45.475,42.344,31.632,29.436,27.122,26.534,24.439,33.478,29.325,28.907,137.63,125.8,131.57,123.13,116.32,117.89,93.724,86.596,119.46,85.677,74.105,125.3,86.601,106.3,104.7,120.39,81.2,76.767,60.465,67.482,62.161,61.443,66.632,65.418,58.099,56.182,63.351,75.614,62.711,34.291,69.752,68.046,56.807,49.92,64.089,71.761,69.613,75.235,64.1,65.66,65.161,65.201,39.841,42.91,45.892,46.204,0.059185,4.2233,1.9795,14.045,1.126,7.1492,20.636,12.482,28.502,28.787,29.523,65.231,65.887,9.6615,10.562,4.2996,7.4307,17.511,13.948,13.072,27.609,21.456,0.33352,24.757,4.9014,27.588,27.301,27.842,26.79,25.803,29.635,28.895,28.098,67.724,67.006,64.2,65.434,90.617,90.805,65.997,28.538,28.448,91.088,90.92
32.107,5.6552,5.6406,9.8091,63.591,42.85,76.983,212,137.22,128.74,137.35,107.74,120.69,106.35,98.095,70.548,26.83,24.884,30.835,11.952,14.848,0,0.4051,1.7422,1.1586,7.5881,2.4027,1.8625,17.422,7.5521,9.6513,11.896,28.903,15.621,34.539,24.29,38.252,50.511,49.001,82.197,82.976,79.327,70.18,76.778,86.32,90.729,95.038,97.172,71.611,73.14,74.476,71.956,74.827,73.637,74.202,219.43,132.91,223.46,178.73,172.03,163.23,215.42,180.75,149.85,132.08,155.69,208.78,153.58,125.39,118.41,137.35,126.27,128.21,122.6,135.1,107.29,109.82,101.58,108.12,123.65,147.99,106.34,97.933,102.26,124.42,96.361,100.89,88.881,84.296,108.66,101.09,91.596,99.881,96.28,70.109,83.302,82.647,81.938,81.694,85.959,84.723,80.014,119.01,80.958,81.953,81.116,79.714,80.992,80.489,80.895,33.825,46.283,21.738,26.938,30.815,17.381,9.982,0.95589,1.2003,0.044454,3.7916,18.72,1.1793,1.1531,16.758,9.429,1.4356,2.2536,12.583,4.7974,11.994,13.175,8.5449,13.714,23.003,26.284,36.337,90.303,80.653,81.034,75.33,91.929,90.745,85.019,80.094,36.383,105.93,74.605,88.312,91.756,70.277,77.963,74.707,73.306,71.105,65.475,81.766,75.603,74.643,210.65,195.99,190.81,179.46,166.25,166.3,144.72,153.66,167.55,159.06,136.72,178.92,138.48,162.84,151.39,170,153.68,148.31,106.4,114.49,107.98,107.01,116.34,113.42,104.71,104.79,125.81,143.7,91.016,86.305,103.3,96.43,90.649,107.98,92.19,102.63,103.95,110.69,96.544,97.801,97.332,96.84,82.271,87.27,80.221,80.641,13.085,14.102,12.914,6.9154,15.355,7.9638,34.783,26.947,74.36,74.497,75.798,132.37,133.24,37.891,27.328,30.976,37.241,0.17723,0.38394,2.2647,5.204,13.797,19.61,25.235,33.431,73.135,72.068,72.707,71.781,69.115,74.594,74.981,73.649,135.35,134.55,131.34,132.75,127.02,127.44,133.78,74.54,73.93,128.14,128.3
31.863,7.001,6.9354,14.153,66.058,48.659,83.704,220.1,147.21,131.92,147.2,113,126,115.36,101.11,75.7,32.672,29.934,35.602,11.133,19.602,0.4051,0,3.824,1.9697,6.5826,3.9219,3.7929,22.805,11.175,11.422,12.707,34.128,18.892,41.286,26.766,44.178,56.753,53.223,85.089,89.785,86.228,77.478,83.488,90.799,98.36,102.79,105.36,78.394,80.087,81.722,78.97,81.732,80.858,81.373,227.54,137.03,229.3,183.08,177.32,170.86,224.42,187.24,159.27,136.32,159.55,219.57,163.92,128.21,120.88,140.82,129.01,131.03,126.02,144.51,112.56,115.13,106.83,113.83,131.56,157.56,113.24,101.6,106.22,129.47,98.312,103.32,92.002,86.417,111.36,103.59,94.442,102.4,99.156,76.62,89.572,88.866,88.086,87.626,92.455,91.131,85.352,127.22,84.956,86.011,84.973,83.536,84.892,84.427,84.787,38.043,52.696,27.105,31.943,37.416,22.17,8.6374,0.47392,1.0335,0.22265,6.6705,20.57,2.8942,2.6844,22.352,13.617,0.5464,1.6392,17.165,6.8389,12.089,14.75,11.503,18.065,27.315,30.001,41.941,96.296,87.638,82.753,80.995,98.988,98.743,92.188,88.083,38.235,113.76,77.684,97.178,97.95,73.247,85.051,81.724,80.733,78.201,71.949,89.162,82.861,81.809,218.63,203.77,196.22,184.57,170.38,170.11,149.78,162.31,171.25,169.27,144.95,183.47,143.97,168.53,155.3,173.96,163.91,158.57,111.79,119.79,113.28,112.29,122.2,119,110.34,110.9,134.58,153.13,93.192,94.545,106.09,98.42,93.99,116.53,94.281,104.89,106.87,113.6,99.356,100.5,100.06,99.474,88.001,93.215,84.127,84.551,17.606,16.979,17.868,7.0189,19.395,9.5096,36.76,29.564,81.588,81.668,83.039,142.2,143.09,43.086,30.455,36.641,43.059,0.059029,0.62562,2.4309,3.2895,13.138,25.047,25.169,39.409,80.368,79.143,79.76,78.952,75.984,81.525,82.229,80.839,145.15,144.37,141.24,142.61,129.57,130.02,143.74,81.799,81.076,130.79,131.01
