0,1.9283,3.0418,7.7328,5.2851,18.295,21.576,28.506,217.07,102.67,173.57,111.36,107.29,95.699,85.489,54.898,8.9971,3.5441,4.9301,1.7304,8.9483,18.242,27.782,37.431,26.51,73.463,68.697,40.965,50.282,37.986,31.976,17.528,12.826,24.675,9.1934,25.183,14.072,15.73,9.1189,13.059,4.3141,1.8211,2.2814,1.1025,4.2955,10.722,4.0908,30.204,87.209,133.29,151.68,104.52,124.03,104.87,120.29,106.54,120.03,187.95,228.54,149.39,134.21,120.91,111.74,111.89,116.87,92.934,122.89,65.159,41.747,49.539,4.7925,3.9387,1.4041,3.5075,1.8142,6.6598,0.4381,16.508,14.336,23.73,33.071,34.402,34.926,40.943,40.913,39.221,39.59,40.176,87.132,87.993,107.52,125.99,93.144,68.294,96.272,77.092,49.573,50.894,50.984,59.38,59.439,56.436,39.493,49.538,40.066,38.479,36.599,45.211,50.047,72.494,52.586,42.356,18.188,9.3102,12.778,12.303,12.007,12.646,11.575,12.834,28.107,26.685,26.114,24.943,10.927,10.279,10.802,12.904,14.132,12.457,11.216,15.371,6.5302,8.4576,11.118,17.647,17.242,16.337,17.046,10.306,10.55,10.409,8.51,6.5826,14.856,20.084,21.102,21.448,1.8962,0.59235,0.031219,2.6047,6.8644,5.8754,6.1462,4.07,14.714,140.67,130.35,155.71,151.12,66.512,111.75,97.65,100.99,103.47,112.7,212.2,234.26,106.96,130,85.384,72.205,67.993,60.304,38.29,59.286,3.5566,1.7956,15.242,8.9997,43.362,38.478,19.761,16.603,39.114,42.714,41.152,45.324,42.113,40.974,41.497,41.117,99.055,87.106,35.699,50.301,48.123,47.428,44.609,28.033,38.261,12.693,12.478,11.986,12.638,28.374,28.05,22.635,25.912,10.938,10.503,11.097,10.914,8.0228,6.3486,6.2116,17.485,19.771,14.236,16.742,16.237,16.678,3.7348,7.9058,10.568,12.956,5.2786,4.3691,15.012,8.3146,19.626,21.794,31.396,27.321,21.528,21.482,21.192,21.226,255.03,221.19,106.28,77.231,12.469,12.156,12.357,11.143,24.934,16.895,16.127,16.653,12.192,11.943,25.279,25.033,24.224,16.09,16.699
1.9283,0,5.1477,17.327,5.02,31.987,27.065,45.114,248.66,127.17,203.44,129.29,124.18,116,109.39,76.236,2.7156,9.7423,10.257,0.18123,18.175,31.634,44.213,56.208,32.527,86.404,89.123,52.369,70.406,54.131,48.109,24.092,19.076,40.332,18.193,41.02,21.683,23.814,19.36,25.017,0.74657,4.3418,3.981,1.9048,10.703,13.163,5.4828,47.351,109.11,157.52,179.68,128.05,151.31,129.02,147.78,130.87,147.68,219.83,256.02,180.99,156.37,140.57,131.42,132.29,136.08,116.37,151.14,82.49,58.609,68.19,6.0761,11.374,1.4038,3.3726,2.8227,14.839,3.19,29.507,22.534,38.129,49.887,51.485,52.217,59.657,59.545,57.557,57.884,58.586,109.52,109.2,130.11,150.16,111.9,81.356,122.23,97.082,60.204,61.624,62.225,70.64,81.791,78.421,57.349,69.69,58.317,56.492,53.84,63.694,68.758,95.25,72.822,52.716,27.017,16.11,19.909,19.554,18.913,19.58,18.654,19.926,44.649,42.747,42.139,40.629,21.572,20.6,21.432,24.752,26.409,24.005,21.876,27.972,13.305,13.163,18.141,26.274,25.307,24.122,25.551,21.051,21.397,21.291,18.502,15.636,25.958,32.333,33.41,33.897,1.6053,0.96485,1.4701,8.3241,14.296,12.373,10.025,7.5765,18.548,169.48,159.62,182.06,175.33,89.509,139.29,121.3,124.51,126.89,137.13,243.31,270.99,125.53,159.08,107.39,94.135,88.563,79.636,47.715,76.113,0.27125,0.049212,27.555,12.39,63.12,57.207,27.41,26.9,57.031,61.375,59.801,64.701,61.082,59.721,60.232,59.789,122.42,110.32,44.579,61.689,67.028,65.913,62.556,43.936,56.805,19.599,19.388,18.55,19.815,44.976,44.571,37.262,41.922,21.534,20.934,21.703,21.488,16.835,15.179,13.165,28.21,33.906,23.044,25.233,24.646,24.553,10.653,17.59,21.434,24.371,13.438,9.7398,27.555,17.833,32.193,35.127,44.367,41.304,33.918,33.818,33.245,33.417,293.08,255.22,131.89,101.42,19.312,18.755,19.262,17.997,40.606,25.311,24.312,24.988,19.071,18.968,41.031,40.732,39.699,24.11,24.908
3.0418,5.1477,0,9.2433,0.90196,22.877,8.8914,28.243,183.37,83.58,145.68,82.847,78.801,72.769,70.85,48.469,14.19,10.176,14.273,3.5268,16.637,24.576,27.659,36.937,12.165,49.51,53.691,24.694,43.031,28.408,25.955,6.9727,4.4251,25.372,6.1705,28.697,5.8925,7.0237,10.381,15.179,5.4093,0.19074,0.076497,7.5723,11.668,2.3444,0.13919,31.077,68.561,106.39,125.73,83.432,103.66,84.614,101.36,86.104,101.5,160.11,188.59,130.37,104.92,91.932,84.619,85.409,88.297,74.978,104.68,47.047,31.614,39.105,15.452,7.027,1.1879,0.65155,0.3474,13.815,1.3793,16.3,6.4929,19.613,28.168,29.247,30.008,35.891,35.599,34.263,34.19,34.698,69.253,68.151,84.43,100.59,69.225,45.633,82.084,58.739,30.236,31.251,31.623,37.819,53.469,51.341,32.844,42.868,34.164,33.037,30.258,36.643,39.494,60.524,44.251,24.943,8.8296,3.4243,4.9676,4.8594,4.4823,4.7715,4.4368,4.9639,28.213,25.978,26.444,25.13,9.9541,9.1998,9.9805,14.155,14.964,12.69,9.8341,15.209,2.8413,1.8521,4.2192,8.3912,7.7467,7.0894,7.9956,11.272,11.481,12.581,10.192,9.1574,10.551,13.919,14.355,14.718,1.131,1.8661,3.1397,2.4706,3.6774,2.502,0.81043,0.29152,4.5125,118.58,111.98,126.76,120.67,58.147,95.605,78.633,80.839,82.504,90.796,178.73,205.07,79.851,111.34,67.435,58.606,53.482,46.558,21.577,42.388,6.2104,5.7454,13.891,1.6791,40.476,35.959,8.8079,9.6984,32.903,36.157,35.707,39.131,37.005,36.012,36.067,35.775,79.212,70.595,19.509,31.222,38.949,37.687,35.174,24.687,35.064,4.7725,4.6828,4.2416,4.9417,28.377,28.095,20.508,26.739,9.7653,9.4485,9.7124,9.7022,5.9693,7.6249,3.0469,10.606,19.91,7.0399,7.8381,7.5292,7.3243,4.065,9.4526,11.596,11.606,6.31,1.3855,15.348,7.8018,14.419,16.569,20.167,19.656,14.646,14.538,13.969,14.204,224.1,190.14,88.034,66.674,4.6327,4.3367,4.6277,4.1004,25.011,7.8489,7.2926,7.6658,4.5402,4.5421,25.213,25.107,24.355,7.1449,7.5875
7.7328,17.327,9.2433,0,15.918,3.0508,19.214,6.5508,158.98,61.452,120,81.295,79.316,62.05,46.304,22.386,33.392,3.5241,7.1595,16.103,3.1413,3.9276,6.2037,11.139,22.779,54.169,36.328,26.203,20.014,15.14,9.845,13.45,9.787,4.7886,1.7577,5.4851,8.384,9.0031,0.058165,0.767,22.544,7.4754,9.4491,11.728,4.0046,15.227,11.528,7.4025,51.218,91.086,102.21,64.842,77.064,64.107,73.189,65.384,72.671,130.44,177.38,94.138,95.635,87.352,78.484,77.355,84.276,54.03,74.409,38.31,17.374,21.569,15.278,0.78426,12.321,14.179,10.493,2.8217,6.1338,1.7038,7.5527,5.3987,9.8046,10.558,10.717,13.89,13.971,12.936,13.301,13.643,50.318,53.144,69.313,84.19,62.35,49.011,53.108,44.936,35.744,36.81,35.943,43.876,25.012,22.903,13.829,19.325,13.765,12.737,12.21,17.937,21.934,36.101,21.886,29.438,9.8604,5.6728,8.112,7.4709,7.8398,8.3573,7.1429,8.2321,6.3546,5.7257,5.4267,4.9002,0.6312,0.60617,0.56851,0.66068,0.95871,0.61081,0.8126,1.3654,3.368,8.8247,6.8426,9.7391,10.399,10.097,9.4201,0.1915,0.22586,0.25761,0.023462,0.12687,3.0121,5.6087,6.398,6.468,13.282,11.061,8.7454,2.2199,2.5004,3.3224,8.3939,7.3571,16.107,90.336,79.822,108.91,108.26,30.344,65.072,58.129,61.497,64.027,71.071,155.1,166.87,75.918,79.798,49.325,37.132,35.433,30.342,27.357,33.669,21.531,16.976,1.5746,11.83,14.664,11.889,13.46,5.8466,13.414,15.475,14.15,16.738,14.545,13.875,14.331,14.092,59.926,48.935,25.946,35.026,19.895,19.921,18.224,6.8757,11.904,8.4511,8.2505,8.4529,7.9045,6.4822,6.3279,4.2385,5.3499,0.70263,0.61628,0.80044,0.71442,1.1458,0.081588,2.7979,5.8867,2.7853,6.3708,9.1707,8.8674,10.238,1.0682,0.0011946,0.2246,1.0645,0.2912,4.1215,1.2161,0.3388,4.7098,5.3578,14.511,9.1244,6.634,6.6831,6.8991,6.6989,184.7,158.77,63.019,38.287,8.3666,8.5396,8.1541,7.1733,4.8981,9.4459,9.176,9.3747,8.0548,7.5661,5.0545,4.9417,4.5858,9.4421,9.6457
5.2851,5.02,0.90196,15.918,0,32.849,9.6078,38.883,195.4,94.662,158.02,87.574,82.875,80.305,82.625,60.597,11.809,15.949,20.148,3.2966,24.556,34.78,38.222,48.879,12.816,52.2,63.2,28.256,54.203,36.535,34.923,8.8707,6.6411,35.646,11.391,39.757,9.0127,10.314,17.401,23.479,3.7487,1.6893,0.92403,9.9295,17.749,2.1817,0.37725,42.326,78.123,115.45,137.36,93.427,116.18,95.203,114.35,96.763,114.69,173.71,196.56,145.91,112.11,97.624,90.773,92.16,93.807,85.669,118.32,53.878,40.057,48.596,19.111,12.727,1.4464,0.19566,0.93867,20.952,3.6364,24.696,10.06,27.95,37.831,39.017,39.964,46.706,46.3,44.864,44.659,45.221,79.306,76.993,93.36,109.97,75.561,48.706,95.253,67.177,32.583,33.587,34.345,40.027,66.341,64.193,42.741,54.197,44.486,43.32,39.844,46.473,48.994,72.217,55.234,27.579,12.431,6.5843,7.8753,7.9298,7.318,7.5408,7.4724,7.8334,38.9,36.17,36.861,35.3,16.694,15.711,16.746,22.178,23.156,20.283,16.485,23.366,6.5102,3.5297,7.277,11.89,10.837,10.063,11.467,18.536,18.801,20.22,17.156,15.748,16.781,20.423,20.757,21.212,1.0766,2.7137,5.0926,6.3279,7.877,6.0729,2.2743,1.8941,4.7866,131.64,126.23,136.66,128.87,70.851,109.3,89.2,91.058,92.462,101.16,190.52,221.4,85.309,125.39,77.228,69.392,63.2,55.684,23.796,49.195,5.0984,5.906,21.584,2.3632,52.461,47.387,11.29,14.804,42.942,46.579,46.388,50.089,47.967,46.869,46.804,46.495,89.407,81.488,21.511,34.104,48.899,47.239,44.463,34.149,46.216,7.5131,7.4564,6.8109,7.905,39.077,38.754,29.464,37.266,16.426,16.035,16.329,16.34,11.304,13.766,6.9527,15.985,29.1,11.144,11.336,11.023,10.33,8.7833,16.193,18.952,18.737,11.973,4.3444,23.588,13.946,21.349,23.975,25.913,26.886,21.066,20.91,20.098,20.467,240.84,204.34,100.02,79.597,7.3544,6.9098,7.4133,7.0184,35.147,11.266,10.616,11.047,7.3283,7.4813,35.365,35.259,34.381,10.339,10.86
18.295,31.987,22.877,3.0508,32.849,0,34.344,2.9285,157.01,59.355,116.78,91.384,90.539,66.579,42.461,16.93,51.726,7.5186,10.646,31.114,3.2773,0.26054,2.6985,5.2824,38.225,67.242,36.465,36.827,16.318,17.018,9.8286,26.268,21.79,1.6856,7.8869,0.67406,18.789,19.177,2.539,0.92078,40.126,19.901,23.075,21.675,7.3742,31.36,26.426,2.5848,51.707,93.466,99.985,64.875,72.629,63.008,67.757,64.185,66.842,125.02,183.23,84.287,101.55,95.822,85.924,83.682,93.013,52.473,67.755,43.477,18.771,21.183,22.455,5.3357,26.729,30.149,24.474,4.3823,16.928,1.9746,17.14,6.2459,8.4454,9.0439,8.8493,10.546,10.858,9.9543,10.601,10.859,49.86,55.029,71.441,85.828,69.084,61.261,46.789,47.343,48.851,49.975,48.401,57.495,18.207,16.027,12.276,15.287,11.381,10.365,11.159,16.733,21.545,32.076,18.651,41.809,19.574,15.73,18.842,17.873,18.66,19.335,17.569,19.035,2.6063,2.9359,2.1195,2.0395,3.8708,4.2565,3.7451,1.4003,1.4567,2.2231,4.2562,2.0454,12.273,21.545,17.201,19.617,21.017,20.887,19.321,2.2843,2.2256,1.5541,2.5501,3.1949,7.5438,9.8908,10.929,10.836,28.3,24.263,19.804,10.365,10.423,12.36,21.331,19.863,31.702,85.16,72.144,110.08,112.56,24.123,58.08,56.916,61.029,64.11,70.557,153.52,156.88,84.568,72.489,49.327,34.88,35.147,30.991,40.368,38.733,37.969,31.046,3.2051,26.363,9.0238,7.1724,25.312,12.648,11.559,12.997,11.088,13.287,10.954,10.448,11.169,10.95,59.46,46.852,39.269,47.174,18.557,19.344,18.067,5.6745,7.7507,19.484,19.211,19.762,18.524,2.7237,2.6356,3.7698,1.7919,4.104,4.1332,4.3044,4.1606,6.9587,4.0883,11.228,12.209,1.6344,14.948,19.007,18.689,20.986,7.6613,2.9342,2.1513,3.6701,5.1584,14.175,1.6909,4.5572,8.134,7.9585,20.727,12.327,11.148,11.289,11.962,11.504,174.22,152.71,59.256,31.951,19.422,19.851,19.086,17.792,2.1114,19.441,19.309,19.426,18.973,18.191,2.2565,2.1265,1.9828,19.812,19.9
21.576,27.065,8.8914,19.214,9.6078,34.344,0,29.797,120.64,49.372,93.406,39.224,36.052,35.954,44.077,36.584,42.694,30.879,39.912,22.917,36.55,39.021,29.573,36.382,0.2563,17.022,29.146,5.4396,30.84,15.788,18.9,0.54079,1.6106,29.19,9.5404,36.77,2.3277,2.2558,19.443,24.199,25.329,10.952,10.602,32.367,33.359,2.6335,8.1847,33.97,37.145,60.214,77.996,46.892,65.229,48.871,64.996,49.937,65.621,106.29,119.42,90.551,56.68,46.178,41.757,42.964,43.552,43.401,68.834,20.144,17.549,23.131,46.401,21.2,16.188,11.638,12.582,33.74,15.97,20.846,2.9813,16.926,22.309,22.78,23.742,28.269,27.634,27.093,26.364,26.657,38.641,35.428,45.516,56.81,32.107,15.064,54.362,29.32,6.8159,7.2743,7.6735,10.419,41.484,41.02,23.421,31.562,25.588,25.37,21.811,23.718,23.286,38.846,30.277,4.7456,2.4439,4.0951,2.3661,2.7336,2.5081,2.2279,2.9267,2.3004,30.396,27.278,29.393,28.128,15.2,14.541,15.475,21.906,21.715,19.093,14.43,20.147,6.9627,3.0854,3.1278,2.3283,1.7616,1.7167,2.3514,19.465,19.538,22.549,20.109,21.226,10.226,9.7666,9.2458,9.5221,15.507,18.892,22.172,12.993,8.0539,7.339,4.6918,6.9047,0.83189,76.221,75.068,75.688,68.965,41.903,63.556,45.232,45.774,46.245,52.252,116.75,145.25,37.903,74.117,37.025,35.047,29.595,24.862,3.2267,17.789,28.337,28.657,17.204,2.8547,35.397,32.281,0.88095,5.9626,24.113,26.228,27.524,29.194,29.092,28.505,27.838,27.735,44.746,41.461,2.414,7.5962,24.737,22.929,21.327,21.993,30.477,2.1797,2.2831,2.1995,2.4812,30.351,30.199,20.746,30.477,14.738,14.739,14.347,14.632,11.004,17.845,7.8433,6.5646,24.083,4.0476,2.4334,2.4969,1.7134,14.347,19.407,19.789,15.643,16.688,7.7389,21.111,14.674,11.505,13.01,7.5242,11.764,9.2586,9.0976,8.3219,8.7597,160.51,129.59,54.26,46.051,2.223,2.1496,2.3343,2.9202,27.849,2.2829,2.2426,2.2573,2.3886,2.6657,27.763,27.919,27.436,2.0555,2.0858
28.506,45.114,28.243,6.5508,38.883,2.9285,29.797,0,117.36,36.142,82.879,65.602,65.528,43.42,23.128,5.8128,69.519,17.436,23.293,42.864,11.832,4.7632,0.0054649,0.61149,32.01,48.59,19.355,25.238,5.4382,7.2017,2.7787,22.597,20.016,0.1863,8.3007,1.2293,16.206,15.844,5.3805,3.1904,52.787,26.062,29.383,35.355,17.715,32.348,31.601,0.14856,30.714,64.395,68.935,40.817,46.425,39.144,42.515,40.053,41.789,89.699,141.7,56.012,72.114,68.429,59.958,57.695,66.265,30.906,42.524,26.19,8.0071,8.8978,39.036,11.615,35.803,37.274,31.852,13.278,24.917,1.6892,14.395,1.9209,1.77,1.9809,1.8198,2.3872,2.5545,2.1406,2.4752,2.5886,29.108,33.61,46.505,57.967,46.269,43.523,26.327,27.953,35.442,36.257,34.533,41.908,6.7156,5.4782,3.4978,4.8373,2.8972,2.4089,3.0626,6.0151,9.124,15.641,6.8498,30.086,15.199,15.509,16.89,16.12,17.092,17.476,16.176,17.066,0.011584,0.056865,0.070365,0.12391,4.6881,5.2253,4.691,3.0751,2.4974,3.3253,4.7458,2.0826,13.774,22.275,16.034,15.467,17.086,17.35,15.418,4.5328,4.3738,4.6395,5.8962,7.9098,5.4488,5.5276,6.0716,5.8909,37.158,34.224,30.419,15.382,11.839,14.304,23.641,23.649,30.273,56.518,46.056,77.893,80.751,10.31,34.962,34.377,37.704,40.225,45.213,114.4,117.03,59.414,46.311,28.8,17.777,18.317,15.646,29.862,22.75,51.636,44.608,2.5276,27.487,1.792,0.9666,20.551,9.1175,3.0755,3.7099,2.6711,3.7655,2.5687,2.335,2.7015,2.5968,36.481,26.571,29.561,33.42,7.0652,7.7153,7.0627,0.86362,1.1523,17.61,17.431,18.271,16.628,0.0058213,0.0085737,0.82345,0.13927,4.8016,5.0413,4.831,4.8439,8.259,7.9569,13.006,8.3898,0.79913,12.265,15.228,15.121,17.301,12.174,6.3973,4.3606,3.6402,9.3204,17.233,2.1561,6.543,4.2843,3.5427,11.917,5.5512,6.1265,6.2586,6.9195,6.5177,132.07,113.36,35.901,15.583,17.659,18.277,17.36,16.635,0.1209,15.606,15.804,15.695,17.326,16.634,0.096894,0.11426,0.17585,16.341,16.163
217.07,248.66,183.37,158.98,195.4,157.01,120.64,117.36,0,23.302,3.0857,25.894,29.737,25.186,36.457,72.733,299.54,209.82,233.46,237.36,198.9,169.38,118.76,108.83,111.99,51.6,43.361,75.242,72.342,76.036,90.832,121.01,131.18,126.18,138.46,141.75,123.62,118.7,154.12,150.31,250.85,187.29,190.5,246.49,213.33,157.5,184.42,121.67,29.737,10.46,6.4059,20.764,16.604,21.299,19.671,20.592,20.486,2.8402,5.606,17.72,12.829,19.891,21.375,19.944,21.592,28.053,20.806,44.712,71.241,64.007,271,180.4,213.82,201.55,199.46,201.28,199.16,132.47,121.49,106.54,93.365,91.247,91.605,86.272,85.325,87.907,86.014,85.285,30.486,28.72,19.062,12.357,28.311,53.054,34.616,35.508,71.731,70.539,68.473,63.924,72.42,77.238,81.899,74.772,83.886,86.74,85.36,71.792,63.372,47.539,67.504,77.733,111.83,138.24,128.04,128.81,130.6,128.99,131.14,128.03,119.6,117.01,122.74,123.26,139.91,141.05,140.78,145.91,141.51,141.76,137.71,134.56,148.43,148.74,132.49,113.39,115.75,118.37,114.89,149.84,149.12,155.95,157.8,168.04,121.05,106.93,104.12,103.52,213.27,218.92,221.12,173.04,146.82,151.67,159.95,169.71,140.52,11.852,19.778,5.2385,7.7547,60.76,26.958,25.053,22.742,21.231,17.464,0.033307,5.287,24.943,19.144,31.208,43.896,44.469,50.423,84.683,49.654,257.07,251.43,129.64,154.88,93.556,98.451,112.87,113.63,83.611,79.676,84.673,79.089,85.228,86.588,84.473,85.073,23.718,32.345,89.183,68.348,68.04,67.164,70.116,104.17,95.654,128.98,129.47,131.84,128.22,118.82,119.34,115.34,125.55,139.12,140.6,137.98,139.03,144.32,161.9,149.84,111.49,129.32,120.63,115.53,116.78,117.42,167.97,158.69,149.56,134.03,164.38,160.8,137.53,148.34,109.69,106.07,83.398,92.56,103.15,103.14,103.33,103.51,6.1796,1.4056,23.605,49.899,129.72,131.31,129.77,132.93,122.72,115.42,117.6,116.12,130.24,130.38,121.63,122.6,123.78,118.14,116.38
102.67,127.17,83.58,61.452,94.662,59.355,49.372,36.142,23.302,0,9.7577,13.355,15.337,3.6264,1.6591,14.195,165.87,94.379,110.14,119.87,86.213,67.087,36.908,31.915,45.533,19.71,3.4025,22.638,13.634,15.91,22.323,46.596,51.162,41.057,50.555,50.323,45.431,42.567,58.294,55.44,131.51,84.899,88.038,122.09,96.509,70.826,85.533,38.716,0.88499,5.0379,5.2778,0.46599,1.11,0.12961,1.1651,0.153,1.3326,12.884,36.479,6.5466,9.4398,11.452,8.5992,6.9087,11.403,0.24316,1.9199,6.695,13.66,10.229,137.59,75.428,103.74,97.446,94.068,88.035,91.129,44.878,43.525,30.556,23.411,22.348,22.509,19.956,19.483,20.716,19.788,19.443,0.67912,1.4733,1.8502,3.2963,6.4074,18.338,2.3134,2.6591,24.994,24.692,22.849,23.502,14.559,16.683,17.849,14.747,18.766,20.128,19.522,13.338,9.9779,4.4775,11.538,26.005,38.521,53.255,48.154,48.268,49.652,48.919,49.581,48.221,37.401,35.89,39.125,39.39,50.037,50.87,50.529,52.892,50.222,50.621,48.823,46.17,58.244,61.824,50.273,39.486,41.446,42.997,40.293,55.584,55.126,59.098,60.56,67.078,39.798,32.037,30.699,30.302,103.98,105.98,105.72,72.669,56.584,60.261,68.624,74.077,60.552,3.0531,3.0284,8.287,10.642,9.6439,1.9895,0.094209,0.22347,0.45578,0.65298,21.96,26.885,10.212,2.7539,0.89516,3.2344,3.5957,5.6094,29.691,7.9092,134.56,128.54,43.548,67.369,23.956,26.207,41.272,37.1,18.64,16.805,19.169,16.602,19.483,20.116,19.081,19.365,0.21862,0.73979,32.019,22.315,11.741,11.469,12.772,28.976,24.684,48.966,49.162,50.815,48.15,36.968,37.252,35.074,40.735,49.636,50.549,49.004,49.602,53.817,63.602,58.73,35.633,42.876,42.199,40.574,41.219,42.454,68.589,61.237,55.371,46.375,65.5,66.524,47.868,55.438,33.099,30.842,21.656,24.195,30.186,30.233,30.587,30.533,34.14,22.706,0.22746,5.9902,49.393,50.526,49.3,50.758,39.08,40.663,41.944,41.086,49.55,49.345,38.467,39.013,39.674,42.459,41.415
173.57,203.44,145.68,120,158.02,116.78,93.406,82.879,3.0857,9.7577,0,18.588,21.992,13.57,18.473,45.972,250.7,164.65,185.38,193.63,153.94,127.38,84.076,75.444,86.53,37.988,24.323,53.767,45.867,50.156,61.591,92.197,100.21,90.408,103.52,103.4,92.984,88.75,115.64,111.71,206.97,148.43,151.85,199.3,167.54,124.97,147.3,86.335,14.725,4.1695,0.73802,8.7105,5.381,8.7121,7.1781,8.2452,7.6841,0.52194,12.933,6.9682,7.9597,13.727,13.462,11.719,14.857,13.01,7.9362,27.358,46.172,39.942,220.05,139.07,172.61,162.78,159.84,156.41,157.97,96.488,90.772,74.806,63.344,61.572,61.79,57.156,56.423,58.551,57.057,56.448,14.948,14.555,8.5215,4.6239,17.007,38.272,17.032,19.451,52.836,51.972,49.846,47.379,45.634,49.478,53.944,47.76,55.386,57.71,56.866,45.899,39.443,26.574,42.097,56.914,82.797,105.11,96.864,97.335,99.063,97.8,99.306,96.899,84.745,82.729,87.47,87.985,103.7,104.81,104.42,108.08,104.25,104.78,101.89,98.374,113.23,115.45,100.41,84.175,86.544,88.816,85.433,111.84,111.2,116.87,118.82,127.85,88.164,76.263,74.027,73.467,172.47,176.45,177.36,134.06,111.4,116.06,125.14,133.28,110.28,2.8681,7.4678,1.7278,4.8042,36.493,11.855,11.093,9.7983,9.0174,6.5447,2.707,6.1852,16.572,7.0346,15.58,24.136,25.021,29.756,62.827,30.951,211.83,205.59,94.461,121.74,62.817,66.952,84.872,82.878,55.268,51.958,55.902,51.316,56.267,57.4,55.722,56.213,10.425,15.845,66.615,49.515,42.888,42.378,44.825,72.312,64.72,97.82,98.186,100.37,96.96,84.088,84.538,81.821,89.8,103.08,104.38,102.14,103.02,108.39,122.84,114.21,80.878,93.464,89.546,85.937,86.968,88.004,129.03,119.72,111.55,98.482,125.28,124.36,100.85,111.24,78.25,74.949,57.797,64.005,73.214,73.246,73.583,73.629,9.2475,2.9729,9.7051,28.177,98.449,99.931,98.424,100.92,87.539,85.927,87.812,86.54,98.817,98.772,86.618,87.433,88.471,88.391,86.862
111.36,129.29,82.847,81.295,87.574,91.384,39.224,65.602,25.894,13.355,18.588,0,0.1434,3.3837,21.087,42.193,163.42,116.38,134.93,120.39,115.28,101.39,66.278,64.856,33.669,4.7732,16.063,17.256,38.162,29.651,41.731,41.763,49.218,70.363,62.092,84.456,46.256,43.39,78.889,80.456,127.32,87.16,87.922,134.25,120.07,62.154,82.078,70.95,10.338,5.4373,13.877,8.898,17.363,11.013,20.083,11.071,21.187,25.338,21.773,32.616,2.3454,0.39814,0.57524,1.1616,0.21029,13.537,23.359,8.8945,27.787,27.05,157.31,93.961,103.79,93.032,93.906,114.39,97.913,68.02,45.93,49.93,45.821,44.829,45.738,45.498,44.46,45.735,44.027,43.764,12.235,7.7836,5.4105,5.9948,1.8493,5.6805,26.112,9.1939,13.339,12.723,12.238,9.4052,45.09,47.965,39.313,40.256,42.126,43.801,40.389,32.843,26.717,26.134,34.53,16.944,39.624,56.307,48.716,49.63,50.274,49.029,51.126,48.621,67.334,63.67,68.499,67.931,67.777,67.862,68.481,76.323,73.744,71.89,65.934,68.676,64.766,60.007,52.101,40.395,40.974,42.423,41.313,76.598,76.268,82.286,81.383,87.663,53.018,44.321,42.155,42.036,102.64,109.07,113.64,83.003,65.074,66.796,67.371,74.653,51.438,19.271,26.024,9.1861,5.3361,37.49,25.473,12.06,10.156,8.8955,9.3888,24.076,45.828,0.21997,24.933,11.648,20.816,17.306,18.345,20.091,11.157,133.36,132.15,63.642,62.074,54.816,55.824,37.729,44.735,40.912,39.845,43.968,41.496,45.389,45.86,44.054,44.368,10.368,15.939,22.287,12.415,31.027,29.104,29.942,52.253,52.891,48.953,49.358,50.478,48.975,66.843,67.049,58.036,70.879,66.966,67.776,66.014,66.831,66.572,81.715,66.407,44.068,68.591,46.722,41.804,42.616,41.872,81.793,81.299,76.701,64.877,82.03,71.681,71.07,71.912,47.476,46.551,27.12,37.156,41.572,41.424,40.83,41.343,52.63,33.886,16.919,32.44,49.404,50.132,49.59,52.057,67.421,41.532,42.741,41.906,49.919,50.374,66.724,67.399,67.755,42.789,41.813
107.29,124.18,78.801,79.316,82.875,90.539,36.052,65.528,29.737,15.337,21.992,0.1434,0,4.1999,22.93,43.378,157.13,113.5,131.83,115.37,113.24,100.47,66.156,65.373,30.633,3.5773,16.955,15.68,39.012,29.403,41.498,38.896,46.276,70.034,59.928,84.19,43.687,40.947,77.085,79.125,121.75,83.235,83.77,129.9,117.25,58.172,77.833,71.029,11.614,7.3071,16.78,10.604,20.097,12.895,22.882,13.002,24.034,29.289,24.462,36.536,3.6384,1.0095,1.2034,1.987,0.70089,15.236,26.371,8.9264,27.732,27.481,153.11,91.401,99.184,88.376,89.569,112.06,94.064,66.961,43.522,49.233,45.779,44.859,45.826,45.974,44.912,46.109,44.387,44.155,13.648,8.8635,6.8506,7.856,2.2402,4.5241,28.518,9.9499,11.537,10.946,10.602,7.7627,46.554,49.333,39.547,41.116,42.471,44.084,40.457,33.238,27.164,27.677,35.404,15.077,37.381,53.527,46.017,46.966,47.515,46.276,48.416,45.911,67.243,63.444,68.269,67.607,66.072,66.068,66.773,74.957,72.494,70.438,64.231,67.509,61.991,56.653,49.378,38.097,38.521,39.896,38.983,74.93,74.628,80.661,79.513,85.541,51.421,43.027,40.874,40.794,97.948,104.58,109.45,79.958,62.481,63.947,63.798,70.985,47.828,22.414,29.313,11.624,7.183,39.118,28.302,13.811,11.866,10.573,11.338,27.79,51.098,0.54341,28.168,12.955,22.125,18.24,18.945,17.973,11.058,127.88,127.09,62.39,58.357,55.587,56.317,35.155,42.904,41.165,40.298,44.424,42.147,45.935,46.345,44.534,44.831,12.038,17.583,20.023,10.82,31.534,29.494,30.187,51.97,53.33,46.192,46.599,47.625,46.289,66.769,66.952,57.412,70.647,65.247,66.013,64.296,65.105,64.361,79.526,63.684,42.354,67.844,44.484,39.471,40.262,39.369,79.078,79.345,75.067,63.381,79.657,68.527,69.89,69.901,46.273,45.557,25.998,36.328,40.313,40.15,39.477,40.029,58.25,38.41,19.209,34.38,46.627,47.288,46.83,49.287,67.093,39.178,40.324,39.53,47.152,47.648,66.417,67.079,67.373,40.327,39.402
95.699,116,72.769,62.05,80.305,66.579,35.954,43.42,25.186,3.6264,13.57,3.3837,4.1999,0,7.5768,22.682,151.13,94.57,111.15,108.18,90.496,75.14,44.081,41.469,31.607,7.1659,5.1778,13.467,20.216,16.49,25.249,35.796,41.44,47.906,47.479,59.243,37.379,34.696,59.452,59.09,117.09,75.489,77.327,116.13,97.426,56.851,73.319,47.351,1.8955,3.1883,8.2746,1.6764,7.0051,2.5983,8.2458,2.7053,8.8662,18.968,29.61,18.171,3.6878,3.0969,1.5109,1.0378,2.8173,3.4377,10.34,2.9437,14.676,13.049,134.94,74.653,92.447,84.249,83.073,90.792,83.684,48.151,36.353,32.803,27.845,26.913,27.465,26.417,25.678,26.815,25.548,25.281,2.7501,0.91359,0.6798,2.3772,0.39992,6.7856,10.833,1.7263,12.925,12.531,11.447,10.661,24.486,26.781,22.29,21.747,24.144,25.545,23.479,17.206,12.787,10.878,17.526,14.907,31.052,45.815,39.809,40.301,41.245,40.31,41.623,39.794,44.85,42.261,46.144,45.933,50.166,50.564,50.74,55.842,53.375,52.559,48.697,49.025,52.234,51.562,42.411,31.859,33.031,34.432,32.665,57.109,56.743,61.577,61.716,67.775,38.227,30.518,28.859,28.632,91.998,96.093,98.244,67.835,51.643,54.151,58.278,64.346,46.928,9.5212,12.485,7.4585,6.4191,18.705,10.986,2.8177,2.0548,1.6282,2.3372,23.463,37.526,1.8789,11.798,2.4842,7.628,5.862,6.9963,18.011,4.3994,121.49,118.05,45.293,55.159,33.024,34.364,31.423,32.904,23.439,22.208,25.297,23.049,26.193,26.673,25.315,25.586,2.0814,4.6366,20.075,11.264,15.68,14.563,15.466,33.419,32.186,40.296,40.58,41.879,39.931,44.416,44.636,38.897,48.067,49.576,50.383,48.814,49.491,51.174,63.188,53.268,31.932,47.652,36.14,33.028,33.711,33.92,65.405,61.96,57.073,47.115,64.172,59.409,50.991,54.609,32.57,31.159,17.586,23.622,28.349,28.295,28.146,28.38,45.096,29.091,5.6647,14.927,40.709,41.58,40.755,42.613,45.534,32.939,34.101,33.31,41.028,41.152,44.918,45.497,45.945,34.359,33.416
85.489,109.39,70.85,46.304,82.625,42.461,44.077,23.128,36.457,1.6591,18.473,21.087,22.93,7.5768,0,6.2437,146.13,75.09,88.768,103.18,66.518,48.88,23.772,19.331,41.511,23.521,1.5932,20.666,6.1368,9.6297,13.45,39.878,42.836,27.231,38.639,34.464,37.107,34.683,43.405,40.131,115.09,71.19,74.649,102.27,76.706,62.026,73.38,24.94,1.9062,12.353,12.355,3.4627,4.0319,2.5938,3.0661,2.7688,2.9628,21.809,53.696,9.0086,18.247,19.737,15.528,13.461,19.332,0.94554,3.384,6.7774,7.8714,4.8735,114.77,58.87,88.701,84.312,80.058,68.603,75.574,31.391,35.026,20.087,13.805,12.957,12.971,10.686,10.394,11.332,10.721,10.447,1.1992,3.2817,6.1949,9.5079,10.893,21.223,0.57195,3.2363,25.165,25.097,23.111,25.369,6.3957,7.8374,9.64,6.8291,10.059,11.058,11.014,6.6026,4.7166,0.73478,4.8436,24.74,31.202,43.161,39.503,39.365,40.766,40.291,40.434,39.609,24.111,23.135,25.609,25.938,36.825,37.696,37.205,38.203,35.891,36.638,35.911,32.601,46.547,52.004,40.945,32.068,34.135,35.473,32.711,40.972,40.551,43.623,45.335,51.089,29.07,22.802,21.895,21.503,89.306,89.9,88.43,58.254,44.6,48.301,57.779,62.052,53.248,7.4134,4.7302,17.345,20.541,3.3033,1.8627,1.5945,2.5331,3.3492,4.3535,34.888,37.369,17,4.6479,1.4203,0.58032,1.4424,2.75,27.804,7.0455,117.03,110.25,30.812,57.912,13.233,15.093,34.974,28.169,10.119,8.6254,10.177,8.2433,10.284,10.784,10.09,10.301,2.2876,0.36094,29.685,22.388,5.4981,5.5891,6.6037,18.126,14.042,40.369,40.473,42.047,39.422,23.76,24.004,23.182,26.855,36.564,37.371,36.087,36.556,41.172,48.533,46.672,26.735,29.273,33.302,32.883,33.376,35.017,53.979,46.073,40.727,33.53,50.528,54.144,33.93,41.755,23.204,21.052,16.199,16.261,21.491,21.576,22.099,21.915,46.05,34.221,1.3996,1.3898,40.726,41.818,40.563,41.515,25.707,33.067,34.166,33.437,40.753,40.382,25.208,25.645,26.238,34.742,33.842
54.898,76.236,48.469,22.386,60.597,16.93,36.584,5.8128,72.733,14.195,45.972,42.193,43.378,22.682,6.2437,0,107.72,42.298,51.839,72.145,34.15,20.833,6.1635,3.6347,36.549,35.542,6.2224,21.526,0.25454,4.4412,3.5156,30.199,30.098,8.0622,20.4,11.651,24.897,23.461,20.209,16.83,83.766,47.18,50.908,66.433,43.054,46.954,51.779,6.4367,12.276,35.122,36.14,18.068,19.946,16.468,17.195,16.989,16.661,50.465,95.811,25.745,42.947,42.519,35.842,33.36,41.291,11.325,17.009,13.672,3.8558,2.3393,73.647,31.546,61.283,60.329,54.916,36.312,48.279,11.82,22.723,6.5699,2.7944,2.4434,2.2681,1.0222,1.0297,1.3146,1.2662,1.1662,10.842,14.822,22.902,30.238,26.383,31.596,7.4562,12.059,29.641,30.04,27.988,33.187,0.15415,0.20747,1.584,0.18937,1.2476,1.4902,2.1763,1.482,2.3774,2.728,0.47276,26.49,21.297,27.405,26.511,25.957,27.257,27.266,26.516,26.673,6.2638,6.0805,7.1519,7.4663,16.85,17.667,17.02,15.994,14.499,15.602,16.49,12.729,27.85,35.941,26.674,21.905,23.952,24.79,22.201,18.475,18.162,19.602,21.429,25.427,13.809,10.712,10.616,10.286,62.444,60.723,57.454,34.185,25.631,29.016,39.525,41.499,41.447,26.545,19.182,44.116,48.025,0.64139,12.307,13.512,15.881,17.724,20.594,70.566,70.743,36.626,19.376,10.923,4.2449,5.4989,5.0395,28.055,12.018,83.807,76.23,12.349,42.006,1.3148,2.0647,26.482,15.884,1.5174,0.93432,0.99779,0.50018,0.84845,1.0199,0.94224,0.99794,15.137,8.6763,28.911,26.978,1.4398,2.0315,2.3134,4.4906,1.8045,27.388,27.327,28.625,26.306,6.0862,6.2258,7.1515,7.7255,16.826,17.376,16.637,16.856,21.529,24.465,27.385,14.675,9.9266,20.505,22.17,22.352,24.531,30.016,22.162,18.221,14.523,26.382,33.659,13.358,20.487,10.031,8.3664,11.291,7.2181,10.442,10.577,11.299,10.931,82.536,68.442,13.474,2.3654,27.594,28.516,27.327,27.333,7.3725,22.498,23.176,22.74,27.398,26.781,7.113,7.3309,7.7124,23.799,23.235
8.9971,2.7156,14.19,33.392,11.809,51.726,42.694,69.519,299.54,165.87,250.7,163.42,157.13,151.13,146.13,107.72,0,20.526,19.278,3.7348,32.028,50.53,68.381,83.101,49.229,113.63,122.09,75.641,100.77,80.739,73.664,40.299,34.304,63.397,34.918,63.464,38.364,41.177,36.219,43.541,2.2536,13.435,12.326,6.7177,21.505,24.135,13.994,72.026,144.78,198.21,224.28,166.24,193.49,167.68,189.77,169.78,189.74,269.31,304.13,227.59,195.44,176.76,167.1,168.57,171.64,153.56,193.77,112.91,86.179,97.841,10.203,24.571,7.2721,9.861,10.181,27.679,11.79,49.872,39.771,61.195,75.878,77.847,78.743,87.81,87.683,85.261,85.669,86.524,145.52,144.44,167.84,190.33,145.6,108.34,161.13,130.54,83.51,85.129,86.218,95.295,114.27,110.23,85.01,99.919,86.201,83.977,80.727,92.613,98.512,129.93,103.63,75.157,45.4,31.216,35.946,35.619,34.617,35.417,34.437,35.938,68.873,66.672,65.722,63.875,39.535,38.231,39.332,43.407,45.666,42.622,39.974,47.878,27.743,26.143,33.792,44.402,42.879,41.309,43.483,38.558,39.029,38.599,34.961,30.787,45.402,53.6,54.912,55.551,7.3096,6.8143,7.9735,20.548,29.319,26.41,21.714,18.396,31.606,213.86,203.43,225.7,217.03,123.4,180.53,159.02,162.43,164.93,176.58,293.58,326.29,159.95,202.76,142.97,128.37,121.55,111.01,68.91,105.62,1.6382,2.7546,47.488,24.113,91.804,84.636,44.943,46.205,84.633,89.907,87.997,93.926,89.535,87.884,88.517,87.979,160.08,146.83,65.013,85.762,96.595,95.177,91.132,68.455,84.227,35.418,35.175,33.937,35.87,69.297,68.789,60.002,65.343,39.5,38.682,39.742,39.441,33.068,30.461,27.649,47.985,55.438,40.772,43.108,42.371,41.872,24.078,33.746,39.06,43.303,28.044,22.406,47.252,34.405,53.533,57.327,67.916,64.942,55.551,55.409,54.602,54.869,350.34,308.05,171.58,137.28,35.036,34.202,35.024,33.503,63.868,43.142,41.825,42.712,34.782,34.767,64.426,64.026,62.727,41.472,42.529
3.5441,9.7423,10.176,3.5241,15.949,7.5186,30.879,17.436,209.82,94.379,164.65,116.38,113.5,94.57,75.09,42.298,20.526,0,0.6855,10.001,1.3064,6.711,16.826,24.041,36.247,81.324,62.481,45.785,39.574,33.248,25.035,24.282,18.593,14.088,8.4858,12.633,18.156,19.604,4.3303,5.785,15.314,7.6045,9.3556,3.7886,0.051994,20.803,12.603,17.814,81.589,130.17,143.69,98.578,113.38,97.692,108.5,99.267,107.8,176.74,229.86,132.99,134.92,124.28,113.91,112.86,120.49,85.133,109.78,64.393,36.541,42.489,4.3205,1.1989,9.1697,13.071,9.2134,0.53975,4.3561,9.5021,17.544,17.572,24.657,25.842,25.982,30.465,30.691,29.115,29.806,30.309,80.474,83.906,103.9,121.99,94.38,75.214,83.257,73.457,57.18,58.58,57.914,67.661,45.403,42.269,30.985,38.435,30.644,29.04,28.597,37.19,43.002,61.737,42.427,49.073,21.622,12.886,17.178,16.338,16.483,17.31,15.615,17.314,16.882,16.513,15.336,14.641,7.071,6.8591,6.8713,6.2965,7.2988,6.8253,7.599,8.7904,8.765,14.861,15.072,21.247,21.63,20.889,20.657,5.1307,5.2793,4.3259,3.7429,2.325,12.56,17.643,18.958,19.133,10.334,7.0057,4.0897,3.8223,8.0406,8.2282,12.696,10.073,24.348,129.34,116.18,151.44,150.22,53.236,98.153,90.274,94.461,97.571,106.24,205.35,218.36,110.4,116.23,79.212,63.403,61.303,54.543,45.632,58.335,13.265,8.9476,9.7291,17.342,30.348,26.406,25.531,16.84,30.264,33.235,30.992,34.805,31.38,30.403,31.232,30.868,92.511,78.664,43.334,56.89,39.999,40.134,37.734,19.687,26.82,17.417,17.118,16.987,16.915,17.145,16.888,14.977,14.84,7.2644,6.9425,7.5434,7.2894,6.9237,3.1534,7.9169,17.221,11.258,16.348,20.277,19.744,21.193,3.3014,3.5717,5.2152,8.4615,2.9978,7.7588,8.1851,5.4528,16.23,17.538,31.294,23.847,19.374,19.428,19.634,19.385,238.72,209.5,96.188,63.972,17.211,17.164,16.963,15.379,14.716,20.605,19.967,20.417,16.779,16.208,15.058,14.785,14.194,20.185,20.684
4.9301,10.257,14.273,7.1595,20.148,10.646,39.912,23.293,233.46,110.14,185.38,134.93,131.83,111.15,88.768,51.839,19.278,0.6855,0,11.219,2.1503,9.0067,22.586,30.446,46.117,96.843,75.605,57.61,49.227,43.106,33.326,32.599,25.898,19.328,13.992,16.672,25.644,27.421,8.2078,9.6383,16.426,11.166,13.001,3.436,0.45504,27.315,16.953,23.282,96.616,149.3,163.18,115.01,130.27,113.89,124.81,115.58,123.96,197.86,255.4,150.18,154.68,143.39,132.21,131.03,139.32,100.17,125.92,78.246,46.79,53.238,2.2249,3.6967,11.592,16.626,12.392,1.4026,6.835,14.593,25.005,24.67,32.597,33.947,34.026,38.86,39.185,37.392,38.268,38.83,95.265,99.316,121.02,140.45,111.08,90.189,97.159,87.963,70.194,71.749,71.064,81.782,54.95,51.356,39.907,47.837,39.318,37.464,37.256,47.084,53.815,74.005,52.579,61.186,29.879,19.199,24.404,23.429,23.538,24.524,22.536,24.559,22.564,22.453,20.813,20.111,12.014,11.782,11.745,10.509,11.784,11.424,12.725,13.779,14.107,21.059,21.876,29.417,29.79,28.882,28.712,9.2423,9.427,7.9351,7.3848,5.3813,19.062,25.199,26.782,26.978,12.938,8.8491,5.3458,7.3841,13.297,13.374,18.167,14.782,31.948,147.31,132.6,171.91,170.91,63.969,113.24,105.82,110.48,113.93,123.22,228.78,241.07,128.46,132.74,93.954,76.218,74.239,66.888,57.244,71.55,13.749,9.1789,15.182,23.585,38.006,33.691,34.246,24.32,39.006,42.282,39.547,43.838,39.852,38.766,39.798,39.383,108.37,93.022,54.605,69.946,50.246,50.544,47.899,26.755,34.365,24.646,24.292,24.068,24.102,22.884,22.592,21.247,20.095,12.286,11.878,12.66,12.323,11.965,6.7348,13.065,24.777,16.43,23.649,28.264,27.628,29.251,6.9056,7.2098,9.3242,13.729,6.5489,12.502,12.943,9.9622,23.43,24.904,41.224,32.419,27.274,27.344,27.614,27.306,262.47,232.48,111.8,75.913,24.389,24.286,24.108,22.211,20.232,28.639,27.861,28.409,23.884,23.232,20.653,20.307,19.645,28.093,28.704
1.7304,0.18123,3.5268,16.103,3.2966,31.114,22.917,42.864,237.36,119.87,193.63,120.39,115.37,108.18,103.18,72.145,3.7348,10.001,11.219,0,18.412,31.193,42.012,53.715,27.948,78.995,83.128,46.872,66.232,49.767,44.569,20.342,15.852,38.388,15.972,39.712,18.391,20.359,18.022,23.727,0.58003,3.011,2.5893,2.5988,11.115,10.278,3.714,45.317,102.14,148.45,170.49,120.37,143.48,121.49,140.26,123.28,140.24,209.86,243.64,173.09,146.92,131.41,122.69,123.64,127.05,109.43,143.72,76.048,54.054,63.408,7.6971,10.704,0.62115,1.991,1.6623,15.045,2.4339,27.587,19.268,35.181,46.546,48.062,48.831,56.115,55.95,54.07,54.298,54.973,102.69,102.02,122.05,141.43,103.99,74.235,115.94,90.351,54.066,55.407,56.028,63.932,77.718,74.583,53.513,65.648,54.619,52.922,50.13,59.359,63.944,89.754,68.387,47.046,23.345,13.419,16.744,16.464,15.834,16.418,15.649,16.751,42.491,40.443,40.079,38.564,19.682,18.713,19.577,23.27,24.793,22.314,19.889,26.097,11.125,10.489,15.197,22.644,21.671,20.567,21.979,19.6,19.929,20.107,17.282,14.705,23.256,29.101,30.038,30.516,0.72111,0.49428,1.3305,7.0591,12.174,10.29,7.7182,5.6624,15.119,161.11,152.07,172.32,165.43,84.825,132.41,114.09,117.05,119.25,129.19,232.11,260.29,116.9,151.48,100.57,88.334,82.67,74.029,42.29,69.996,0.44056,0.38349,25.431,9.6664,59.988,54.25,23.473,23.667,53.291,57.49,56.174,60.837,57.505,56.197,56.6,56.184,115.05,103.73,39.322,55.544,62.515,61.306,58.067,41.035,53.708,16.429,16.246,15.451,16.672,42.789,42.4,34.755,39.977,19.602,19.043,19.72,19.548,14.855,13.968,11.09,24.946,31.967,19.874,21.697,21.162,20.967,9.3903,16.367,19.987,22.326,12.229,7.8462,25.801,16.147,29.154,32.017,39.899,37.572,30.507,30.397,29.785,29.991,281.86,244.33,124.69,96.12,16.166,15.635,16.136,15.035,38.517,21.748,20.818,21.446,15.965,15.907,38.903,38.641,37.641,20.605,21.348
8.9483,18.175,16.637,3.1413,24.556,3.2773,36.55,11.832,198.9,86.213,153.94,115.28,113.24,90.496,66.518,34.15,32.028,1.3064,2.1503,18.412,0,2.3618,11.334,16.76,41.824,83.294,56.745,47.464,32.552,29.844,20.942,28.68,22.816,9.0502,9.4672,6.8979,21.255,22.431,3.4826,3.4047,25.466,13.458,15.974,9.4125,1.0463,28.048,19.809,11.558,75.399,123.75,134.09,91.579,103.25,90.029,97.932,91.495,97.018,164.43,223.43,119.17,130.62,121.91,111.15,109.41,118.39,77.585,98.454,61.726,32.677,37.263,8.7378,2.2205,16.747,21.275,16.235,0.17,9.5195,6.7528,20.111,14.481,19.801,20.822,20.751,24.129,24.473,23.062,23.873,24.299,73.743,78.503,98.037,115.32,91.724,76.833,72.964,68.726,60.076,61.457,60.33,70.495,36.36,33.345,25.646,31.275,24.844,23.339,23.685,31.731,37.751,53.552,35.529,51.806,23.986,16.178,20.585,19.579,20.012,20.887,18.932,20.764,11.258,11.43,10.078,9.6805,6.3415,6.4088,6.1252,4.1745,4.9185,5.1422,6.9386,6.3489,11.645,19.958,18.387,23.751,24.627,24.06,23.218,3.9415,4.0155,2.7905,3.0105,2.1625,12.124,16.662,18.045,18.104,18.25,13.993,9.8695,6.8405,10.3,11.266,18.2,15.566,30.844,118.34,104.08,143.74,144.52,44.152,86.987,82.769,87.279,90.633,98.68,194.76,202.46,108.52,104.34,72.803,56.196,55.355,49.428,48.969,55.829,22.886,17.092,7.75,23.625,22.758,19.562,29.146,17.555,24.79,27.238,24.785,28.167,24.853,24.024,24.955,24.623,85.391,71.013,47.001,59.134,34.324,34.904,32.871,15.249,20.255,21.026,20.697,20.832,20.265,11.493,11.293,11.313,9.4958,6.6139,6.3995,6.9266,6.6641,7.8632,3.4232,10.552,17.59,7.5377,18.303,22.819,22.313,24.313,5.2762,3.11,3.9169,7.195,3.8485,11.615,5.6911,5.5281,14.808,15.512,30.736,21.784,18.422,18.531,19.016,18.619,222.12,196.11,86.971,54.376,20.852,20.996,20.535,18.855,9.7889,23.235,22.739,23.1,20.355,19.619,10.094,9.8364,9.4117,23.109,23.491
18.242,31.634,24.576,3.9276,34.78,0.26054,39.021,4.7632,169.38,67.087,127.38,101.39,100.47,75.14,48.88,20.833,50.53,6.711,9.0067,31.193,2.3618,0,4.4819,7.3227,43.411,75.624,42.766,42.911,20.379,21.49,13.281,30.405,25.29,3.1846,10.023,1.3778,22.313,22.881,3.5283,1.7746,40.276,21.223,24.509,20.568,6.368,34.608,28.34,4.1288,59.145,103.42,109.91,73.117,80.905,71.051,75.635,72.291,74.617,135.73,197.12,92.456,112.05,106.08,95.645,93.267,103.12,59.812,75.475,50.469,23.448,26.061,20.179,5.6221,27.484,31.651,25.652,3.552,17.529,3.5618,20.605,9.0424,11.622,12.31,12.061,13.887,14.269,13.244,14.015,14.302,57.109,62.764,80.196,95.344,77.83,69.281,53.211,54.574,55.763,56.981,55.359,65.084,22.045,19.59,16.019,19.183,14.936,13.773,14.775,21.066,26.461,37.657,23.029,48.153,23.513,18.545,22.229,21.163,21.951,22.728,20.76,22.437,4.3312,4.8627,3.747,3.6863,5.526,5.9212,5.3561,2.4959,2.6999,3.5909,6.0294,3.594,14.458,24.431,20.32,23.514,24.946,24.728,23.151,3.3909,3.3486,2.324,3.4034,3.7321,10.182,13.135,14.344,14.255,29.193,24.616,19.7,11.464,12.506,14.436,23.8,21.863,35.563,94.027,79.975,120.75,123.53,28.688,65.163,64.572,69.001,72.309,79.091,165.79,168.29,94.214,80.392,56.572,40.874,41.315,36.861,46.451,45.344,37.692,30.496,5.0756,29.37,11.812,9.7893,29.633,15.979,15.181,16.766,14.538,16.997,14.328,13.765,14.619,14.372,67.334,53.763,45.167,54.061,23.091,24.012,22.613,8.3468,10.55,22.889,22.58,23.094,21.881,4.4818,4.3767,6.0111,3.276,5.8134,5.7981,6.075,5.8797,8.8056,4.9831,13.274,15.56,3.1952,18.267,22.795,22.415,24.862,8.7042,3.8064,3.2478,5.4827,6.0802,16.067,3.093,6.0084,11.125,11.004,25.468,16.113,14.607,14.762,15.497,14.99,186.21,164.48,66.816,37.22,22.798,23.207,22.436,20.941,3.7888,23.265,23.057,23.227,22.299,21.454,3.9799,3.8063,3.632,23.581,23.729
