0,5.9016,10.478,14.736,16.127,21.716,29.617,31.055,42.936,13.15,9.5559,8.4461,57.544,66.593,135.9,193.42,179.8,144.82,113.43,21.728,24.04,27.515,36.642,34.206,90.177,22.818,22.892,26.181,36.616,10.122,9.9862,20.912,22.356,22.936,19.174,21.086,26.348,19.683,18.386,17.292,17.916,15.67,7.3744,8.5306,22.069,1.2491,0.35654,0.65306,1.0035,3.4722,20.939,13.006,4.988,6.3419,9.0473,5.6022,14.824,18.344,17.609,20.914,19.876,17.054,25.249,19.257,21.642,16.765,32.676,16.994,37.186,27.064,6.6981,9.6786,17.455,3.7385,5.5722,12.364,1.8956,12.278,16.993,2.6534,5.2515,17.922,7.5009,5.6684,11.27,8.9798,22.069,10.823,9.1583,44.147,54.666,49.117,59.216,95.663,90.144,211.06,168.9,162.26,133.03,112.92,118.71,99.428,90.257,77.909,25.258,19.503,19.826,13.307,7.2369,17.116,29.202,30.525,32.865,33.22,67.737,52.105,60.678,52.606,60.923,55.128,73.43,23.02,20.734,20.471,21.49,22.191,28.067,25.828,25.385,22.67,27.4,5.1192,4.6702,9.6641,10.1,20.674,17.371,22.239,19.928,21.701,18.196,17.049,17.716,14.711,17.498,14.971,18.339,3.206,5.2124,8.3766,8.7337,16.272,19.129,28.013,30.667,24.37,26.022,7.4913,30.802,10.409,13.483,9.3909,17.568,1.3019,18.108,17.682,14.017,14.415,1.9974,2.5946,26.13,10.341,20.243,15.379,27.437,88.442,65.143,113.28,58.829,70.809,96.072,91.666,76.04,90.063,106.6,168.97,154.95,171.22,136.98,135.15,87.114,94.187,20.814,15.063,9.5415,14.916,33.254,26.206,29.905,30.504,30.939,30.834,75.313,107.7,31.712,16.99,22.099,31.228,10.271,19.158,6.0557,11.001,9.3557,11.677,12.125,10.236,9.7073,10.088,20.13,20.434,19.465,20.802,22.973,20.232,21.195,35.841,37.251,51.59,94.816,212.2,146.65,32.409,30.987,24.066,22.622,37.132,37.869,38.084,18.648,24.243,16.273,21.853,32.828,35.259,31.846,32.253,32.229,31.001,31.436,31.77,32.049,32.123,37.548,36.782,36.197,37.995,33.583,31.633,25.693,31.285,32.303,37.02,37.259,38.932,37.993,36.444,36.642
5.9016,0,4.0882,2.2499,3.2073,5.1178,10.13,11.786,62.217,35.27,26.115,1.5536,26.654,32.854,86.201,133.26,134.65,94.033,78.34,5.8709,6.9788,8.2,13.686,12.651,50.714,9.296,9.8292,12.572,13.255,2.6747,2.7416,5.1958,5.9768,6.1444,3.8079,4.8287,7.916,4.0969,4.0346,3.6866,3.9315,3.1646,5.3182,7.6267,15.251,3.991,6.9874,3.0089,3.2487,0.72363,4.6345,1.3861,5.5421,0.51682,0.47589,0.13962,2.2321,3.4494,3.161,5.1074,4.1306,2.895,6.7612,3.9607,6.0681,8.1343,12.028,10.623,14.543,49.132,25.013,8.2053,15.021,17.569,18.517,6.1747,8.1046,4.9591,4.9947,8.7154,0.11253,4.0991,0.56703,0.0049486,1.9815,0.83335,7.4841,1.4776,3.332,18.305,29.237,23.761,31.087,54.678,54.046,148.71,121.38,117.8,94.803,73.312,76.658,65.484,59.948,51.697,9.2107,5.2283,5.8947,2.73,6.244,2.9165,9.6869,10.363,11.564,11.88,34.513,30.559,29.286,23.795,30.481,25.947,38.005,9.7803,12.718,9.2215,10.671,5.5721,8.7116,7.3209,7.0204,6.5128,7.8763,2.4587,0.63435,2.6452,2.8682,5.2613,3.6881,6.3412,5.838,5.2026,4.0413,3.3722,3.6186,2.6259,3.8387,2.7113,4.2156,6.4151,3.6799,0.39623,0.29031,2.5765,3.7863,8.7651,9.8288,41.585,34.729,25.348,39.184,31.23,20.684,12.966,11.555,10.244,16.914,12.919,4.3549,10.055,1.1837,3.3109,10.505,7.0074,4.5953,3.4824,7.9319,48.758,42.046,72.193,30.873,37.157,56.764,51.194,42.919,51.717,66.25,113.4,113.12,117.25,97.111,90.274,47.859,53.004,7.1458,3.6126,1.2184,2.0915,14.294,10.092,9.7474,10.099,10.463,10.317,49.971,64.247,10.895,3.254,11.616,10.693,1.0666,3.9768,3.9204,8.2399,5.3492,5.8018,3.0423,2.0518,2.4536,2.7618,4.8701,4.9949,4.6104,4.7967,6.0946,4.6944,5.0229,13.922,14.67,22.636,54.156,153.61,99.436,11.233,10.463,10.174,9.207,14.622,15.028,15.134,8.0246,8.4507,7.2196,13.124,11.448,13.044,11.022,11.212,11.177,10.62,10.665,10.94,11.094,11.236,14.887,14.29,13.946,15.172,11.791,10.756,8.4018,10.567,11.1,14.514,14.734,15.699,15.155,14.156,14.294
10.478,4.0882,0,3.4692,11.281,10.866,19.795,23.616,91.361,46.24,39.929,0.63449,31.518,35.095,79.49,123.27,103.47,84.363,54.968,4.3235,5.3344,8.6629,12.35,10.005,46.419,2.5088,2.4454,3.5339,14.262,0.21974,0.18063,13.144,14.282,14.059,7.0347,10.649,16.028,6.3616,3.7148,3.0825,3.3275,2.3437,0.81704,1.5703,35.055,4.7657,9.2597,6.0368,5.0035,2.7209,7.3866,5.3806,2.0484,1.7053,2.7691,2.7816,8.384,6.5435,7.9427,12.725,7.1585,6.3146,11.236,9.5614,15.616,0.81616,22.283,1.5339,24.54,70.528,31.773,23.445,34.638,26.662,30.909,20.284,7.1389,17.905,16.3,6.7208,3.0349,12.709,7.5303,4.3068,10.869,1.6488,19.579,9.4123,0.051136,26.45,17.909,15.817,21.384,50.879,41.025,135.5,95.759,90.389,68.844,55.738,60.615,45.504,39.231,31.318,3.9841,2.901,2.467,1.2002,1.3046,6.6359,7.7398,8.5207,10.038,9.9348,30.605,15.851,26.961,21.89,24.552,22.088,36.673,2.5048,2.4228,1.6577,2.0115,12.611,16.37,13.989,13.276,15.97,11.906,12.412,1.9815,0.18433,0.15126,13.785,11.736,15.88,16.58,6.1547,3.4461,3.5015,3.8161,2.4071,3.02,2.4995,3.2674,4.0035,1.105,6.2633,3.7525,6.5715,7.8987,16.761,15.783,64.21,59.892,35.26,66.184,40.421,40.105,29.671,29.367,11.092,37.34,31.54,16.115,26.949,4.2903,2.8,24.489,0.72551,5.2262,1.6685,10.228,48.859,23.479,56.873,21.107,31.496,47.028,50.811,32.165,43.682,52.766,103.4,84.849,101.56,71.742,72.188,47.109,53.522,2.2595,1.3349,1.2286,4.8962,7.1027,4.1373,8.9369,9.1859,9.0606,9.2525,29.718,58.192,9.4678,3.7514,2.2866,19.321,8.1584,5.3654,0.80577,1.1621,0.30836,0.16276,0.46937,0.58037,0.26006,0.18431,12.921,13.005,12.78,11.243,13.749,11.907,11.693,24.405,24.927,24.34,49.835,131.28,80.769,9.9987,9.1588,2.8933,2.4403,24.945,25.263,25.303,22.664,20.511,21.709,31.536,10.294,11.084,9.4008,9.7231,9.7698,8.7829,9.5343,9.4632,9.623,9.403,25.267,24.242,23.9,25.607,10.996,9.6979,5.1336,9.4967,10.167,24.718,25.161,26.036,25.542,24.303,24.506
14.736,2.2499,3.4692,0,2.903,2.0701,6.7551,9.2197,86.16,54.974,43.695,1.6696,15.539,19.354,61.159,101.48,104.3,67.454,55.949,0.90436,1.3252,1.9895,4.9197,4.2308,32.015,3.9332,4.5262,6.4454,5.0137,1.9998,2.1432,3.3287,3.8621,3.681,0.62857,1.9898,4.6218,0.49146,0.27847,0.24664,0.28523,0.25499,6.9281,9.3692,22.004,9.8941,15.485,9.4189,9.1932,4.0253,0.79284,0.49186,8.8946,1.8853,0.70018,2.1682,1.4947,0.48466,0.97683,3.0856,0.68144,0.43434,2.2786,1.5748,4.7877,5.2663,8.2088,8.4223,9.5559,72.127,41.303,16.417,24.103,32.16,33.676,11.458,15.342,9.2572,6.2217,15.545,2.4067,3.474,3.17,2.4526,3.9147,0.81861,7.5535,3.0766,3.2769,10.985,15.943,11.584,16.839,35.308,34.401,114.71,91.502,89.019,69.878,50.306,52.807,44.798,41.006,35.095,2.9691,0.8748,1.3784,0.64462,8.2936,0.52952,2.6001,2.9573,3.639,3.8005,19.336,18.305,15.61,11.658,16.174,12.987,22.448,4.4153,9.2365,4.8491,6.1843,2.9235,4.7699,3.5261,3.1722,4.8856,2.6878,8.3412,3.0279,2.2016,2.2269,3.7432,2.9604,4.8813,5.7463,0.68244,0.30476,0.12649,0.16588,0.13652,0.30094,0.12938,0.38382,11.558,6.1884,2.0802,0.95647,0.55148,0.90154,4.9895,4.5371,62.328,51.645,42.393,56.509,49.66,34.951,24.395,18.113,19.547,26.93,20.416,6.9988,17.221,5.8924,7.7013,10.61,7.3544,0.43617,0.5878,2.2017,31.337,27.718,49.101,16.7,21.188,36.417,33.19,25.618,32.435,44.143,84.107,85.492,87.027,71.483,64.235,30.401,34.9,2.308,0.81356,0.85109,0.1617,5.8402,3.5817,2.6728,2.8564,3.0261,2.9658,33.883,42.816,3.2649,0.093671,7.0984,6.4179,2.4738,0.31261,5.9287,8.6455,5.725,4.9696,1.4389,1.2883,1.9672,2.1137,3.2843,3.2986,3.2834,2.2943,3.5013,2.69,2.5006,9.4831,9.7983,11.571,34.797,118.75,71.942,3.4681,3.0313,4.4525,3.9086,9.8106,10.009,10.034,11.062,7.8511,11.064,18.394,3.5976,4.4824,3.3267,3.4402,3.425,3.0971,3.1545,3.2877,3.3742,3.4382,10.012,9.3701,9.1586,10.226,3.8312,3.2108,2.1058,3.1038,3.4162,9.6675,9.9469,10.498,10.185,9.4097,9.5359
16.127,3.2073,11.281,2.903,0,0.86241,2.04,2.6973,67.81,52.14,38.066,6.7749,14.053,19.874,68.078,110.41,132.16,76.788,77.952,5.897,6.3134,5.0406,9.2258,9.7405,37.632,13.508,14.636,17.911,7.3168,8.3595,8.6067,0.33116,0.51562,0.63477,1.6338,0.74577,1.2914,2.2916,4.3446,4.6057,4.6172,4.8756,15.398,19.232,9.6542,14.262,18.87,11.861,12.7,6.9702,2.1308,1.1187,16.703,5.2913,2.9787,4.3756,0.23408,1.6355,0.73778,0.35997,1.8271,1.3636,2.0088,0.58483,0.45224,15.639,2.9137,20.449,4.3356,60.505,41.744,8.2965,12.225,30.314,28.987,3.9515,21.425,2.6497,0.66142,22.484,4.401,0.054653,1.6311,3.247,0.58582,4.3727,1.143,0.5465,10.448,7.096,28.491,21.286,27.824,40.399,47.611,126.2,114.51,113.75,93.836,67.101,68.137,64.026,61.115,55.213,11.048,6.6378,8.0932,6.0006,17.209,1.2033,7.6674,7.8898,8.2237,8.7357,25.074,33.978,20.144,16.023,23.814,18.973,25.858,14.422,22.161,15.241,17.53,0.62733,1.7558,1.4068,1.4109,0.5851,2.7188,4.5889,6.4284,8.5969,8.8227,0.28188,0.02462,0.53038,0.51066,3.5233,4.6171,3.8626,3.8144,4.2799,4.8371,4.2544,4.9957,18.645,13.073,1.3899,2.2592,1.0292,1.1623,1.6983,2.8525,49.323,35.893,40.144,39.186,48.233,23.928,15.4,7.4996,24.297,14.459,9.2099,1.223,7.4986,8.0413,13.008,2.5332,17.233,3.6085,6.0886,3.6944,33.234,46.532,63.89,27.75,28.372,46.63,35.439,37.131,41.284,57.439,93.374,111.14,101.2,94.827,81.084,33.046,36.338,10.271,6.7371,5.071,1.7046,15.366,12.269,6.7365,6.9885,7.5653,7.2179,53.956,49.631,7.8011,3.5154,19.032,2.5023,0.66392,2.8799,13.225,19.236,14.51,14.125,7.7808,6.7665,8.1204,8.5853,0.23228,0.2688,0.16039,0.54091,0.66755,0.32508,0.54668,3.905,4.3631,12.886,40.35,138.18,89.114,7.8155,7.4845,14.417,13.474,4.3249,4.5742,4.6474,2.7907,1.383,3.0325,7.0793,7.8626,9.3673,8.0261,8.0123,7.9274,8.0101,7.4441,7.8651,7.9371,8.311,4.4685,4.1986,4.0027,4.6245,7.7653,7.4317,8.4455,7.3459,7.5082,4.2832,4.3724,4.9492,4.6218,4.0887,4.1564
21.716,5.1178,10.866,2.0701,0.86241,0,1.3525,2.652,83.964,64.306,49.319,7.0538,8.6589,12.925,53.947,92.266,112.88,61.541,63.774,3.314,3.3424,1.9534,4.5651,5.152,27.221,10.231,11.338,14.008,3.1583,8.0625,8.3423,0.3197,0.40003,0.29121,0.47007,0.0051373,0.50725,0.80545,2.5409,2.9508,2.8483,3.4936,16.176,19.942,15.476,17.888,24.064,15.971,16.438,9.2716,0.55854,1.2855,18.534,6.4524,3.6086,6.0328,0.68324,0.57817,0.26425,0.23317,0.49644,0.61393,0.23895,0.074239,0.9097,13.69,2.0344,18.708,2.7882,75.433,51.645,14.509,19.315,39.489,38.774,8.445,25.63,6.4938,2.662,26.371,6.2302,0.78864,3.9972,5.2861,2.7568,4.7366,2.5763,2.4466,10.419,4.0934,20.425,14.143,19.38,29.663,35.887,106.53,95.996,95.684,78.025,53.109,53.818,51.096,49.081,44.501,7.4278,4.3224,5.5881,5.0091,18.19,0.5215,3.8781,3.9342,4.0099,4.3986,16.641,26.18,12.684,9.4512,15.679,11.769,17.45,11.099,19.604,12.44,14.567,0.10218,0.57314,0.21553,0.15273,0.8429,0.51912,9.0361,8.1696,8.4271,8.5205,0.51527,0.65096,0.88796,1.7324,1.4133,2.7992,2.3813,2.225,3.1844,3.1086,3.1084,3.0933,21.562,14.522,3.1495,3.239,0.57206,0.24147,0.63809,0.77043,63.12,47.808,50.748,51.493,59.535,33.862,23.52,13.033,29.806,22.136,15.334,4.0467,13.284,11.22,15.682,4.1572,17.153,1.6686,4.6248,1.0386,23.928,37.239,50.056,19.341,19.345,34.817,25.767,26.906,30.213,44.314,76.601,93.627,83.4,78.681,65.372,23.642,26.692,7.4558,5.284,5.1673,1.1922,10.347,8.4346,3.057,3.2072,3.6324,3.3625,43.539,37.553,3.759,2.1146,15.992,1.2237,2.3818,1.2819,14.349,19.116,14.558,13.452,6.9608,6.5098,7.9512,8.292,0.38545,0.35721,0.46715,0.042705,0.22877,0.17116,0.057801,2.7044,2.9033,7.2322,29.573,117.22,72.546,3.7169,3.5633,10.897,10.234,2.9042,3.0304,3.0533,6.0926,2.4441,6.7663,11.956,3.7242,4.763,3.9303,3.8864,3.82,3.9899,3.495,3.806,3.8418,4.1398,3.0174,2.6842,2.5615,3.1392,3.5985,3.47,4.9728,3.4286,3.4815,2.8319,2.9747,3.3145,3.1196,2.6876,2.7546
29.617,10.13,19.795,6.7551,2.04,1.3525,0,0.28663,83.255,73.346,55.475,14.281,6.6577,11.467,52.686,89.853,124.94,61.455,74.633,8.4741,8.231,5.201,7.7374,9.3439,27.48,18.604,20.128,23.472,5.0634,15.903,16.289,0.81777,0.545,0.52074,3.3975,1.4125,0.20359,4.1507,7.4926,8.2412,8.0382,9.1833,26.459,31.301,12.466,26.833,33.299,23.698,24.765,16.154,3.472,4.8269,29.01,12.92,8.8005,11.877,2.8988,3.6964,2.6658,0.87069,3.4218,3.7661,1.7206,1.8452,0.65356,23.623,0.08202,30.117,0.43469,79.299,61.758,15.176,17.561,47.258,44.676,8.4207,36.355,6.7457,2.4846,37.567,12.021,1.4616,7.3122,10.255,4.495,10.773,1.3222,4.6413,19.097,1.8075,27.886,19.95,25.321,29.272,41.356,105.13,104.67,106.06,89.332,59.9,59.202,60.581,59.895,56.234,14.358,10.288,12.19,11.561,28.972,3.5147,8.2654,8.0981,7.7151,8.3012,18.363,36.344,14.108,11.351,19.139,14.539,17.312,19.788,31.173,21.8,24.583,0.81063,0.24915,0.6065,0.78596,0.4771,1.9463,12.005,15.033,16.384,16.547,0.80876,1.6392,0.5504,1.2788,5.1662,7.9394,7.2897,6.9883,8.6874,8.491,8.5618,8.4166,32.207,23.99,6.7294,7.8862,3.5624,2.7368,0.17533,0.89651,65.09,46.265,59.179,48.955,69.11,34.761,24.802,11.223,40.359,20.311,13.455,4.264,12.366,18.067,24.726,1.6922,27.978,5.8062,10.967,3.3285,21.951,48.902,55.34,25.359,21.82,37.809,23.821,32.043,32.618,48.884,75.407,105.12,85.45,89.262,71.018,22.201,24.112,14.849,11.974,11.555,5.0025,17.477,15.707,6.7115,6.8465,7.4951,7.0474,55.441,37.625,7.5438,6.8254,26.428,0.10707,5.0309,5.1679,23.924,30.487,24.591,23.285,14.425,13.667,15.713,16.225,0.9533,0.89824,1.0839,1.2071,0.5637,1.0806,1.0671,0.30217,0.43721,7.3089,29.527,121.33,77.862,7.3106,7.3647,19.416,18.625,0.42446,0.5069,0.53335,4.6297,0.88645,5.7946,9.1279,7.2239,8.4407,7.8094,7.6423,7.5324,8.0934,7.1453,7.6123,7.6113,8.1066,0.47016,0.39281,0.33331,0.52157,6.8122,7.0562,10.604,7.0627,6.9191,0.41267,0.43922,0.63619,0.52093,0.35407,0.37345
31.055,11.786,23.616,9.2197,2.6973,2.652,0.28663,0,78.101,72.971,54.391,17.268,8.2995,13.824,57.529,95.641,136.22,67.088,83.766,11.695,11.487,7.9174,10.957,12.899,31.606,23.191,24.87,28.655,7.667,19.3,19.712,1.5295,1.1673,1.2495,5.3537,2.6903,0.89262,6.3628,10.378,11.196,10.996,12.187,30.355,35.599,9.9778,29.299,35.34,25.572,26.977,18.34,5.5607,6.5518,32.621,15.342,10.952,13.912,4.0612,5.6841,4.2043,1.6704,5.4334,5.6622,3.3709,3.1737,0.94152,28.314,0.22169,35.259,0.65773,76.17,62.525,13.853,15.089,47.443,43.995,7.4322,39.255,6.0731,2.281,40.739,13.98,1.9841,8.2172,11.854,4.9096,13.311,0.92978,5.308,22.7,2.5441,33.764,24.933,30.79,33.279,47.762,111.79,114.49,116.33,99.172,67.536,66.452,68.81,68.29,64.509,18.553,13.703,15.893,14.737,32.976,5.3319,11.62,11.43,10.972,11.669,22.34,43.085,17.652,14.765,23.628,18.472,20.625,24.503,36.646,26.575,29.645,1.7694,1.0651,1.6775,1.9649,0.79359,3.722,12.087,17.399,19.779,20.012,1.366,2.3092,0.84327,1.2399,7.732,10.896,10.051,9.7352,11.529,11.503,11.403,11.466,35.512,27.374,7.932,9.7276,5.303,4.4589,0.90117,2.1739,61.674,42.243,59.116,44.451,69.216,32.267,23.053,9.2546,42.759,17.616,11.264,3.9227,10.628,19.944,27.547,0.80872,32.355,8.4503,14.229,5.562,24.918,56.674,62.391,30.843,26.264,43.372,26.922,37.827,37.724,55.445,81.163,115.6,92.697,98.959,78.829,25.389,26.98,18.935,15.355,14.307,7.051,22.212,20.095,9.7707,9.9346,10.713,10.177,63.676,42.247,10.771,9.4903,31.664,0.67583,5.9193,7.6084,27.455,35.069,28.645,27.511,17.866,16.81,19.04,19.653,1.6342,1.5915,1.7303,2.3176,1.3617,1.9853,2.1197,0.39131,0.59104,9.7708,33.669,130.36,85.845,10.489,10.557,24.137,23.207,0.5603,0.66876,0.71341,3.5349,0.51233,4.7276,7.022,10.383,11.819,11.088,10.887,10.756,11.426,10.294,10.853,10.851,11.441,0.59244,0.62662,0.56476,0.63053,9.8799,10.186,14.291,10.195,10.019,0.58017,0.54768,0.77401,0.64228,0.53489,0.53769
42.936,62.217,91.361,86.16,67.81,83.964,83.255,78.101,0,20.854,14.509,80.507,136.86,156.51,268.32,346.06,379.67,287.06,280.13,104.71,108.52,108.08,126.18,126.18,205.13,118.86,120.23,128.94,119.67,87.266,87.238,75.792,76.855,79.003,87.6,82.776,83.493,91.164,96.229,95.216,96.223,93.119,85.089,89.659,33.038,58.576,49.339,51.736,55.947,62.754,91.712,75.381,77.096,71.117,73.348,65.731,71.832,86.684,80.528,76.86,89.271,83.692,93.16,80.624,71.668,109.43,85.752,112.58,93.039,4.12,30.645,28.68,24.539,25.355,18.371,39.464,60.839,43.945,58.225,64.775,64.228,68.938,56.395,61.114,56.88,77.202,63.594,59.296,87.094,108.69,176.13,160.54,178.63,210.7,227.38,375.42,354.78,350.33,310.52,267.12,270.88,254.98,244.3,226.81,119.26,103.18,106.39,90.894,85.166,82.911,117.06,118.73,121.29,122.92,175.24,179.59,161.66,149.74,171.56,158.4,175.57,120.22,121.54,116.5,120.31,80.663,87.483,87.3,87.927,73.555,97.669,40.886,67.168,86.392,87.798,73.55,69.9,72.62,64.935,97.97,96.651,92.888,93.778,89.963,96.109,90.379,97.801,69.441,76.726,61.557,69.463,80.747,84.924,86.325,96.599,2.7185,5.5058,22.621,5.2067,24.666,11.397,18.97,33.586,52.139,21.557,30.054,51.549,31.465,56.055,65.756,63.146,94.592,96.597,95.138,102.79,190.67,205.56,262.33,178.25,183.91,226.89,196.12,203.59,214.9,249.5,317.01,342.89,334.38,314.39,296.19,191.42,196.71,111.41,95.735,80.314,82.015,135.99,122.42,115.07,116.22,118.16,117.11,222.96,231.87,119.36,91.803,122.55,88.981,61.084,92.811,79.768,97.016,90.633,96.605,91.271,85.231,85.886,87.471,74.245,74.851,72.819,80.395,79.892,77.099,80.298,89.532,92.277,138.25,211.06,399.58,311.75,119.85,117.97,121.94,118.5,91.89,93.224,93.743,48.673,67.092,45.152,38.853,120.24,125.89,120.07,120.31,120.05,119.41,118.16,119.57,119.96,121.03,92.295,92.617,91.781,92.744,120.35,118.25,115.19,117.78,118.88,92.127,91.727,94.384,92.894,91.499,91.566
13.15,35.27,46.24,54.974,52.14,64.306,73.346,72.971,20.854,0,1.8898,42.661,119.98,134.7,231.75,305.63,286.7,244.22,201.32,68.44,72.441,77.469,92.755,89.354,170.57,70.066,69.942,75.125,91.631,46.16,45.826,60.773,62.859,64.266,61.876,63.167,69.747,63.356,62.213,60.314,61.447,57.364,37.597,38.295,41.644,21.316,14.142,19.659,21.051,30.067,65.237,50.13,30.993,37.642,43.266,35.395,51.744,60.505,57.985,61.13,63.228,57.998,71.276,60.201,60.19,57.808,77.552,56.24,84.925,6.6671,1.6199,25.267,31.263,3.0552,3.7651,35.088,18.521,37.337,49.497,20.198,34.412,54.772,36.24,34.567,41.826,43.664,57.498,42.124,43.596,97.49,121.12,113.1,128.16,177.75,172.13,328.49,275.08,265.59,226.97,202.82,210.83,183.4,169.86,151.76,74.807,64.636,65.267,52.906,36.337,57.903,81.117,83.234,86.886,87.586,139.47,115.7,128.83,116.99,130.33,121.38,146.31,70.232,63.039,65.207,66.417,63.905,73.027,70.341,69.995,62.067,75.132,26.013,33.452,45.13,46.033,59.722,54.427,61.229,55.641,67.522,61.952,59.654,60.837,55.418,60.744,55.907,62.3,24.881,33.379,39.293,41.96,56.189,61.179,72.591,78.816,9.6387,20.954,0.81758,24.881,0.25403,14.47,17.16,37.456,12.978,29.682,35.322,43.061,32.726,25.211,26.289,61.633,43.532,65.145,56.953,76.36,166.05,133.54,203.58,127.58,144.34,180.07,170.67,152.43,171.58,194.63,275.04,255.35,279.11,232.7,232.5,164.74,173.51,66.926,56.361,45.028,54.498,88.101,76.357,81.885,82.89,83.762,83.477,147.91,194.69,85.012,59.414,67.044,77.092,41.974,62.903,35.412,43.98,42.58,47.834,50.445,46.576,45.302,46.049,59.305,59.878,58.011,62.105,64.602,60.37,62.566,82.267,84.725,113.64,176.83,330.97,247.54,86.057,83.807,72.158,69.713,84.463,85.708,86.116,46.964,61.322,42.582,44.975,86.694,90.813,85.291,85.898,85.832,84.002,84.465,85.121,85.566,85.802,85.043,84.352,83.439,85.67,87.751,84.754,75.543,84.202,85.777,84.43,84.539,87.228,85.721,83.602,83.834
9.5559,26.115,39.929,43.695,38.066,49.319,55.475,54.391,14.509,1.8898,0,34.911,98.368,112.69,205.35,275.38,271.74,218.4,188.31,56.564,60.015,63.152,77.343,75.118,148.24,61.301,61.626,67.168,75.139,38.719,38.524,45.385,47.013,48.368,48.439,48.318,52.976,50.174,50.607,49.178,50.127,46.845,33.552,35.397,26.117,17.618,11.772,14.922,16.741,23.234,51.521,38.227,27.838,29.617,33.488,26.998,38.554,47.347,44.408,45.822,49.681,45.075,55.848,45.902,44.268,51.624,58.894,51.824,65.393,4.6009,3.2444,14.063,17.941,1.6177,0.65264,22.015,17.166,24.152,34.653,19.159,26.068,40.056,25.499,25.447,29.213,34.65,41.098,29.842,37.255,77.099,108.27,99.007,113.38,154.5,154.73,298.38,256.87,249.54,213.4,185.43,191.67,169.67,158.17,141.95,64.226,53.823,55.037,43.593,32.974,44.848,67.61,69.373,72.351,73.191,120.03,106.02,109.69,98.947,113,103.89,124.83,61.789,58.277,57.842,59.674,48.421,55.977,54.077,53.956,45.895,59.368,16.224,26.238,37.9,38.796,44.265,39.991,45.153,39.992,54.391,50.545,48.206,49.16,44.877,49.662,45.279,51.041,22.61,28.863,28.455,31.804,43.275,47.419,55.466,61.687,4.7471,10.964,1.0307,14.041,2.1827,5.9116,7.8609,23.072,12.27,16.658,21.241,29.183,19.492,18.902,22.088,44.014,39.537,52.549,47.104,61.259,141.95,124.55,184.62,112.92,125.36,159.87,146.37,135.62,151.2,175.33,247.01,240.91,254.01,218.12,212.74,141.17,148.53,57.374,46.905,36.232,42.456,76.842,66.017,67.638,68.56,69.583,69.15,138.47,171.08,70.676,47.8,60.717,59.103,30.079,50.248,30.806,40.563,37.789,42.359,42.253,38.406,37.857,38.714,44.101,44.602,42.959,47.143,48.759,45.347,47.438,62.904,65.125,94.16,153.93,306.12,226.86,71.473,69.567,63.4,60.992,64.873,65.99,66.37,31.533,44.346,27.972,29.042,71.98,75.997,71.025,71.476,71.374,70.033,70.04,70.798,71.179,71.584,65.359,64.91,64.114,65.886,72.702,70.25,63.617,69.779,71.066,64.887,64.902,67.281,65.947,64.186,64.365
8.4461,1.5536,0.63449,1.6696,6.7749,7.0538,14.281,17.268,80.507,42.661,34.911,0,27.211,31.647,78.605,123.06,112.42,84.572,61.458,3.408,4.386,6.7578,10.934,9.1844,45.191,3.7798,3.9767,5.6802,11.906,0.15334,0.16759,8.5227,9.4826,9.3876,4.2808,6.8287,11.183,3.971,2.4075,1.9303,2.153,1.341,1.8677,3.297,26.32,4.035,8.1718,4.4022,3.8602,1.1894,4.7632,2.5466,2.8585,0.30929,0.77961,0.8384,4.6491,3.8692,4.6346,8.2278,4.4601,3.5562,7.8105,5.8831,10.378,2.5822,16.47,4.1255,18.711,62.868,29.617,16.809,26.234,23.329,26.234,13.813,7.2926,11.823,10.585,7.2682,1.001,7.9402,3.8106,1.7026,6.2583,0.26224,13.403,5.1709,0.40299,21.157,20.256,16.845,22.937,49.367,43.407,136.41,102.4,97.908,76.161,59.694,63.83,50.734,44.963,37.159,4.4963,2.3834,2.4,0.58803,2.5892,3.7579,6.7655,7.4673,8.7944,8.8527,29.592,19.749,25.437,20.353,24.492,21.293,34.523,3.9832,5.3891,3.3659,4.1736,8.2923,11.648,9.7046,9.1612,10.733,8.5937,7.7741,0.62857,0.14542,0.19995,8.957,7.1952,10.626,10.962,4.2239,2.2581,2.0582,2.3215,1.1935,1.9485,1.273,2.2193,4.5464,1.4332,2.9108,1.3134,3.6153,4.7998,11.914,11.641,55.784,49.973,31.844,55.528,37.461,32.343,22.759,21.458,10.697,28.693,23.389,10.359,19.497,2.4386,2.453,17.513,2.3975,3.471,1.0899,7.595,45.898,28.794,59.861,22.695,31.143,47.937,47.993,33.836,43.982,55.08,103.46,92.856,103.94,78.732,76.035,44.506,50.31,2.7783,0.96393,0.14659,2.4566,8.2121,4.9301,7.4804,7.7548,7.8167,7.8742,35.561,57.418,8.2137,2.1607,4.7302,14.151,4.2549,3.3412,1.3096,3.1791,1.4555,1.4341,0.35297,0.085982,0.10277,0.17295,8.2868,8.3758,8.1233,7.1926,9.1748,7.5838,7.5452,18.428,18.999,21.383,48.547,135.98,84.706,8.6478,7.8737,4.3355,3.7095,18.996,19.329,19.388,15.725,14.277,14.921,23.233,8.8999,9.9557,8.2224,8.48,8.494,7.7149,8.1669,8.2279,8.3778,8.3034,19.287,18.439,18.111,19.596,9.4372,8.2959,4.8067,8.1086,8.6965,18.816,19.17,20.039,19.549,18.436,18.61
57.544,26.654,31.518,15.539,14.053,8.6589,6.6577,8.2995,136.86,119.98,98.368,27.211,0,0.72834,22.128,47.682,85.689,28.295,49.022,12.607,11.175,7.1359,5.2799,7.5137,7.8658,22.16,23.8,25.751,3.4669,27.494,28.015,10.124,9.4151,8.7945,10.529,9.0793,7.033,10.563,13.698,15.001,14.44,16.867,42.054,47.158,36.467,49.759,60.692,47.456,47.743,34.546,9.465,15.903,47.605,27.977,21.851,28.048,14.201,11.202,11.489,9.9161,10.089,12.139,6.5663,10.302,10.944,31.515,5.9568,39.202,4.2898,131.42,102.56,41.801,45.603,85.069,83.402,29.993,61.631,26.634,17.084,62.157,28.646,12.907,24.388,27.118,20.369,23.44,13.899,19.956,31.781,1.6584,17.789,11.718,13.537,8.4846,20.287,59.175,66.131,69.454,59.382,33.1,30.905,37.852,40.206,40.593,16.359,15.5,17.143,20.688,45.338,12.009,8.7319,8.0101,6.7193,7.0465,4.8453,28.12,3.1601,3.0634,7.1743,4.865,3.0841,23.351,38.065,27.089,29.697,8.7818,5.9657,6.5985,6.694,10.168,5.5778,34.703,31.863,28.376,28.202,10.708,12.919,10.53,13.604,10.021,14.185,14.371,13.709,17.087,15.086,16.801,14.504,53.883,41.102,22.235,21.678,12.678,10.36,6.1729,4.3088,113.28,87.77,101.23,91.129,113.57,71.795,56.972,34.928,69.178,49.953,38.77,21.31,37.143,38.874,45.057,14.29,41.421,11.293,18.698,6.0574,4.4621,37.164,28.343,13.705,6.968,15.454,5.3315,14.988,12.074,23.557,37.554,70.539,46.097,58.08,38.971,4.6651,5.4294,19.275,19.88,23.628,14.309,15.684,17.258,7.1752,7.0218,7.344,7.0366,40.688,13.312,7.0574,14.047,31.504,5.2254,20.031,11.497,40.18,44.048,38.058,34.671,24.41,25.085,27.626,27.865,10.745,10.5,11.322,9.4439,8.6177,10.165,9.2647,5.098,4.4881,0.8026,8.7696,74.08,43.306,6.5873,7.2202,22.361,22.293,4.578,4.301,4.1894,22.297,12.304,24.865,30.586,6.3508,6.3514,7.2136,6.9115,6.8345,7.8011,6.8601,7.0878,6.9711,7.3387,4.5111,4.3656,4.5356,4.4384,5.7408,6.7094,12.469,6.8589,6.33,4.5068,4.6332,4.1136,4.3987,4.6231,4.6208
66.593,32.854,35.095,19.354,19.874,12.925,11.467,13.824,156.51,134.7,112.69,31.647,0.72834,0,15.003,37.161,72.085,20.012,40.116,14.802,13.065,9.1574,5.9167,8.0684,3.8211,23.278,24.84,26.158,4.7308,31.331,31.866,15.268,14.517,13.682,14.302,13.446,11.606,13.991,16.614,18,17.352,20.05,46.495,51.384,47.287,56.917,69.199,55.218,55.088,40.825,12.878,20.768,52.952,33.304,26.89,33.904,19.507,15.043,15.95,14.937,13.715,16.247,10.009,14.82,16.611,33.588,10.682,41.247,8.4801,149.33,115.12,52.44,57.367,97.317,96.461,39.207,69.046,35.232,24.109,69.223,34.663,18.687,31.236,33.438,27.271,28.122,20.575,26.552,35.735,4.5485,14.791,9.7761,10.421,4.2446,14.331,47.161,53.695,57.166,48.964,24.943,22.659,30.25,33.208,34.635,17.379,17.817,19.2,24.094,49.887,16.2,9.9673,9.1301,7.6761,7.8656,2.3454,24.971,1.5654,2.1875,4.6892,3.3041,0.87271,24.384,39.363,28.488,30.858,13.44,10.188,10.711,10.712,15.674,8.6475,43.446,37.648,32.31,32.008,16.098,18.558,16.12,19.978,12.836,17.061,17.578,16.841,20.551,18.006,20.227,17.279,60.169,46.254,28.507,27.106,17.069,14.411,10.524,7.6694,130.46,103.78,114.65,107.63,127.45,85.701,69.214,45.319,77.775,62.249,49.695,29.008,47.631,45.936,51.357,21.308,45.023,14.205,21.715,8.5988,1.7176,32.475,20.541,10.609,3.8317,9.7731,2.2581,10.409,7.1352,16.487,28.076,58.587,35.239,47.469,29.452,1.7572,2.4706,20.944,22.857,28.022,18.533,15.435,18.039,8.613,8.3716,8.5273,8.3142,34.969,7.816,8.1551,17.354,32.535,9.4767,26.4,14.748,45.029,47.536,41.887,37.889,27.837,29.055,31.588,31.693,16.025,15.726,16.731,14.06,13.406,15.123,13.912,9.6029,8.7723,1.0028,4.4437,60.126,33.076,7.6622,8.4226,23.243,23.442,8.8989,8.5189,8.3622,30.66,18.694,33.54,40.541,7.4039,6.9659,8.25,7.939,7.8845,8.8725,8.0594,8.1673,8.0237,8.2958,8.8146,8.5763,8.8022,8.7217,6.8097,7.9068,13.807,8.0889,7.4911,8.7918,8.9825,8.2732,8.6642,8.9404,8.9443
135.9,86.201,79.49,61.159,68.078,53.947,52.686,57.529,268.32,231.75,205.35,78.605,22.128,15.003,0,5.128,38.166,0.57098,27.311,49.379,45.965,41.247,31.408,34.064,4.6797,55.588,57.143,56.064,32.073,76.002,76.694,59.681,58.425,56.653,54.375,54.988,52.629,52.798,54.41,56.485,55.341,59.756,96.147,100.97,115.41,118.22,137.12,118.3,116.74,96.176,51.239,66.529,107.05,83.803,74.915,86.356,66.187,55.598,58.807,58.896,53.089,58.097,47.261,57.397,62.837,71.764,50.98,80.583,45.903,256.91,202.91,122.92,131.04,181.6,182.94,102.36,133.12,95.728,76.806,132.06,87.824,66.253,86.153,87.314,81.06,75.201,70.686,79.298,81.689,35.897,26.884,25.405,20.629,3.6142,10.728,8.9732,22.326,27.981,29.416,12.113,8.1808,22.394,29.365,36.503,47.966,53.672,54.387,65.605,100.49,58.302,39.345,37.768,35.142,34.855,11.771,38.718,15,19.43,15.704,18.076,10.034,56.565,75.318,62.985,64.804,55.745,49.539,50.167,49.936,61.043,44.09,107,90.653,77.535,76.694,61.495,65.736,61.912,69.362,49.114,54.834,56.715,55.497,61.419,56.202,60.874,54.735,118.84,98.551,80.939,76.486,60.111,55.414,50.36,43.346,232.93,197.69,205.04,202.98,220.99,171.8,147.8,112.47,147.27,138.37,119.31,85.227,116.01,104.95,108.7,71.978,91.191,51.27,61.208,42.303,6.7558,40.265,8.07,20.981,10.915,5.3045,5.7719,13.01,5.6553,6.8443,2.0316,31.969,5.5199,26.376,9.197,6.4923,5.9696,54.993,62.464,74.051,61.505,40.209,47.799,38.305,37.634,37.2,37.276,38.104,1.6629,36.356,56.788,66.24,48.269,78.474,53.194,95.988,93.646,88.436,81.383,70.246,73.76,76.778,76.397,61.141,60.565,62.499,56.569,55.999,59.022,56.429,48.467,46.54,21.728,3.7089,17.598,9.1777,35.589,37.132,54.565,55.911,46.828,45.924,45.557,88.547,67.187,93.332,104.75,35.145,32.794,36.244,35.783,35.797,37.228,36.622,36.301,35.999,35.992,46.603,46.15,46.695,46.353,34.376,36.405,44.754,36.782,35.688,46.604,46.996,45.267,46.228,46.98,46.972
193.42,133.26,123.27,101.48,110.41,92.266,89.853,95.641,346.06,305.63,275.38,123.06,47.682,37.161,5.128,0,38.725,3.7155,39.357,85.799,81.301,75.354,61.715,65.134,19.569,92.215,93.962,91.831,62.843,119.43,120.27,99.536,97.826,95.559,92.888,93.63,90.173,90.783,92.569,95.196,93.722,99.351,143.56,148.84,167.15,171.66,194.47,172.19,170.08,145.26,88.769,108.58,157.09,129.92,119.02,133.3,108.14,94.476,98.662,98.556,91.202,97.729,83.488,96.798,103.37,112.47,87.341,122.64,80.437,334.39,272,177.73,186.54,247.6,249.32,152.67,188.97,144.64,121.07,187.42,135.14,107.99,133.32,134.66,126.84,119.16,112.97,124.7,126.25,66.996,51.55,51.316,43.509,17.35,25.506,0.80624,22.757,30.453,37.823,22.243,16.713,36.622,46.503,57.33,82.937,91.199,91.83,106.63,148.68,98.004,72.437,70.333,66.825,66.358,32.232,65.59,37.61,44.435,37.884,42.078,29.475,93.268,115.52,101.32,103.13,94.496,86.121,87.143,86.893,101.04,79.259,158.93,138.38,121.34,120.22,101.82,107.4,102.16,111.61,85.847,93.07,95.619,94.059,101.59,94.791,100.9,92.875,171.58,147.1,126.81,121.11,100.35,94.256,87.153,78.042,306.61,264.84,274.83,270.48,293.12,235.63,207.52,164.22,206.14,195.23,172.43,131.69,168.89,156.1,159.92,114.02,136.87,88.632,100.99,76.885,22.985,64.438,17.701,43.989,30.391,18.431,21.146,31.173,20.213,17.756,0.89023,36.428,3.7976,33.563,14.556,22.799,21.039,92.155,102.47,117.58,102.09,71.955,82.457,71.234,70.312,69.645,69.803,59.734,12.464,68.495,95.77,104.63,84.162,123.7,91.226,143.82,139.55,133.96,125.07,112.21,116.89,120.47,119.89,101.43,100.68,103.18,95.648,94.739,98.775,95.44,83.801,81.217,47.868,17.546,9.5278,12.303,67.482,69.569,90.698,92.638,81.59,80.367,79.883,135.17,108.41,141.27,154.34,66.888,63.528,68.31,67.706,67.738,69.604,68.905,68.412,68.002,67.929,81.254,80.799,81.555,80.882,65.886,68.62,79.324,69.131,67.662,81.329,81.782,79.404,80.727,81.874,81.837
179.8,134.65,103.47,104.3,132.16,112.88,124.94,136.22,379.67,286.7,271.74,112.42,85.689,72.085,38.166,38.725,0,30.347,7.6373,85.873,82.781,85.587,72.168,70.148,44.921,75.045,74.563,68.759,80.124,105.46,105.73,124.82,124.98,122.24,105.06,113.97,119.65,100.68,93.848,94.682,93.732,96.736,116.66,116.19,211.85,152.23,173.68,159.33,153.97,136.69,100.96,117.62,129.28,123.45,119.3,130.21,124.3,105.64,113.72,123.08,103.36,108.74,103.31,115.22,132.74,87.118,125.61,89.427,120.77,343.41,247.07,202.83,224.68,235.11,246.87,181.26,160.1,171.69,150.19,156.01,132.36,132.42,143.83,136.29,145.75,114.9,147.78,141.14,107.82,106.8,38.692,47.408,38.731,46.133,22.87,33.943,2.2063,0.88041,3.5214,12.276,14.224,12.387,15.276,21.342,73.433,87.001,84.213,99.456,119.13,109.88,76.5,75.57,74.483,72.947,49.996,38.322,57.081,61.462,46.4,54.385,57.175,74.403,81.357,78.933,77.219,118.59,115.66,112.86,111.31,130.97,99.321,171.53,129.86,106.75,105.25,128.22,130.13,131.95,142.12,93.494,93.339,97.166,96.369,100,93.778,99.57,92.157,142.99,124.62,135.83,124.34,112.26,108.76,117.44,105.07,325.63,302.41,258.97,313.42,271.22,259.92,229.56,202.48,178.35,233.82,211.12,158.8,202.4,147.83,139.86,155.32,106.97,94.245,94.874,92.285,60.407,28.992,15.804,38.803,44.058,29.014,58.36,30.483,34.017,19.755,33.264,0.93789,18.719,3.1008,10.504,57.35,61.647,80.274,94.5,111.41,109.61,61.222,71.099,79.224,78.372,76.494,77.611,22.881,38.619,75.747,98.382,76.46,117.92,137.69,98.221,120.73,106.73,108.31,100.41,100.18,106.57,106.92,105.42,126.36,125.75,127.87,117.31,120.84,121.84,117.93,124.44,122.17,74.744,44.484,13.1,9.9183,75.749,76.747,72.719,75.376,122.62,121.61,121.1,171.32,144.8,174.84,197.96,75.652,71.288,75.052,75.103,75.37,75.156,76.887,75.548,75.33,74.194,122.64,120.81,121.23,122.64,76.175,76.943,76.778,77.204,76.771,122.03,123.11,121.47,122.38,122.12,122.34
144.82,94.033,84.363,67.454,76.788,61.541,61.455,67.088,287.06,244.22,218.4,84.572,28.295,20.012,0.57098,3.7155,30.347,0,23.065,54.424,50.881,46.741,35.977,38.274,6.9086,58.942,60.32,58.608,37.447,81.377,82.046,68.129,66.949,65.006,61.164,62.634,60.924,59.226,60.01,62.042,60.869,65.321,101.21,105.56,128.78,125.54,145.27,126.4,124.37,103.51,57.785,73.884,112.67,90.605,81.898,93.705,74.237,62.376,66.222,67.219,59.777,65.048,54.253,65.039,71.868,75.309,59.869,83.671,54.546,273.1,213.58,135.08,144.69,192.75,195.2,113.75,140.09,106.61,86.743,138.65,95.299,75.085,94.932,95.241,90.343,81.689,80.704,88.236,86.894,43.629,27.691,27.427,21.807,5.9021,10.102,6.2382,16.311,21.564,24.001,9.5865,6.0115,19.448,26.438,34.016,51.682,58.562,58.91,71.066,105.48,65.358,43.963,42.373,39.772,39.332,14.623,38.619,18.561,23.341,18.05,21.26,13.635,59.767,77.847,66.238,67.7,63.799,57.601,57.941,57.574,69.996,50.842,117.18,97.651,82.941,81.992,70.173,74.378,70.915,78.935,55.002,60.352,62.528,61.302,67.232,61.678,66.676,60.129,125.06,104.34,89.245,83.897,67.304,62.521,58.551,50.684,249.18,214.19,216.8,220.11,232.72,186.13,160.88,125.2,155.1,152.41,132.42,95.508,128.54,112.83,115.4,82.589,95.518,57.11,66.466,48.438,10.538,38.667,6.2345,22.149,13.107,5.6017,9.3202,13.424,6.6349,5.7218,0.97175,25.45,2.5519,21.045,6.0783,10.004,9.7848,59.015,67.59,80.238,68.341,42.996,51.249,43.279,42.553,41.938,42.132,35.73,2.9532,41.058,62.728,68.923,56.586,87.122,59.34,101.54,97.732,93.154,85.742,75.451,79.428,82.26,81.737,69.661,69.057,71.093,64.458,64.252,67.221,64.385,57.339,55.28,26.917,5.8357,11.9,5.6703,40.332,41.902,57.715,59.281,55.597,54.635,54.237,99.782,77.099,104.63,117.48,39.901,37.197,40.877,40.447,40.489,41.818,41.434,40.985,40.675,40.545,55.38,54.788,55.352,55.137,39.228,41.234,49.073,41.62,40.537,55.331,55.802,53.985,54.995,55.703,55.713
113.43,78.34,54.968,55.949,77.952,63.774,74.633,83.766,280.13,201.32,188.31,61.458,49.022,40.116,27.311,39.357,7.6373,23.065,0,42.779,40.756,43.486,34.663,32.691,23.542,34.802,34.488,30.629,40.824,56.338,56.537,72.995,73.375,71.32,57.231,64.516,69.889,53.909,48.415,48.899,48.257,50.253,65.009,65.007,142.03,91.889,108.81,97.257,93.14,79.711,54.334,66.046,74.583,69.702,66.791,74.852,71.56,57.549,63.737,71.63,56.026,59.762,56.896,65.186,79.35,43.374,75.714,45.45,72.733,248.63,168.61,132.8,151.46,158.19,167.68,116.1,98.513,108.49,92.301,95.469,76.484,78.458,85.746,79.59,87.845,63.387,91.278,84.141,58.129,63.047,12.264,17.852,13.028,25.543,6.6647,39.289,6.7272,4.5364,0.7879,3.0601,5.6112,0.74088,1.3382,3.7614,33.831,43.326,41.256,52.047,67.012,60.655,36.747,36.249,35.802,34.678,23.186,11.797,27.343,29.241,19.157,24.238,29.82,34.373,39.813,37.544,36.474,68.331,67.062,64.47,63.176,78.136,54.155,107.26,74.517,57.291,56.191,75.626,76.566,78.835,86.437,48.655,47.995,50.776,50.259,52.634,48.233,52.335,47.108,85.151,70.796,79.598,70.668,62.38,60.114,68.456,59.226,233.68,215.08,178.02,224.69,188.52,179.03,154.09,133.81,112.89,158.86,140.7,98.589,133.22,88.269,82.332,97.947,57.976,49.004,48.797,48.675,35.22,7.2308,5.7446,13.016,19.186,12.444,34.254,9.7982,15.121,7.4314,30.176,3.2343,19.482,1.1651,6.0435,32.586,37.303,38.426,48.48,60.766,60.101,25.774,32.212,38.964,38.406,37.03,37.874,4.4774,22.083,36.583,51.706,36.049,69.407,81.347,51.914,67.889,57.987,58.739,52.895,52.499,57.155,57.411,56.313,74.069,73.642,75.141,67.088,70.232,70.542,67.643,75.368,73.839,39.365,24.103,23.65,7.8826,36.702,37.233,33.225,35.028,74.172,73.518,73.157,109.28,89.308,111.66,130.95,36.699,33.746,36.07,36.177,36.379,36.009,37.416,36.439,36.318,35.455,74.264,72.685,72.914,74.346,37.232,37.493,36.413,37.635,37.474,73.689,74.582,73.599,74.144,73.656,73.863
21.728,5.8709,4.3235,0.90436,5.897,3.314,8.4741,11.695,104.71,68.44,56.564,3.408,12.607,14.802,49.379,85.799,85.873,54.424,42.779,0,0.061612,0.79105,2.1507,1.4213,23.799,1.9767,2.5023,3.7401,2.889,3.0925,3.2568,5.5211,5.9892,5.5699,1.3957,3.3498,6.1276,0.88874,0.17917,0.25903,0.1945,0.49707,8.8292,11.083,30.438,14.801,21.933,14.946,14.28,7.8312,1.1515,2.5261,11.831,4.5931,3.0162,5.4429,3.9591,1.3374,2.4947,5.1468,1.2812,1.592,2.5976,3.1253,7.5342,4.4701,9.8017,7.6708,10.523,88.938,52.378,24.836,33.67,42.765,45.102,18.229,20.632,15.346,10.508,20.464,5.8598,6.3951,7.4361,6.2073,8.1596,2.7743,11.39,6.9991,4.5447,10.485,9.2815,6.0327,9.9664,26.837,24.291,97.388,74.225,71.997,55.019,37.773,40.102,33.032,29.992,25.305,0.82782,0.14975,0.39256,1.1831,10.343,1.7729,0.57091,0.786,1.2594,1.2753,12.943,11.612,10.226,7.1117,9.8877,7.7106,16.286,2.3782,7.6487,3.261,4.3604,4.5771,5.8781,4.5465,4.0986,7.4438,2.5815,14.734,6.2739,3.4089,3.2936,6.2039,5.7384,7.5366,9.2815,0.40855,0.17032,0.35551,0.30252,0.68681,0.22946,0.63452,0.14431,15.566,8.8526,5.7083,3.6839,2.0207,1.9602,6.236,4.693,78.213,66.032,54.358,71.399,62.199,47.078,34.66,26.125,26.165,37.095,29.028,12.067,25.387,10.582,11.643,14.771,8.334,0.29043,0.67555,1.5422,24.477,19.36,36.892,9.8538,14.114,26.491,25.96,17.048,23.319,32.726,69.668,68.908,71.194,56.369,50.102,23.384,27.766,0.92377,0.87348,2.4993,1.4845,2.273,1.1877,0.8349,0.91807,0.91095,0.9481,24.371,32.948,1.0488,0.42536,5.1502,7.5176,6.1632,0.53773,8.2549,9.5246,6.9214,5.4647,2.0484,2.4969,3.1967,3.1998,5.6341,5.5864,5.782,3.9244,5.283,4.6939,4.1573,10.803,10.866,8.1483,26.247,99.516,56.988,1.2164,0.93462,2.2363,1.9877,10.919,10.998,10.973,16.796,11.347,17.177,25.859,1.3164,1.7141,1.0462,1.1432,1.1513,0.86772,1.0465,1.0521,1.1064,1.0724,11.097,10.363,10.218,11.285,1.5532,1.0974,0.25646,1.0296,1.254,10.738,11.084,11.413,11.225,10.521,10.652
24.04,6.9788,5.3344,1.3252,6.3134,3.3424,8.231,11.487,108.52,72.441,60.015,4.386,11.175,13.065,45.965,81.301,82.781,50.881,40.756,0.061612,0,0.51213,1.4907,0.89627,21.441,2.2457,2.8145,3.9871,2.2012,4.0051,4.1894,5.652,6.0546,5.5912,1.5349,3.4134,5.983,1,0.40111,0.55535,0.45224,0.90418,10.279,12.641,31.544,16.77,24.307,16.889,16.204,9.2481,1.1925,3.0513,13.552,5.692,3.8419,6.5872,4.3977,1.5239,2.7365,5.2666,1.3807,1.8553,2.4262,3.2854,7.6889,5.234,9.4438,8.6546,9.9605,92.994,55.967,26.459,35.221,45.911,48.177,19.366,22.944,16.361,11.037,22.755,7.0386,6.7227,8.4556,7.3407,8.9506,3.6347,11.66,7.7788,5.6176,9.5856,8.3117,5.09,8.7311,24.327,22.225,92.647,70.923,68.996,52.661,35.323,37.412,31.145,28.471,24.203,0.84872,0.36787,0.63934,1.7824,11.898,2.0338,0.25764,0.40754,0.76677,0.77629,11.222,11.018,8.7008,5.8521,8.4387,6.4021,14.356,2.673,8.4578,3.7569,4.8937,4.6109,5.6368,4.3858,3.9501,7.5386,2.3021,16.206,7.5559,4.3651,4.2266,6.3691,6.0771,7.6582,9.5942,0.41935,0.41071,0.64875,0.55339,1.1401,0.51903,1.0702,0.38588,17.564,10.367,6.6149,4.5294,2.3344,2.1069,6.0076,4.2908,81.783,68.749,57.918,74.094,66.058,49.609,36.806,27.301,28.766,38.777,30.336,12.837,26.726,12.203,13.398,14.947,9.6432,0.38597,1.1388,1.2546,22.122,18.586,34.305,8.6357,12.34,24.117,23.522,15.298,21.053,30.225,65.637,66.17,67.293,53.848,47.113,21.067,25.261,1.1888,1.3795,3.337,1.88,1.9859,1.1975,0.46285,0.52018,0.50303,0.53796,23.358,30.174,0.60605,0.71479,5.7138,7.1619,6.9523,0.6851,9.7046,10.888,8.1693,6.5189,2.7938,3.3401,4.1305,4.124,5.8121,5.746,6.002,4.0173,5.294,4.8387,4.2344,10.318,10.311,6.8952,23.767,95.106,53.758,0.73812,0.52236,2.4647,2.2677,10.372,10.417,10.38,17.484,11.494,18.025,26.762,0.81781,1.1258,0.60163,0.67726,0.68469,0.46698,0.61017,0.60783,0.64931,0.62014,10.535,9.816,9.6956,10.706,1.0148,0.65065,0.16198,0.59893,0.77471,10.191,10.536,10.793,10.645,9.9959,10.121
