0,1.8029,5.2953,37.499,56.016,70.262,75.357,94.608,78.66,94.525,106.93,110.89,102.96,84.231,83.109,98.521,100.57,78.005,77.286,81.565,82.818,85.485,73.986,88.037,80.936,307.66,154.65,117.1,92.976,50.25,2.5495,0.96713,4.6638,7.7465,39.648,32.069,6.6614,18.524,36.714,38.121,49.196,37.014,38.459,35.5,45.794,41.128,30.39,63.494,64.321,102.49,71.876,66.638,72.54,85.773,73.785,61.834,72.758,69.977,68.927,69.156,95.617,99.108,93.606,100.53,105.13,102.6,104.02,107.39,107.85,82.112,83.72,82.912,84.143,86.517,85.203,80.503,86.426,104.44,81.353,95.901,95.147,86.398,109.48,99.655,84.041,76.532,75.583,83.065,85.057,80.383,76.605,85.56,76.9,81.839,250.44,287.67,235.34,209.16,198.54,227.86,200.09,199.21,288.92,100.69,104.71,85.396,106.49,118.16,102.52,96.331,89.008,100.65,90.602,87.224,78.593,71.873,126.53,95.375,88.183,10.735,28.346,44.049,48.643,50.65,47.812,35.447,24.335,69.091,64.445,69.518,69.774,72.802,80.763,61.703,70.743,71.678,57.247,71.95,69.453,69.417,103.68,87.49,96.115,89.751,88.357,104.65,87.257,85.014,98.665,98.657,101.04,114.4,104.94,102.48,105.75,108.3,82.018,86.814,81.097,80.664,80.964,77.063,84.008,86.142,80.819,106.72,92.412,89.337,76.136,91.485,88.416,109.57,76.47,89.947,92.541,82.175,80.088,86.368,81.053,89.358,81.586,65.607,79.638,231.49,214.9,179.1,169.31,158.22,196.53,151.04,174.51,118.83,176.23,112.71,61.888,90.262,90.887,77.013,86.428,80.13,86.558,89.364,76.597,90.714,86.573,20.608,16.874,111.49,106.08,105.15,94.036,90.167,69.762,68.296,68.607,70.232,107.61,109.65,109.32
1.8029,0,1.271,54.202,75.349,91.001,100.33,118.59,104.27,120.5,134.36,138.82,130.23,110.68,109.39,125.11,126.3,100.55,99.817,104.92,106.62,108.78,96.887,114.5,106.39,352.01,186.01,147.28,120.57,70.69,1.8266,1.1874,3.9341,5.6529,58.243,48.415,15.118,31.572,51.542,52.825,66.123,54.8,54.855,49.936,62.698,58.514,45.982,86.26,86.937,129.72,92.284,90.337,97.06,112.45,98.514,84.747,97.404,94.214,92.868,93.236,119.21,123.81,119.25,127.85,132.42,129.45,131.31,134.96,135.37,108.25,110.09,109.17,110.57,113.3,111.79,106.39,113.16,133.65,107.38,123.95,120.59,112.88,135.8,125.31,108.05,98.814,97.657,106.52,108.83,103.37,99.271,111.86,101.72,107.41,292.71,334.17,275.64,245.46,237.6,269.85,235.05,238.62,334.51,127.2,129.89,111.29,135.4,148.07,130.26,124.43,116.11,128.66,117.26,113.42,103.64,96.291,156.82,119.42,110.32,20.372,41.081,62.215,68.667,69.08,65.853,50.577,35.78,93.183,87.664,93.704,88.763,97.46,106.68,84.511,95.075,96.162,79.35,96.475,93.58,93.534,132.83,109.29,119.38,112.39,110.87,133.92,109.31,106.94,125.61,125.49,128.13,142.92,132.14,129.4,132.92,135.71,108.14,113.62,107.08,106.59,106.93,102.44,110.35,108.14,106.61,136.05,120.01,111.49,101.14,115.7,115.29,137.95,97.252,114.49,117.65,105.32,102.77,110.06,104.16,114.07,105.13,88.984,104.91,273.22,252.29,216.21,204.32,191.92,232.91,185.39,211.25,146.42,213.19,141.31,80.421,116.49,117.53,101.51,112.63,105.89,113.3,114.37,100.53,113.55,108.94,34.163,29.462,139.5,133.35,132.42,119.35,112.39,93.929,92.215,92.585,94.465,135.16,137.4,137.11
5.2953,1.271,0,62.905,84.034,99.219,116.61,127.88,122.75,133.25,147.53,152.24,143.88,129.15,128.02,138.29,137.49,110.25,109.63,115.36,117.6,118.42,108.01,130.24,121.62,370.18,198.86,164.68,138.66,83.452,1.7863,2.4988,2.8901,3.1063,73.215,58.333,21.601,40.467,57.497,58.323,72.529,70.069,62.762,55.611,69.727,67.425,54.896,100.22,100.09,143.37,99.754,106.72,113.03,131.25,114.68,100.95,114,110.88,108.49,109.56,127.77,133.54,131.54,142.17,145.67,142.32,144.8,148.33,148.54,126.94,128.71,127.82,128.93,132.23,130.57,124.38,131.25,153.22,125.66,142.64,132.22,129.46,146.58,136.53,119.16,108.36,107.03,116.84,119.33,113.38,109.44,128.08,116.54,122.69,313.74,360.22,294.49,260.04,260.27,295.06,248.39,262.55,357.65,139.78,139.54,126.21,152.3,164.41,145.06,143.09,134.41,144.71,132.66,128.63,118.54,112.22,172.12,128.69,117.84,26.405,46.051,71.759,80.912,77.441,74.214,57.242,40.032,109.72,102.95,110.67,94.62,114.1,124.56,99.836,111.52,112.73,94.863,113.06,109.92,109.84,153,116.44,127.4,120.4,118.9,154.06,116.83,114.61,139.52,139.14,141.8,156.85,145.24,142.44,145.82,148.59,126.49,132.04,125.31,124.93,125.32,120.61,127.9,115.74,123.3,154.5,138.85,118.86,117.04,125.85,132.54,152.59,104.55,125.45,129.15,115.27,112.33,120.2,114.26,125.43,115.9,104.18,120.09,296.36,268.09,237.66,222.08,208.72,249.22,205.82,232.73,157.88,234.98,155.75,86.863,130.84,132.8,115.34,128.13,123.03,131.29,126.28,113.13,121.71,117.01,43.048,40.921,152.98,146.38,145.62,130.94,119.75,110.22,108.28,108.75,110.73,148.45,150.69,150.55
37.499,54.202,62.905,0,2.1037,6.0252,12.118,13.829,18.816,13.096,17.891,19.547,16.519,19.206,19.619,14.679,15.344,7.5987,7.3249,8.5395,8.8714,10.182,6.1562,13.66,11.165,130.34,40.007,25.254,19.504,3.2525,43.8,40.926,42.561,49.039,11.598,0.89448,12.919,4.3986,1.5696,2.2123,2.534,14.989,0.17019,1.847,1.3828,0.084095,0.51301,6.0857,5.1265,16.344,7.1716,11.625,11.042,20.471,11.629,11.089,12.59,12.561,9.8428,11.579,14.793,15.359,12.659,16.003,17.203,16.126,16.852,18.128,18.259,19.769,19.626,19.684,18.822,20.966,20.33,17.288,18.351,25.973,18.332,21.685,13.186,14.726,19.172,14.975,9.2692,7.1911,6.9664,9.0717,9.7082,8.265,7.0038,13.873,9.6691,11.432,95.675,123.59,85.455,69.674,69.323,89.034,64.812,72.121,120.62,15.336,17.739,11.841,20.853,24.323,17.08,21.672,19.331,17.769,13.874,12.688,10.131,10.864,26.918,14.149,12.866,8.1322,2.8898,0.29851,2.4838,1.2562,0.82963,0.83005,4.4588,12.166,8.688,13.461,8.4376,12.696,16.989,8.6559,12.017,12.428,9.2136,12.485,11.647,11.556,27.619,13.016,15.501,12.975,12.421,27.71,12.512,11.511,15.078,14.936,15.814,21.146,17.091,16.119,17.363,18.382,18.6,19.352,18.131,18.477,18.645,17.686,16.477,12,13.888,23.751,21.463,13.477,11.409,12.156,16.563,19.577,8.854,11.345,12.228,8.8875,8.3474,10.282,8.4606,11.088,8.4883,8.6013,10.795,87.261,72.865,57.805,48.608,42.457,62.414,43.491,55.727,23.039,57.056,20.692,5.3601,12.616,13.79,8.4617,12.892,14.86,18.073,11.107,7.3727,13.209,11.705,3.2909,14.281,19.806,17.52,17.198,12.774,13.814,11.535,10.855,11.125,11.5,18.192,19.012,18.917
56.016,75.349,84.034,2.1037,0,1.0326,11.667,5.1765,20.395,6.1164,9.1855,10.389,8.7348,19.459,20.347,7.3063,6.5609,1.8174,1.7173,2.476,2.8625,3.1151,1.7904,10.07,8.4853,101.72,24.585,18.082,17.393,5.0838,61.399,58.913,58.769,65.318,19.449,5.2613,25.035,12.582,2.8153,3.0202,1.0736,24.539,1.6491,3.3256,0.82937,1.3919,4.6781,5.8909,4.0464,8.6346,1.6621,13.329,10.87,20.832,11.389,13.787,13.091,13.799,10.102,12.596,5.7403,6.1784,5.5552,9.0576,8.8243,7.9147,8.7918,9.4692,9.413,20.825,20.193,20.492,18.938,21.329,20.787,17.745,17.625,23.378,19,19.706,5.4727,12.273,8.8728,6.3465,3.1202,1.5974,1.4671,2.7016,3.0886,2.2105,1.6769,11.23,7.4218,8.6099,74.333,102.53,64.207,48.815,55.391,73.997,44.37,59.403,96.934,7.2647,7.6934,8.0296,14.999,16.072,10.16,19.56,18.303,12.168,9.5012,8.7737,7.6042,10.795,16.641,5.3696,4.6689,17.743,6.0907,1.2502,4.2547,0.13616,0.32582,2.5882,8.7049,13.465,9.6167,15.21,2.9324,13.234,17.247,10.301,12.806,13.15,12.241,13.159,12.616,12.493,25.951,4.8366,6.213,4.6633,4.3339,25.801,4.4602,3.8564,8.1574,7.8481,8.3502,11.768,8.6531,8.0308,8.6811,9.3021,19.2,18.954,18.783,19.389,19.546,19.226,15.596,4.1473,12.71,19.405,20.397,5.0609,10.374,4.328,14.419,11.412,2.508,4.1365,4.866,2.504,2.1492,3.2796,2.3293,4.1796,2.5803,9.1678,8.325,69.738,52.004,45.25,34.241,28.846,43.848,33.906,43.831,11.699,45.219,11.899,1.3952,7.4511,9.2545,5.3515,9.3924,14.344,17.185,4.4893,3.4363,4.7895,3.9134,10.653,26.777,10.587,8.8669,8.7853,5.2178,5.2665,12.37,11.772,12.082,12.19,9.4508,9.9622,10.004
70.262,91.001,99.219,6.0252,1.0326,0,15.194,1.8257,25.707,4.534,6.4932,7.4323,6.7611,23.861,25.103,5.5296,3.4601,0.51002,0.54916,1.1056,1.6275,0.9144,1.7088,11.346,10.296,86.261,17.23,17.199,20.105,9.5456,74.382,72.405,70.619,76.947,28.435,10.953,35.425,20.708,5.6559,5.479,2.1391,34.744,4.9994,6.276,2.6286,4.8048,10.051,9.1777,6.5816,6.7119,0.14108,18.352,14.534,25.368,15.04,19.459,17.328,18.553,13.997,17.138,1.9846,2.5439,3.8037,7.7769,6.3703,5.5069,6.5982,6.8447,6.6249,25.817,24.836,25.307,23.224,25.888,25.384,22.2,21.288,26.024,23.653,22.617,3.1855,14.48,4.6599,3.3569,1.8131,0.38989,0.294,1.1011,1.3498,0.77124,0.76484,13.243,9.4557,10.33,64.381,93.676,53.93,38.04,50.817,69.12,33.658,55.886,85.755,4.9028,3.4518,9.0093,14.931,14.257,8.9841,22.373,21.796,12.122,10.18,9.7326,9.4582,14.521,13.253,1.9283,1.313,26.334,10.096,4.5323,8.5825,1.7854,2.3975,5.9076,13.299,18.238,13.91,20.369,1.1254,17.502,21.546,15.094,17.212,17.533,18.016,17.512,17.128,16.976,29.339,1.4266,2.1988,1.3166,1.1444,29.017,1.2045,0.89934,6.8211,6.3517,6.5993,8.7506,6.1327,5.739,5.9566,6.3018,23.819,22.9,23.415,24.221,24.378,24.456,19.054,1.0432,15.812,20.65,23.961,1.5288,13.433,1.6963,16.958,9.3557,0.3823,2.0757,2.7958,0.82899,0.53032,1.2125,0.85242,2.3967,1.3754,13.199,10.27,62.784,41.446,41.4,28.488,23.441,34.955,31.91,40.44,6.8936,41.922,9.3745,0.74929,7.3984,9.7982,6.6166,10.688,17.98,20.718,3.0032,3.9143,1.3957,0.93452,18.214,38.319,7.5983,6.1866,6.2994,3.0305,1.6418,16.78,16.199,16.554,16.496,6.7548,7.0554,7.2172
75.357,100.33,116.61,12.118,11.667,15.194,0,17.521,1.4232,7.4781,9.9647,10.577,7.7222,0.99594,1.2386,7.5592,13.295,11.841,11.338,10.427,9.1609,13.816,7.0221,1.2266,0.80343,95.123,28.871,5.6282,0.97157,3.0739,91.642,84.971,92.54,103.55,8.5489,10.786,37.874,19.711,21.367,23.099,19.305,12.107,14.279,22.624,16.854,11.086,13.279,1.072,1.9721,7.5934,18.254,0.55355,0.028559,1.3251,0.0083325,1.1809,0.12651,0.36595,0.14731,0.2565,20.419,17.42,8.3586,5.7584,9.2433,9.4134,8.391,9.6408,10.239,1.4015,1.1852,1.2832,0.87747,1.4511,1.3193,0.66221,0.65449,2.6905,0.93208,1.4246,10.474,0.49397,17.398,12.935,9.0733,12.028,12.37,11.102,11.036,11.412,10.131,0.57147,0.79819,0.86502,56.45,69.537,52.784,50.011,29.766,41.193,49.106,29.549,73.633,9.5467,19.491,1.6969,3.549,7.2322,5.3916,1.4405,0.83928,3.16,1.9768,1.6482,0.88931,0.042306,11.649,17.829,22.136,32.879,26.837,9.1894,3.8124,12.397,12.355,18.822,31.202,0.37569,0.42717,0.66474,24.341,0.13985,0.55618,0.7071,0.18735,0.17914,1.56,0.16757,0.24005,0.229,3.1488,23.407,22.605,20.715,20.247,3.1809,21.872,20.673,6.0636,6.5698,7.159,10.527,9.5307,8.9615,10.261,11.076,0.96616,0.89504,0.88542,1.0508,1.0827,1.165,0.33416,21.231,0.09625,2.7417,1.3315,23.055,0.068679,13.805,0.52484,7.579,19.934,10.941,10.131,11.999,12.757,12.467,11.31,9.6631,9.4937,0.35663,0.71998,44.08,49.538,22.76,23.472,20.643,38.998,13.348,20.983,18.582,21.456,8.9134,20.473,3.364,2.1795,2.0082,1.2212,0.14468,0.59485,8.2433,4.0845,20.439,19.586,18.125,24.606,10.646,10.029,9.3659,10.284,23.344,0.19628,0.23213,0.2389,0.15486,9.8967,10.508,10.066
94.608,118.59,127.88,13.829,5.1765,1.8257,17.521,0,28.866,2.683,2.9592,3.3947,3.824,25.866,27.454,3.1551,0.70866,1.0114,1.1536,1.0482,1.3836,0.32182,2.8339,11.171,11.13,63.217,7.9772,13.187,20.213,15.372,99.443,97.225,94.898,101.93,38.563,20.209,52.909,33.731,13.89,13.527,7.8208,46.226,12.6,14.833,8.8337,11.826,19.562,12.724,9.7021,3.8396,1.8366,22.516,17.238,27.322,17.604,24.569,20.35,22.191,17.228,20.729,0.12343,0.07096,2.044,5.2881,3.0874,2.5338,3.4928,3.2674,2.9677,28.427,27.053,27.718,25.159,27.791,27.433,24.591,22.6,25.071,26.098,22.579,1.177,14.936,0.76158,0.72791,1.3898,1.1234,1.1829,0.82412,0.77677,0.90171,1.4619,13.684,10.842,11.024,46.464,73.855,37.027,23.308,38.654,54.903,19.82,44.24,64.893,2.1719,0.25704,8.989,12.285,9.7641,6.3084,22.236,22.757,10.06,9.4687,9.5033,10.573,17.333,7.4349,0.0019886,0.64404,41.827,20.457,10.972,14.578,6.9257,8.0754,14.284,24.878,21.981,17.871,24.321,3.5161,20.54,23.809,19.66,20.551,20.759,23.707,20.691,20.668,20.504,28.94,0.93269,0.36574,0.33895,0.35467,28.422,0.66284,0.63989,4.5288,4.0209,3.9326,4.3035,2.8613,2.799,2.5597,2.5635,26.177,24.359,25.871,26.853,26.983,27.71,20.468,0.63901,17.33,18.652,24.657,0.73345,15.415,0.22348,17.398,5.6613,1.4227,0.79304,1.1503,0.69665,0.72928,0.46246,0.87993,1.2023,1.3131,16.878,11.309,47.288,26.186,30.962,18.053,14.074,21.48,24.5,30.561,1.7947,31.967,5.2197,4.2323,6.4461,9.0002,7.6744,10.692,19.884,21.934,1.8303,4.7796,0.26074,0.38451,30.524,54.002,3.4862,2.7564,3.0085,1.1764,0.73617,20.224,19.812,20.161,19.827,3.1399,3.1688,3.3887
78.66,104.27,122.75,18.816,20.395,25.707,1.4232,28.866,0,15.053,18.011,18.622,14.914,0.20888,0.090899,14.962,23.078,21.458,20.775,19.553,17.793,24.103,14.741,4.6207,4.194,108.42,40.407,9.3117,1.6445,6.4233,98.412,90.397,100.84,113.1,7.1216,15.358,41.68,23.333,30.831,33.164,29.678,9.612,21.958,32.216,26.259,17.987,18.809,4.3649,6.3797,14.749,29.655,0.86166,1.585,0.19904,1.4352,1.1697,0.82534,0.65765,1.7992,0.9435,32.581,28.643,16.393,11.984,17.065,17.483,15.86,17.495,18.35,0.042048,0.12583,0.077087,0.25708,0.21798,0.16896,0.19585,0.65788,2.319,0.10531,1.5155,19.365,2.6253,28.255,22.62,17.658,21.692,22.135,20.47,20.368,20.894,19.129,3.0946,4.3325,4.29,63.817,72.462,61.969,62.672,32.171,41.948,62.628,30.292,80.31,17.79,31.193,5.8929,7.0324,12.351,11.186,1.6269,0.81268,7.2502,6.0386,5.6549,4.5008,1.5865,18.622,29.253,34.782,38.27,36.208,15.718,7.6338,20.931,20.595,27.432,40.689,0.74379,2.0507,0.44839,37.122,0.7882,0.27581,1.9497,0.87921,0.79456,1.9794,0.79471,0.93469,0.96759,1.8279,36.362,35.345,32.996,32.406,2.0015,34.448,32.932,12.626,13.428,14.181,18.242,17.506,16.823,18.528,19.546,0.11663,0.46491,0.1132,0.055867,0.055828,0.017863,0.88485,33.639,1.5168,4.172,0.8595,35.932,2.0981,24.022,1.935,14.102,31.884,20.162,18.967,21.686,22.695,22.295,20.756,18.394,18.265,2.2227,4.0551,47.803,61.149,25.555,30.299,27.927,49.076,15.599,23.431,29.353,23.621,15.912,32.016,8.7049,6.4306,6.8027,4.7749,0.86539,0.7671,16.371,10.329,32.645,31.567,22.15,23.966,18.676,18.166,17.247,19.136,36.294,0.99889,1.1857,1.0906,1.0504,17.861,18.615,17.983
94.525,120.5,133.25,13.096,6.1164,4.534,7.4781,2.683,15.053,0,0.38929,0.65485,0.23651,12.575,13.766,0.053567,0.86617,2.0087,1.9295,1.1639,0.73518,1.9092,1.3401,3.1006,3.389,61.653,8.4741,4.2577,8.369,9.2249,104.52,100.31,101.89,110.94,27.05,16.936,51.269,30.352,17.23,17.658,11.608,33.644,13.194,18.462,11.418,11.121,17.733,5.7423,4.163,0.22286,5.7643,11.497,7.5093,13.532,7.6447,13.409,9.5078,10.974,7.8084,10.058,3.9562,2.3673,0.044602,0.47627,0.28192,0.18317,0.24435,0.41051,0.44966,14.523,13.445,13.966,12.081,13.832,13.64,11.883,10.202,11.391,12.896,9.8601,0.31159,5.2806,2.0662,0.78553,0.61488,2.2649,2.5189,1.2114,1.0128,1.5849,1.6452,4.5804,3.4881,3.2852,38.167,58.616,31.65,23.589,25.21,38.433,21.621,28.606,54.642,0.14713,2.9959,2.1098,3.5233,2.7164,0.82232,9.6191,10.201,2.355,2.17,2.2857,3.2381,7.6222,2.5823,2.7648,5.5588,41.781,24.368,9.5456,9.1575,7.9203,8.8299,16.457,29.357,10.908,8.6532,12.486,9.6354,9.6305,11.324,10.102,9.8029,9.8659,13.351,9.7983,9.991,9.8846,14.095,6.3457,5.0298,4.6343,4.5378,13.713,5.5204,5.1398,0.26008,0.16007,0.19386,0.96122,0.27739,0.16268,0.34898,0.52842,12.914,11.395,12.75,13.475,13.55,14.32,8.8821,5.3037,7.0147,7.1872,11.381,5.9358,6.1195,1.4205,6.7111,0.87322,5.9134,0.63775,0.32787,1.5852,2.0838,1.3467,1.4791,0.3801,0.92256,7.9118,3.5574,34.616,24.801,18.643,11.466,8.4901,18.507,12.41,17.935,2.58,18.911,0.95518,8.9533,0.88555,1.9417,2.0025,2.9083,8.7022,9.7458,0.15709,1.1054,4.3966,4.3935,27.482,45.446,0.70077,0.34915,0.28397,0.30623,6.0055,9.6691,9.5265,9.7285,9.3664,0.42606,0.56825,0.53773
106.93,134.36,147.53,17.891,9.1855,6.4932,9.9647,2.9592,18.011,0.38929,0,0.037312,0.14603,14.988,16.348,0.21122,0.77428,3.3971,3.3705,2.3151,1.8182,2.7795,3.0739,4.3876,5.1339,52.245,5.377,3.7955,9.8742,13.235,117.14,112.87,114.1,123.43,33.168,22.46,60.548,37.615,22.13,22.453,15.32,40.41,17.865,23.504,15.399,15.555,23.341,8.7202,6.9109,0.16294,7.6352,14.853,10.163,15.934,10.239,17.204,12.334,14.092,10.697,13.141,4.1894,2.3542,0.46012,0.62099,0.013881,0.047408,0.068421,0.0079136,0.0023395,17.23,15.964,16.578,14.457,16.214,16.086,14.461,12.276,12.45,15.51,11.319,0.58604,6.8959,1.4189,0.75242,1.6181,3.7569,4.078,2.2551,1.9235,2.8096,3.1427,6.1758,5.4787,4.9653,31.279,51.012,25.162,17.971,21.095,33.441,16.379,24.78,46.442,0.11544,2.6396,3.4407,3.6869,1.9889,0.89655,11.029,12.117,2.7639,3.192,3.5281,5.1028,10.325,1.1931,2.9928,6.3165,50.105,30.234,13.728,13.228,11.448,12.611,21.449,35.773,14.071,11.874,15.764,11.776,12.465,13.838,13.609,12.772,12.787,17.396,12.698,13.052,12.938,15.437,7.1725,5.2566,5.2641,5.2568,14.96,6.3382,6.096,0.48275,0.3555,0.23163,0.16885,0.0094604,0.048763,0.014533,0.032511,15.49,13.549,15.367,16.18,16.243,17.312,10.983,6.1893,9.1346,7.7128,13.19,6.6285,8.4298,1.894,8.3424,0.46155,7.4692,1.2304,0.76867,2.6839,3.3244,2.1607,2.6582,1.0289,2.0833,10.997,5.3972,28.946,18.978,15.297,7.9887,5.4818,13.544,10.455,14.854,1.3912,15.805,0.319,11.63,1.7561,2.9182,3.8024,4.2714,11.02,11.77,0.83557,2.7701,4.9576,5.2271,34.409,54.056,0.049935,0.0039177,0.010372,0.65196,6.6458,12.683,12.611,12.814,12.326,0.002812,0.017099,0.019135
110.89,138.82,152.24,19.547,10.389,7.4323,10.577,3.3947,18.622,0.65485,0.037312,0,0.23397,15.455,16.851,0.39172,1.004,4.1008,4.0815,2.9144,2.3681,3.3508,3.7862,4.7168,5.6123,49.626,4.7219,3.5697,10.125,14.45,121.35,116.98,118.26,127.75,34.809,24.237,63.509,39.907,23.971,24.293,16.823,42.205,19.533,25.398,16.938,17.103,25.198,9.5958,7.7725,0.2589,8.5942,15.688,10.837,16.379,10.887,18.165,13.017,14.849,11.453,13.909,4.6557,2.6886,0.75947,0.7327,0.078464,0.16877,0.14371,0.03036,0.024288,17.762,16.451,17.087,14.922,16.647,16.544,15,12.675,12.498,16.041,11.523,0.8863,7.2629,1.5262,0.99585,2.1395,4.497,4.8456,2.8327,2.4556,3.4524,3.8481,6.5578,6.0452,5.4244,29.158,48.414,23.271,16.554,19.606,31.576,15.133,23.295,43.855,0.28025,2.8883,3.8282,3.6543,1.7552,0.9616,11.223,12.463,2.8447,3.4713,3.8763,5.6324,11.014,0.84506,3.4169,6.9806,52.841,32.386,15.174,14.49,12.79,14.02,23.274,38.11,14.847,12.737,16.544,12.898,13.149,14.366,14.545,13.503,13.497,18.462,13.401,13.812,13.698,15.525,7.8761,5.7526,5.8663,5.8815,15.026,7.018,6.8036,0.63835,0.51845,0.35213,0.056461,0.082491,0.1658,0.081861,0.058279,16.007,13.951,15.902,16.731,16.789,17.948,11.422,6.882,9.6274,7.6858,13.478,7.284,9.018,2.332,8.6752,0.40798,8.3554,1.6526,1.1202,3.2969,3.9975,2.6885,3.2843,1.4426,2.6663,11.829,5.9035,27.023,17.437,14.081,6.9512,4.6225,12.2,9.6628,13.706,1.3171,14.633,0.21825,12.86,2.0562,3.1931,4.3758,4.6342,11.539,12.163,1.2258,3.379,5.5333,5.8794,36.613,56.553,0.00094937,0.060563,0.07637,0.97332,7.2883,13.434,13.394,13.591,13.064,0.024516,0.0049041,0.0071614
102.96,130.23,143.88,16.519,8.7348,6.7611,7.7222,3.824,14.914,0.23651,0.14603,0.23397,0,12.18,13.408,0.065003,1.3107,3.5575,3.4717,2.3997,1.788,3.2324,2.6572,2.933,3.5756,55.797,7.0491,2.8096,7.6544,11.157,114.03,109.42,111.48,121.08,29.36,20.365,57.408,34.879,21.462,21.967,15.158,36.176,16.778,22.838,14.922,14.317,21.479,6.8595,5.3952,0.00065748,8.1567,12.122,7.9178,13.04,7.9731,14.29,9.8244,11.41,8.4245,10.571,5.2789,3.252,0.42244,0.16795,0.07369,0.14277,0.014661,0.10645,0.17856,14.206,13.061,13.615,11.702,13.296,13.175,11.701,9.7521,10.055,12.647,8.9563,0.80527,5.0352,2.3627,1.2496,1.5934,3.9065,4.239,2.4276,2.1159,2.9712,3.1158,4.4228,3.9031,3.4306,32.704,51.43,26.976,20.505,20.592,32.701,19.056,23.775,47.981,0.23295,3.7406,2.1873,2.5079,1.4404,0.34592,8.7028,9.6208,1.6896,1.9726,2.2447,3.5757,8.0655,1.2808,3.8893,7.4156,47.597,29.325,12.449,11.261,10.843,11.872,20.536,34.771,11.399,9.5193,12.912,12.6,9.9404,11.14,11.09,10.229,10.234,14.539,10.153,10.489,10.388,12.729,8.3376,6.4998,6.2961,6.2365,12.311,7.4054,7.0486,0.10075,0.057517,0.012209,0.3183,0.10958,0.084309,0.20638,0.31404,12.63,10.893,12.517,13.252,13.31,14.279,8.5977,7.1971,6.9737,5.9122,10.601,7.8032,6.3863,2.4177,6.2884,0.21166,8.2058,1.4652,0.93629,2.9279,3.6026,2.5057,2.8208,1.1222,2.0723,8.7366,3.803,29.14,21.282,14.724,8.5069,6.0148,15.251,9.4268,14.131,2.434,15.013,0.2447,12.008,0.90734,1.7588,2.6012,2.8417,8.6305,9.3021,0.76331,1.981,5.9851,6.1341,31.854,49.896,0.25019,0.16382,0.086903,0.84485,7.8514,10.159,10.111,10.287,9.8383,0.13477,0.2154,0.16021
84.231,110.68,129.15,19.206,19.459,23.861,0.99594,25.866,0.20888,12.575,14.988,15.455,12.18,0,0.031442,12.358,20.034,19.362,18.733,17.367,15.623,21.602,13.088,3.2053,3.0662,99.112,35.267,6.7645,0.69134,6.721,103.7,95.805,105.69,117.98,9.3127,16.46,45.228,25.639,30.956,33.151,28.949,12.338,22.153,32.414,25.815,18.126,19.848,4.0223,5.7594,12.039,27.648,1.1134,1.2464,0.023462,1.0749,1.7351,0.69756,0.76212,1.5967,0.97896,29.456,25.476,13.876,9.5134,14.145,14.616,13.04,14.487,15.283,0.08574,0.015617,0.042706,0.0049447,0.042849,0.023744,0.051942,0.14104,1.2107,0.027263,0.6028,16.657,1.5668,24.734,19.624,15.444,19.655,20.129,18.188,18.006,18.712,17.175,1.9768,3.3416,3.1174,56.799,65.526,54.984,55.817,27.485,36.909,55.906,25.986,72.551,14.967,27.754,4.4091,4.9016,9.466,8.7231,0.67238,0.20043,5.2008,4.3771,4.1382,3.4217,1.2802,15.1,26.213,31.928,41.03,36.95,15.744,7.9134,20.306,20.165,27.717,41.762,0.86746,2.0599,0.71334,35.119,0.6718,0.069381,2.1846,0.8423,0.73643,2.6496,0.72146,0.95474,0.97768,1.0107,33.515,32.147,30.106,29.586,1.1083,31.64,30.249,10.164,10.913,11.548,15.006,14.568,13.995,15.513,16.406,0.017245,0.050892,0.030432,0.05487,0.05138,0.21471,0.32021,30.894,0.85979,2.5138,0.2344,33.01,1.4877,21.281,0.97278,11.247,29.614,17.614,16.37,19.4,20.468,19.814,18.549,15.94,16.127,2.1179,2.9935,41.985,54.291,21.305,25.484,23.352,42.941,12.286,19.389,25.503,19.596,12.859,30.497,6.7955,4.7179,5.5415,3.3881,0.41634,0.19947,14.008,8.81,29.72,28.84,24.197,27.626,15.491,15.159,14.316,16.477,33.33,0.97661,1.1899,1.1074,0.98279,14.826,15.483,14.895
83.109,109.39,128.02,19.619,20.347,25.103,1.2386,27.454,0.090899,13.766,16.348,16.851,13.408,0.031442,0,13.568,21.523,20.602,19.947,18.595,16.812,22.99,14.083,3.8345,3.6233,102.41,37.404,7.6968,1.0121,6.9192,102.89,94.874,105.1,117.47,8.6994,16.544,44.647,25.355,31.63,33.903,29.902,11.515,22.683,33.08,26.628,18.616,20.016,4.3764,6.2618,13.258,28.992,1.1075,1.4764,0.022553,1.3011,1.6282,0.81408,0.79178,1.7995,1.0539,31.134,27.098,15.11,10.607,15.464,15.94,14.309,15.83,16.659,0.013529,0.0031163,0.00086149,0.059003,0.034236,0.013531,0.08989,0.30542,1.4962,0.023215,0.87223,17.998,2.0173,26.418,21.094,16.641,20.884,21.357,19.457,19.292,19.964,18.336,2.4699,3.8747,3.6881,59.108,67.5,57.414,58.461,28.861,38.256,58.578,27.149,74.997,16.292,29.477,5.1122,5.7158,10.585,9.7841,0.95904,0.38651,6.0376,5.115,4.8361,3.9823,1.5012,16.508,27.817,33.572,40.758,37.464,16.235,8.1495,21.102,20.891,28.291,42.201,0.89774,2.2078,0.66691,36.56,0.78191,0.13613,2.2491,0.93564,0.82965,2.5471,0.81928,1.0341,1.0626,1.1562,35.18,33.884,31.733,31.187,1.2828,33.268,31.823,11.279,12.063,12.739,16.396,15.902,15.293,16.887,17.826,0.016912,0.15887,0.031429,0.019662,0.014765,0.11931,0.53533,32.494,1.1596,3.0644,0.39211,34.688,1.819,22.725,1.3481,12.457,31.063,18.939,17.68,20.693,21.764,21.165,19.805,17.207,17.318,2.3114,3.5301,43.737,56.862,22.6,27.206,25.046,45.222,13.308,20.607,27.263,20.79,14.153,31.73,7.686,5.482,6.2314,4.0214,0.61465,0.38851,15.209,9.6673,31.351,30.405,24.006,26.702,16.89,16.522,15.642,17.804,35.024,1.0741,1.2916,1.1986,1.0982,16.183,16.875,16.262
98.521,125.11,138.29,14.679,7.3063,5.5296,7.5592,3.1551,14.962,0.053567,0.21122,0.39172,0.065003,12.358,13.568,0,1.0108,2.6829,2.6012,1.6901,1.1756,2.4727,1.9107,2.9769,3.4349,58.766,7.7164,3.5195,7.9939,10.107,109.02,104.62,106.42,115.73,28.132,18.53,54.164,32.476,19.19,19.653,13.238,34.836,14.85,20.49,13.029,12.594,19.476,6.2343,4.7058,0.058344,6.8356,11.765,7.6686,13.27,7.7662,13.801,9.6265,11.152,8.0669,10.271,4.5122,2.7171,0.16407,0.27412,0.12151,0.10217,0.075028,0.20406,0.25801,14.346,13.235,13.772,11.872,13.55,13.392,11.767,9.9565,10.723,12.75,9.3966,0.48321,5.1245,2.1357,0.9399,1.0199,2.9833,3.2746,1.7272,1.4746,2.1818,2.2843,4.4649,3.6429,3.3113,35.492,55.132,29.345,22.032,22.958,35.654,20.31,26.259,51.395,0.12592,3.2768,2.1003,2.9931,2.055,0.54135,9.1493,9.8932,1.9902,2.0294,2.2202,3.3556,7.7983,1.9015,3.2287,6.3687,44.515,26.675,10.88,10.12,9.2568,10.225,18.347,31.883,11.111,9.0315,12.661,10.975,9.7462,11.207,10.54,9.9741,10.01,13.888,9.9355,10.196,10.093,13.416,7.2191,5.6541,5.3522,5.2739,13.015,6.3441,5.9762,0.128,0.054023,0.049288,0.59301,0.13574,0.06431,0.21827,0.36253,12.751,11.126,12.611,13.342,13.409,14.275,8.7135,6.1321,6.9593,6.5407,10.979,6.7499,6.2092,1.8281,6.4729,0.50073,6.9347,0.96796,0.55466,2.1604,2.7423,1.8333,2.0547,0.67133,1.4089,8.2694,3.6318,31.948,23.04,16.725,9.992,7.2459,16.878,10.942,16.073,2.4379,17.005,0.5574,10.341,0.84497,1.8074,2.2404,2.8324,8.6348,9.5024,0.38559,1.4703,5.0797,5.1504,29.53,47.549,0.42347,0.19848,0.12867,0.49953,6.809,9.8703,9.7725,9.9624,9.5587,0.22531,0.33746,0.29586
100.57,126.3,137.49,15.344,6.5609,3.4601,13.295,0.70866,23.078,0.86617,0.77428,1.004,1.3107,20.034,21.523,1.0108,0,1.5111,1.5752,0.99415,0.92416,0.82477,2.3202,7.2444,7.6108,56.621,5.8008,7.8966,14.586,13.851,108.01,104.79,104.16,112.32,35.599,20.895,56.421,35.31,17.425,17.387,10.927,43.099,14.687,18.585,11.506,13.158,20.99,10.24,7.7888,1.3288,4.0109,18.291,13.254,21.243,13.476,20.515,15.923,17.742,13.52,16.524,1.363,0.43615,0.57098,2.3123,0.85474,0.59222,1.0966,0.93689,0.77628,22.459,21.125,21.771,19.409,21.62,21.377,19.129,17.014,18.316,20.418,16.505,0.17409,10.424,0.30441,0.0029987,0.8261,1.7489,1.9386,0.84267,0.65021,1.1611,1.6284,9.4269,7.6429,7.4706,37.99,61.646,30.178,19.659,29.204,43.518,17.108,33.892,54.765,0.44391,0.64928,5.6604,7.4151,5.2369,2.9693,16.184,17.009,5.833,5.7702,5.9635,7.3143,13.384,3.6067,0.72294,2.69,45.589,24.792,11.82,13.44,8.5852,9.7567,17.307,29.785,17.626,14.441,19.66,6.8932,16.085,18.42,16.222,16.247,16.359,20.175,16.279,16.448,16.307,21.777,3.2563,2.0026,2.0168,2.0269,21.273,2.7138,2.5936,1.8571,1.531,1.416,1.5274,0.73548,0.73152,0.57769,0.57854,20.447,18.544,20.231,21.138,21.235,22.144,15.288,2.6338,12.773,12.676,18.504,2.8827,11.453,0.32287,12.397,2.3949,3.6974,0.30516,0.25837,0.9867,1.321,0.59589,1.0741,0.42341,1.0202,13.496,7.8363,37.367,21.623,22.472,12.255,9.0147,16.618,16.875,22.067,0.79323,23.252,2.0838,7.2264,3.5033,5.3928,5.1825,6.9451,15.017,16.423,0.65729,3.1773,1.8244,2.035,32.083,53.816,1.0554,0.67382,0.81185,0.20988,2.8893,16.037,15.793,16.072,15.656,0.86717,0.88124,0.99805
78.005,100.55,110.25,7.5987,1.8174,0.51002,11.841,1.0114,21.458,2.0087,3.3971,4.1008,3.5575,19.362,20.602,2.6829,1.5111,0,0.006054,0.11456,0.32687,0.19715,0.63355,7.7166,7.1345,76.451,13.045,11.914,15.381,8.6893,84.021,81.325,80.581,87.803,27.428,12.244,40.201,23.324,8.6766,8.6834,4.3813,33.886,6.9206,9.5047,4.678,6.1051,11.893,7.2348,4.9427,3.5224,0.99091,15.351,11.416,20.692,11.799,16.755,13.972,15.3,11.167,14.041,1.5221,1.3736,1.5282,4.3466,3.29,2.6825,3.4414,3.642,3.5009,21.341,20.312,20.808,18.767,21.14,20.741,18.024,16.822,20.335,19.34,17.562,1.1799,10.575,2.6613,1.4204,0.40764,0.0092707,0.03108,0.11703,0.21102,0.027884,0.067194,9.5079,6.6162,7.119,54.283,80.69,45.124,31.811,41.162,57.764,28.234,45.722,73.976,2.2691,2.1616,5.8132,10.192,9.3953,5.2725,17.315,17.153,7.9279,6.6017,6.3538,6.5268,11.448,8.6094,1.103,1.6235,30.898,14.064,5.3943,8.0177,2.9468,3.6766,8.6094,17.886,15.068,11.408,17.033,2.9209,14.13,17.395,12.702,14,14.234,15.776,14.196,14.011,13.873,23.48,1.9582,2.0101,1.3194,1.1793,23.131,1.5427,1.2259,3.6339,3.2799,3.4452,5.0804,3.1268,2.836,3.0239,3.3017,19.455,18.307,19.132,19.92,20.05,20.376,14.882,1.3698,12.08,15.286,18.994,1.885,10.193,0.53792,12.72,5.4983,1.1745,0.55697,0.93468,0.056007,0.024547,0.21544,0.045281,0.69832,0.22199,10.674,7.1791,52.171,34.499,32.723,21.63,17.286,28.148,24.397,31.868,4.2975,33.186,5.5172,2.4951,4.2845,6.2649,4.192,7.2141,14.113,16.284,1.0427,2.0539,1.2912,1.0006,20.679,40.252,4.2255,3.1795,3.2419,1.0791,1.9794,13.667,13.232,13.539,13.372,3.5839,3.8225,3.9258
77.286,99.817,109.63,7.3249,1.7173,0.54916,11.338,1.1536,20.775,1.9295,3.3705,4.0815,3.4717,18.733,19.947,2.6012,1.5752,0.006054,0,0.10004,0.28603,0.25882,0.51867,7.3665,6.7692,77.022,13.308,11.637,14.866,8.2477,83.496,80.725,80.158,87.442,26.642,11.824,39.613,22.792,8.5591,8.6041,4.3552,33.017,6.7075,9.39,4.5871,5.8548,11.525,6.8236,4.6035,3.4336,1.0843,14.755,10.915,20.044,11.292,16.126,13.415,14.711,10.664,13.476,1.713,1.5183,1.4746,4.1973,3.2465,2.649,3.3745,3.6047,3.4799,20.67,19.665,20.148,18.149,20.487,20.091,17.409,16.25,19.775,18.703,17.016,1.1804,10.141,2.8055,1.4768,0.36667,0.014677,0.040109,0.12001,0.21618,0.031505,0.033964,9.0974,6.2512,6.7578,54.43,80.604,45.362,32.222,40.931,57.467,28.682,45.386,74.126,2.2422,2.3452,5.5079,9.8833,9.2106,5.1007,16.776,16.585,7.6466,6.2988,6.0406,6.1703,10.945,8.5533,1.2514,1.8251,30.433,13.91,5.1307,7.6013,2.8205,3.525,8.4396,17.721,14.482,10.892,16.41,3.0852,13.571,16.793,12.155,13.439,13.67,15.164,13.634,13.447,13.312,22.856,2.1755,2.2346,1.5042,1.3541,22.518,1.7384,1.3987,3.5015,3.1656,3.3454,5.0478,3.0922,2.7897,3.0082,3.303,18.818,17.708,18.498,19.27,19.399,19.707,14.341,1.5536,11.589,14.848,18.404,2.1021,9.7303,0.60853,12.244,5.3844,1.3099,0.56615,0.9266,0.075622,0.05401,0.25249,0.048356,0.67738,0.18664,10.177,6.8076,52.068,34.855,32.49,21.634,17.301,28.388,24.087,31.605,4.4544,32.908,5.4381,2.5703,4.0605,5.9744,3.906,6.8707,13.575,15.724,0.98589,1.8562,1.4738,1.1614,20.182,39.43,4.2064,3.1567,3.2019,1.075,2.2025,13.11,12.683,12.983,12.823,3.5537,3.8046,3.896
81.565,104.92,115.36,8.5395,2.476,1.1056,10.427,1.0482,19.553,1.1639,2.3151,2.9144,2.3997,17.367,18.595,1.6901,0.99415,0.11456,0.10004,0,0.058987,0.24203,0.43535,6.2451,5.8702,72.569,11.596,9.7188,13.335,8.4442,88.534,85.476,85.288,92.946,26.959,12.99,42.464,24.625,10.349,10.457,5.7392,33.447,8.0475,11.274,5.9186,6.9317,12.914,6.5067,4.3859,2.3696,1.7662,14.056,10.111,18.608,10.434,15.581,12.532,13.893,9.9926,12.716,1.7416,1.2488,0.80901,3.0566,2.2076,1.7216,2.3135,2.5064,2.4086,19.339,18.298,18.799,16.797,19.021,18.671,16.184,14.869,17.828,17.427,15.351,0.60847,8.9401,2.1577,0.90567,0.09182,0.18267,0.2599,0.013548,0.037827,0.034705,0.078316,7.961,5.499,5.8337,50.079,75.062,41.552,29.494,36.99,52.786,26.302,41.271,69.005,1.3983,1.9996,4.56,8.2315,7.4351,3.8439,15.106,15.121,6.2295,5.175,5.0136,5.3715,10.162,6.807,1.1375,2.2011,33.119,16.153,6.0145,7.917,3.7657,4.5378,10.113,20.254,13.701,10.377,15.573,4.1603,12.682,15.572,11.707,12.624,12.818,14.822,12.773,12.677,12.547,20.866,2.6439,2.3698,1.7487,1.6189,20.509,2.1303,1.7978,2.4626,2.1695,2.3037,3.7333,2.0824,1.8333,2.0214,2.2761,17.519,16.283,17.234,18.006,18.123,18.555,13.077,1.9467,10.499,12.983,16.803,2.4904,8.8484,0.38524,10.914,4.029,1.9424,0.21196,0.42542,0.05649,0.15158,0.12139,0.022709,0.25761,0.023886,9.6419,5.9442,47.62,31.829,28.998,18.843,14.825,25.49,21.169,28.177,3.5266,29.413,4.0636,3.6717,3.1055,4.8643,3.3001,5.8166,12.448,14.35,0.46603,1.4596,1.6706,1.4481,21.927,41.11,3.0204,2.1399,2.1715,0.53032,2.5791,12.339,11.974,12.255,12.042,2.4661,2.6819,2.7531
82.818,106.62,117.6,8.8714,2.8625,1.6275,9.1609,1.3836,17.793,0.73518,1.8182,2.3681,1.788,15.623,16.812,1.1756,0.92416,0.32687,0.28603,0.058987,0,0.48344,0.32474,5.1343,4.8568,71.238,11.248,8.2939,11.702,7.9074,90.557,87.204,87.543,95.523,25.874,13.034,43.151,24.842,11.282,11.493,6.6076,32.279,8.558,12.263,6.6421,7.2284,13.175,5.7371,3.8001,1.757,2.4549,12.744,8.9085,16.791,9.1921,14.295,11.188,12.526,8.8607,11.424,2.2387,1.4969,0.48205,2.2933,1.6898,1.2839,1.7416,1.9665,1.9129,17.538,16.52,17.011,15.08,17.177,16.859,14.543,13.217,15.881,15.718,13.586,0.43026,7.6356,2.1934,0.82761,0.0058657,0.4271,0.53976,0.10015,0.088099,0.18378,0.1847,6.7342,4.5684,4.8136,48.048,71.948,39.986,28.842,34.515,49.778,25.91,38.51,66.549,1.0191,2.2744,3.6264,6.8988,6.2535,2.9753,13.351,13.429,5.0762,4.1471,4.0214,4.43,8.9674,5.8712,1.4793,2.9117,33.934,17.274,6.1797,7.4921,4.2099,4.9748,10.886,21.516,12.359,9.3101,14.134,5.1954,11.329,13.955,10.622,11.309,11.476,13.68,11.429,11.382,11.259,18.781,3.4341,2.9865,2.3558,2.2194,18.434,2.8392,2.47,1.7863,1.5493,1.684,3.0808,1.5967,1.3567,1.5824,1.845,15.797,14.559,15.537,16.282,16.39,16.86,11.546,2.6351,9.154,11.298,14.996,3.2355,7.6715,0.52707,9.4623,3.2087,2.6784,0.17105,0.27151,0.22159,0.39952,0.25495,0.15467,0.12631,0.010656,8.5968,4.9395,45.088,30.913,26.769,17.429,13.607,24.438,19.125,25.932,3.4283,27.104,3.2947,4.5627,2.3127,3.8662,2.5921,4.7555,10.999,12.724,0.21482,1.026,2.2471,2.0359,22.156,40.724,2.4638,1.6713,1.6648,0.35916,3.3282,11.056,10.738,10.998,10.767,1.9446,2.1629,2.2014
85.485,108.78,118.42,10.182,3.1151,0.9144,13.816,0.32182,24.103,1.9092,2.7795,3.3508,3.2324,21.602,22.99,2.4727,0.82477,0.19715,0.25882,0.24203,0.48344,0,1.2955,8.7204,8.4049,69.861,10.368,11.861,16.89,11.282,91.14,88.594,87.253,94.462,31.91,15.547,45.793,27.77,10.935,10.798,5.8238,38.894,9.2951,11.828,6.4116,8.4502,15.111,9.2354,6.6546,3.22,1.2204,17.987,13.47,22.972,13.836,19.69,16.245,17.799,13.344,16.466,0.69388,0.53272,1.3799,4.2926,2.774,2.209,3.028,3.0433,2.8404,23.831,22.651,23.221,20.962,23.424,23.05,20.315,18.754,21.73,21.703,19.125,0.83066,11.945,1.5027,0.78193,0.52444,0.26008,0.3069,0.14832,0.17024,0.14862,0.41378,10.812,8.0093,8.3468,49.983,76.592,40.803,27.512,39.163,55.486,24.034,44.123,69.009,1.832,1.0546,6.7309,10.53,8.9882,5.2375,18.837,18.998,8.3244,7.3586,7.2464,7.836,13.532,7.5599,0.37434,1.0328,35.714,16.898,7.645,10.58,4.5377,5.4556,11.041,21.024,17.584,13.782,19.696,3.1151,16.415,19.623,15.295,16.357,16.574,18.797,16.522,16.421,16.273,25.171,1.3646,1.0977,0.70497,0.63385,24.748,0.99667,0.80443,3.5784,3.1674,3.2182,4.2745,2.5896,2.4041,2.4074,2.5631,21.799,20.347,21.489,22.358,22.486,23.002,16.755,0.88654,13.843,16.121,20.839,1.2243,11.981,0.11985,14.2,5.0795,1.1445,0.34663,0.68965,0.074932,0.091088,0.049324,0.14445,0.58876,0.40442,12.936,8.5123,49.086,30.227,31.117,19.387,15.252,24.589,23.675,30.464,2.8361,31.807,4.9018,3.1731,4.7754,6.9689,5.2991,8.2399,16.088,18.164,1.0344,2.8807,0.64728,0.54656,24.874,46.073,3.4582,2.575,2.7145,0.77671,1.2782,16.035,15.621,15.941,15.695,2.958,3.1023,3.251
73.986,96.887,108.01,6.1562,1.7904,1.7088,7.0221,2.8339,14.741,1.3401,3.0739,3.7862,2.6572,13.088,14.083,1.9107,2.3202,0.63355,0.51867,0.43535,0.32474,1.2955,0,4.2509,3.6461,79.991,15.143,8.7164,10.111,5.0733,82.279,78.7,79.864,87.9,20.568,9.368,36.652,19.743,9.0538,9.4611,5.4108,26.293,6.1307,9.9601,5.0568,4.8123,9.6439,3.6273,2.0806,2.5972,2.7794,9.7584,6.6778,14.195,6.9775,10.932,8.6599,9.7067,6.4816,8.7101,3.8855,3.1289,1.1615,2.7988,2.8136,2.3637,2.7281,3.1928,3.2232,14.678,13.855,14.249,12.605,14.574,14.227,11.955,11.085,14.396,13.032,11.91,1.3839,6.2619,4.2034,2.1617,0.37788,0.66948,0.75469,0.60233,0.6775,0.57988,0.28811,5.4541,3.2116,3.6561,53.8,77.31,45.822,34.763,37.283,52.836,31.737,40.735,73.097,2.0597,4.2483,2.8743,6.8345,7.1566,3.4437,11.728,11.404,4.9602,3.5881,3.294,3.1787,6.6992,7.622,2.9801,4.2826,28.437,14.337,3.8674,4.7102,2.7718,3.2963,8.4191,18.211,9.5235,6.6885,11.098,5.6077,8.7849,11.452,7.7184,8.6773,8.8634,10.226,8.8342,8.6858,8.5777,16.902,4.8185,4.7552,3.7441,3.5192,16.65,4.1531,3.6208,2.3045,2.147,2.4274,4.5569,2.7515,2.3786,2.8439,3.2628,13.134,12.281,12.86,13.496,13.606,13.839,9.5053,3.8666,7.2762,10.559,12.955,4.6998,5.7815,1.6079,7.9307,4.1714,3.3389,0.96493,1.0956,0.74923,0.87681,1.0142,0.57609,0.78077,0.30814,6.1211,3.6499,49.232,36.767,29.068,20.64,16.576,29.367,20.321,27.972,5.8071,29.104,4.5139,4.3414,2.1211,3.3781,1.627,3.8502,8.8385,10.661,0.72559,0.45153,3.6691,3.2178,17.379,33.801,3.9026,2.9139,2.8044,1.254,4.8446,8.4153,8.0774,8.3163,8.1845,3.2078,3.5464,3.5232
88.037,114.5,130.24,13.66,10.07,11.346,1.2266,11.171,4.6207,3.1006,4.3876,4.7168,2.933,3.2053,3.8345,2.9769,7.2444,7.7166,7.3665,6.2451,5.1343,8.7204,4.2509,0,0.14927,75.752,18.222,2.0805,1.3394,5.263,102.9,96.8,102.55,113.3,15.687,14.268,46.411,25.824,21.693,23.004,17.71,20.573,15.188,23.065,16.065,12.079,16.401,2.0025,2.074,2.8597,13.864,3.4064,1.3982,3.6848,1.367,4.7363,2.1281,2.9302,1.764,2.5854,13.618,10.768,3.7905,1.7319,3.9263,4.1408,3.3604,4.1403,4.5576,4.2549,3.6582,3.9434,2.9595,3.8383,3.7454,2.9211,2.0556,3.0091,3.4113,2.0174,5.3144,0.29023,10.133,7.0062,4.9703,8.0097,8.387,6.6681,6.4552,7.1495,6.4429,0.15246,0.38048,0.11332,43.103,57.455,39.051,35.673,22.286,33.422,34.819,23.237,58.984,4.3199,12.178,0.13526,0.87861,2.6561,1.4866,1.9263,2.0582,0.50045,0.095332,0.068223,0.27707,1.4793,5.3478,11.38,15.754,39.455,28.414,10.049,5.8482,11.465,11.882,19.679,33.408,2.9591,2.4714,3.6741,19.617,2.1766,2.6446,3.2944,2.3713,2.3399,5.2169,2.2954,2.5365,2.4947,4.2817,16.96,15.515,14.35,14.053,4.1276,15.598,14.726,1.9707,2.2991,2.6121,4.6079,4.1394,3.8176,4.6449,5.1601,3.4086,2.6081,3.3417,3.7249,3.7579,4.2701,1.5044,15.124,0.86696,1.5203,2.6355,16.479,0.78077,8.249,0.69163,2.7144,14.885,6.0169,5.2049,7.4788,8.2919,7.5237,7.007,5.0471,5.4965,2.1141,0.21106,34.021,35.455,16.049,14.637,12.172,26.731,8.6353,14.771,10.683,15.351,3.5377,17.019,0.67211,0.1493,0.7405,0.011979,1.5024,1.853,3.9578,1.9433,14.025,13.621,23.623,34.469,4.7516,4.4628,4.0135,5.2323,16.667,2.3818,2.4328,2.4899,2.2271,4.3173,4.7001,4.3906
80.936,106.39,121.62,11.165,8.4853,10.296,0.80343,11.13,4.194,3.389,5.1339,5.6123,3.5756,3.0662,3.6233,3.4349,7.6108,7.1345,6.7692,5.8702,4.8568,8.4049,3.6461,0.14927,0,81.824,20.363,3.3407,1.6371,3.6396,95.29,89.378,95.043,105.48,13.198,11.525,41.298,22.047,18.835,20.15,15.53,17.775,12.67,20.101,13.813,9.7986,13.501,1.0587,1.1612,3.4862,12.777,2.5346,0.85197,3.5896,0.87333,3.6119,1.5608,2.2154,1.0539,1.851,13.518,10.929,4.0126,2.3242,4.6173,4.719,4.029,4.9157,5.3348,3.9854,3.4795,3.7197,2.8269,3.7674,3.6242,2.6402,2.0541,3.7101,3.1453,2.4077,5.5371,0.36019,10.747,7.3448,4.7499,7.3549,7.6776,6.3375,6.2154,6.6886,5.8556,0.19354,0.055463,0.0027042,48.164,63.458,43.657,39.34,26.068,37.953,38.147,27.008,64.976,4.8116,12.512,0.17014,1.7517,3.936,2.171,2.3381,2.163,1.1485,0.34621,0.18115,0.026015,0.9022,6.8617,11.362,15.259,34.796,24.935,7.9728,4.1345,9.6018,9.8851,16.852,29.558,2.2067,1.5476,2.9098,18.205,1.6092,2.3857,2.2239,1.7111,1.7194,3.8838,1.6879,1.8163,1.7748,4.8993,16.388,15.357,13.978,13.636,4.7916,15.072,14.144,2.4762,2.7907,3.189,5.6526,4.814,4.4039,5.3318,5.9306,3.1701,2.6,3.068,3.4175,3.4616,3.792,1.426,14.571,0.68349,2.3766,2.8567,16.002,0.40795,8.1999,0.8282,3.6381,13.944,5.9966,5.3248,7.0781,7.7718,7.2938,6.5796,5.0425,5.1533,1.2528,0.0057822,38.677,39.367,19.287,17.53,14.71,30.247,11.023,17.873,11.66,18.5,4.5572,15.39,0.88513,0.40968,0.40521,0.094495,1.2644,1.8654,3.9983,1.5412,13.706,13.149,20.023,30.269,5.6704,5.1706,4.7019,5.4127,16.217,1.6807,1.6692,1.7368,1.5517,5.0945,5.5455,5.2351
307.66,352.01,370.18,130.34,101.72,86.261,95.123,63.217,108.42,61.653,52.245,49.626,55.797,99.112,102.41,58.766,56.621,76.451,77.022,72.569,71.238,69.861,79.991,75.752,81.824,0,26.407,54.835,83.553,116.27,320.59,315.45,312.96,325.63,160.33,143.21,224.93,178.52,136.01,135.17,115.47,175.04,128.95,139.05,118.6,123.82,145.15,99.747,95.353,56.166,86.448,110.04,97.271,99.896,96.647,117.47,101.38,106.51,100.55,105.19,64.014,59.235,62.066,58.929,53.651,55.243,54.748,52.082,51.577,104.72,101.29,102.97,98.163,99.938,100.56,100.53,92.506,80.848,101.97,84.409,60.622,81.975,50.893,57.275,70.107,78.02,79.131,71.278,69.397,73.948,77.415,81.055,85.039,80.904,7.8679,18.904,6.5491,9.7589,29.531,31.541,12.621,36.445,7.7077,56.536,55.569,75.381,61.989,50.059,58.349,83.564,90.509,63.97,71.528,74.423,83.204,98.005,41.716,62.696,72.282,203.51,155.36,119.03,117.01,109.3,113.38,136.34,167.3,107.02,105.59,109.99,93.838,101.61,99.173,110.63,103.49,102.93,120.6,102.59,104.83,104.63,87.05,73.968,65.054,69.711,70.733,85.49,72.997,74.339,59.725,59.305,57.36,47.697,53.66,55.482,52.915,51.072,101.5,94.69,101.86,103.68,103.61,108.13,91.586,73.623,90.026,70.058,90.32,71.857,91.585,64.354,83.549,52.321,82.661,64.994,62.735,72.374,74.686,68.55,73.264,65.406,72.42,103.15,83.187,19.41,8.2986,32.711,24.205,27.197,12.74,44.006,35.325,44.558,35.957,49.605,99.828,68.435,70.74,81.248,76.534,94.158,91.447,65.509,78.762,68.598,72.021,171.44,210.28,49.25,52.769,53.587,61.513,71.271,103.92,104.69,104.89,102.94,51.846,50.384,50.749
