0,4.4921,8.1861,261.44,249.94,279.88,141.23,123.27,95.341,145,133.33,132.68,132.83,124.91,108.85,75.415,71.402,78.912,65.94,46.338,31.695,11.284,108.19,98.306,105.93,135.18,126.91,101.56,96.412,103.09,64.245,0.63545,0.1489,5.7899,9.7205,1.4629,27.754,38.446,54.932,35.513,58.589,83.006,71.503,74.021,253.24,303.63,267.99,262.68,223.63,223.69,236.28,249.3,177.41,187.36,217.93,217.97,162.31,209.5,199.79,126.6,115.4,105.3,135.96,139.61,126.36,108.88,113.43,122.19,112.38,124.1,228.43,188.79,224.61,154.84,138.14,132.98,139.28,134.95,136.4,131.74,130.62,135.84,136.72,133.67,129.12,130.1,150,124.94,152.09,108.38,145.13,135.09,94.058,98.996,73.447,85.845,83.287,52.821,64.918,57.417,52.52,39.955,43.577,44.767,45.088,41.493,41.858,38.646,44.989,46.994,40.485,37.838,35.08,31.553,31.329,34.397,31.701,22.656,28.739,14.096,9.7733,12.481,13.728,102.66,103.25,105.63,138.39,110.83,95.396,105.14,96.761,160.67,104.85,127.19,128.32,103.01,103.99,104.75,75.598,97.642,96.496,65.391,61.66,64.361,64.328,65.508,7.0726,12.08,50.287,44.852,65.845,63.523,64.963,88.23,71.489,74.033,232.71,292.91,183.02,238.9,145.37,175.74,150.9,119.26,120.52,116.25,120.74,133.74,121.54,123.23,246.91,279.64,193.15,214.28,172.91,182.25,149.12,146.52,138.49,137.15,145.56,138.29,132.18,117.55,117.59,64.82,60.158,53.209,41.262,57.673,68.668,46.088,29.104,38.641,21.305,28.772,27.496,33.216,37.191,31.344,9.3219,11.087,102.55,103.4,102,102.31,98.263,103.92,102.94,105.2,105.3,100.39,98.108,93.879,84.336,98.371,101.65,106.12,95.629,51.603,118.76,157.73,124.63,129.76,172.34,103.98,104.67,103.38,103.97,92.023,97.909,63.231,61.519,73.458,217.43,238.58,130.35,246.96,124.69,159.28,149.47,184.34,112.55,131.1,144.16,32.7,38.51,121.75,98.204,72.193,122.89,122.3,124.69,72.448,71.869,71.343,72.847,123.11,122.43,72.675,73.909,126.84,123.27,123.17,123.22
4.4921,0,2.7957,197.81,187.45,213.5,96.563,82.07,59.406,98.451,88.902,88.355,88.528,82.082,70.205,43.177,40.812,47.155,38.314,23.523,12.332,5.3143,69.206,61.236,67.318,90.478,83.808,64.852,60.517,65.963,35.53,2.5021,3.1442,5.6031,1.8786,1.0125,9.9574,16.701,28.416,16.555,32.572,49.388,40.171,42.05,190.41,234.8,203.12,200.08,165.38,165.14,175.85,188.45,125.64,134.58,159.85,160.16,114.02,153.37,145.07,83.517,75.403,67.008,91.772,95.737,84.288,69.621,73.862,80.866,73.125,82.409,168.93,135.05,165.58,106.58,92.81,88.592,93.749,90.232,91.389,87.594,86.692,90.957,91.674,89.204,85.493,86.274,102.58,82.133,104.76,69.324,99.212,91.83,57.912,62.458,41.884,53.124,50.297,26.7,36.939,31.338,28.809,20.388,22.673,22.387,22.921,21.134,20.956,19.502,23.806,24.933,19.906,18.365,16.806,14.255,13.948,15.593,13.838,11.701,13.175,5.7906,3.1608,5.7773,6.4819,64.788,65.322,67.102,94.318,71.4,58.929,66.308,60.25,112.52,66.461,83.927,84.864,65.902,66.705,67.315,43.251,61.502,60.742,36.481,33.725,36.032,36.265,36.432,3.5817,3.9561,25.088,21.282,35.94,34.243,35.666,52.968,40.145,42.063,172.87,225.09,130.59,178.37,98.841,124.84,104.14,78.319,79.177,75.79,79.093,90.774,80.361,81.685,184.8,213.51,140.3,157.45,121.84,130.15,102.04,99.762,93.099,92.011,98.95,92.97,87.95,76.103,76.118,37.738,34.801,27.927,18.771,31.781,40.728,25.034,13.109,18.894,7.5605,13.77,10.047,17.869,19.203,16.183,3.5742,5.6923,64.716,65.407,64.255,64.519,61.229,65.898,64.957,66.72,66.924,62.921,61.155,58.421,49.948,61.054,64.172,67.289,58.895,27.657,77.066,109.59,82.7,86.026,121.19,66.692,67.196,66.196,66.655,57.849,62.185,34.922,33.685,41.628,160.01,177.94,86.853,185.65,82.955,110.58,102.43,131.46,72.166,87.128,97.781,14.325,18.688,79.994,61.995,40.674,81.466,81.003,82.905,40.878,40.435,40.037,41.164,81.704,80.985,41.036,41.965,84.768,82.008,81.623,81.708
8.1861,2.7957,0,188.77,186.27,208.09,86.736,72.359,52.113,97.241,86.483,86.321,85.49,79.247,61.961,41.288,35.341,55.203,48.483,17.19,14.153,0.40334,74.283,65.664,71.961,86.959,79.717,73.271,68.046,74.062,41.529,7.5983,7.2047,15.922,8.054,5.2788,10.341,18.992,25.056,10.555,24.573,44.376,41.222,42.626,190.64,238.14,198.25,185.5,155.73,157.25,177.4,174.28,127.37,139.84,157.22,153.04,103.5,143.61,150,79.83,67.055,60.285,83.903,84.406,75.421,63.865,65.439,72.298,64.414,73.769,163.76,133.95,162.24,104.74,91.86,87.906,92.054,87.582,89.936,85.408,84.369,88.365,89.092,86.196,82.72,83.785,101.11,83.312,108.62,63.079,104.27,100.23,52.679,69.689,45.454,62.922,57.734,24.628,29.101,39.688,20.154,12.447,14.633,16.296,16.146,13.491,14.007,11.716,15.375,16.735,13.311,11.623,9.9403,8.2587,8.2614,10.165,8.7551,24.008,23.224,0.80171,0.085377,0.569,0.83668,69.78,70.618,71.87,102.02,76.866,63.253,68.411,65.775,102.53,71.127,81.093,81.71,74.014,74.901,75.549,42.385,69.093,68.771,42.861,40.056,43.411,44.373,42.315,12.706,12.343,29.483,25.528,36.149,33.833,32.023,50.942,40.719,42.776,164.97,216.98,123.15,181.85,95.121,115.62,95.511,70.511,72.009,68.53,73.171,80.116,71.749,73.146,180.87,214.88,127.67,162.44,116.48,121.52,104.08,100.31,91.444,90.008,95.948,90.14,87.655,76.254,75.034,48.41,46.296,22.116,16.908,40.76,51.737,36.541,6.8036,12.078,3.884,6.3568,8.7634,30.736,30.637,28.321,0.050648,0.51523,69.757,70.549,69.189,69.541,65.793,71.411,69.674,71.302,72.086,67.553,65.962,65.579,51.268,64.031,69.986,70.937,61.853,37.025,75.331,101.78,88.951,83.025,118.61,74.887,75.258,74.331,74.749,47.826,52.535,41.41,40.227,42.289,150.8,169.9,80.858,174.66,74.067,104.5,96.686,133.04,69.118,83.895,97.644,9.4393,12.095,84.51,53.488,41.264,72.755,72.263,74.178,41.846,41.166,40.661,41.662,72.77,72.67,41.638,42.532,75.561,72.499,73.145,73.08
261.44,197.81,188.77,0,5.5311,1.8099,20.655,28.773,42.772,19.639,22.523,23.086,22.285,25.626,34.991,56.298,60.752,74.103,94.286,92.868,112.81,185.26,46.139,49.884,46.188,21.125,24.204,60.171,60.11,58.159,79.962,243.96,250.79,239.39,181.64,226.57,119.03,102.27,77.001,111.23,79.396,50.217,62.33,59.556,7.7299,16.64,1.7601,2.9429,1.7294,1.4746,10.147,3.0775,16.173,22.439,4.8261,2.0433,13.919,3.3226,19.983,24.476,31.324,35.725,21.084,23.373,26.206,33.106,32.514,27.96,33.454,27.079,2.0365,9.8434,3.6754,16.068,22.205,24.368,21.012,21.745,22.265,23.318,23.641,21.459,21.148,21.986,23.915,23.721,17.835,30.156,26.34,33.609,31.276,44.668,42.134,57.567,65.262,75.709,68.6,79.231,71.229,95.374,89.851,109.03,102.55,94.808,95.983,104.97,102.02,111.05,101.46,97.152,103.45,108.91,114.98,119.68,119.17,111.88,116.6,177.91,147.12,170.52,180.92,180.64,177.37,48.859,49.345,46.667,41.182,45.862,51.367,41.046,53.699,13.895,46.821,24.668,24.012,58.25,58.001,57.718,56.771,59.575,61.786,80.063,83.567,84.452,87.192,78.399,214.69,184.27,90.553,97.133,66.433,68.114,65.943,46.367,61.714,59.722,0.85368,1.1424,6.9985,14.085,17.453,9.1955,15.98,28.751,27.637,29.895,26.971,24.984,28.335,27.409,2.3651,10.691,8.45,18.794,9.3142,7.4532,23.323,21.517,21.326,21.467,17.83,20.406,25.154,31.805,30.313,97.773,106.89,81.864,95.033,97.702,95.574,125,126.64,107.58,138.5,132.54,119.57,156.25,138.94,154.98,186.45,189.07,49.044,48.851,49.07,49.128,50.253,49.581,47.985,46.423,47.874,49.194,50.964,60.442,52.611,46.539,51.684,43.7,48.134,106.59,29.161,13.349,41.863,23.515,11.139,58.005,57.158,58.127,57.653,49.68,44.38,82.508,84.402,60.138,2.1995,0.54206,22.645,0.72869,27.047,12.594,15.555,14.713,31.285,22.85,21.247,113.98,107.13,38.367,42.278,61.125,27.754,28.085,26.878,61.403,61.584,61.905,60.452,27.889,27.591,60.727,59.638,26.35,28.502,27.378,27.501
249.94,187.45,186.27,5.5311,0,2.1839,27.543,35.545,46.208,14.364,18.979,19.002,19.616,22.69,39.729,52.171,61.692,55.984,73.235,95.126,103.63,185.74,32.109,36.795,32.774,19.126,23.033,41.464,42.667,39.897,64.771,230.45,238.76,218.5,166.48,214.2,111.9,92.39,75.023,113.08,83.959,50.471,54.074,51.96,0.19849,4.6577,1.4037,16.279,8.194,5.4558,0.80989,15.861,6.6877,7.9635,1.4017,4.9403,21.744,9.9622,5.9426,22.736,36.19,38.326,25.22,32.39,31.776,34.333,37.493,33.119,38.842,32.335,2.1701,4.3144,1.2338,11.664,16.58,18.384,16.433,18.523,17.352,19.449,19.969,18.153,17.824,19.271,20.881,20.284,12.912,21.565,13.903,35.526,17.183,25.894,42.664,40.535,53.455,55.112,51.326,75.444,75.539,76.907,95.368,113.6,107.24,96.731,98.872,109.1,105.17,115.4,106.69,102.05,106.11,111.78,118.05,121.54,120.59,112.92,117.16,154.07,126.4,171.08,178.8,181.53,178.86,34.963,35.021,33.078,23.38,31.278,38.431,31.207,39.072,20.964,33.378,21.723,21.518,39.97,39.6,39.261,51.202,42.041,43.641,64.333,67.919,67.322,69.038,63.365,195.44,165.99,77.668,84.48,59.383,61.943,64.327,42.393,54.13,51.932,4.8284,5.3128,10.42,2.0206,15.714,15.143,21.152,32.844,30.823,33.222,28.399,33.065,33.558,32.524,0.71521,1.5159,19.178,4.6402,9.8226,12.564,13.463,13.767,16.692,17.328,15.077,17.428,18.622,24.68,24.927,76.021,84.005,83.354,91,78.351,73.337,102.15,128.95,110.56,137.13,136.42,114.79,131.56,116.24,131.33,184.98,189.93,35.08,34.742,35.258,35.192,36.971,34.95,34.476,33.097,33.733,35.812,37.342,43.529,43.935,35.49,36.636,31.685,37.119,86.719,24.69,17.345,26.14,20.8,7.7316,39.606,38.943,39.814,39.395,56.984,51.14,66.633,68.456,52.423,8.0483,4.6891,24.151,9.0309,32.652,14.151,16.653,5.4303,28.682,20.458,14.463,114.26,109.79,25.091,47.419,53.516,33.113,33.488,32.256,53.259,53.776,54.249,52.969,33.563,32.394,53.099,52.056,32.4,34.987,32.408,32.742
279.88,213.5,208.09,1.8099,2.1839,0,30.17,39.515,53.778,22.32,26.863,27.193,27.112,30.866,45.65,64.858,72.479,75.782,96.015,108.14,123.59,205.87,47.204,52.134,47.701,26.142,30.232,59.722,60.598,57.776,84.245,260.41,268.41,251.36,193.67,242.74,131.42,111.81,88.764,127.72,94.644,60.476,69.142,66.465,3.2432,7.6869,0.13961,9.0698,6.0014,4.3842,5.6396,9.5731,14.796,18.173,4.1698,4.6758,22.565,8.4674,15.216,30.224,41.547,45.437,29.388,34.257,36.016,41.767,42.956,37.84,44.215,36.874,2.6528,9.7358,3.1651,18.558,25.163,27.493,24.422,26.141,25.698,27.6,28.101,25.751,25.372,26.732,28.809,28.338,20.37,32.551,25.117,42.693,29.744,41.757,51.596,58.024,70.198,75.781,70.249,90.227,85.623,98.98,106.43,126.67,119.76,110.07,111.81,122.09,118.45,128.73,118.83,114.03,119.75,125.73,132.34,136.79,136.03,128.02,132.85,184.41,153.48,190.31,199.98,201.19,198.02,50.404,50.654,48.124,38.462,46.482,53.917,44.283,55.38,22.211,48.403,29.743,29.243,57.865,57.49,57.125,64.563,59.926,61.972,84.001,87.908,87.899,90.221,82.627,226.26,194.62,97.3,104.6,74.382,76.738,76.859,53.884,68.861,66.533,3.2831,0.7136,11.89,8.1635,21.925,15.926,23.854,38.238,36.513,39.171,34.85,35.73,38.3,37.187,1.1162,4.1533,16.875,13.191,13.24,13.322,23.496,22.873,24.76,25.243,21.762,24.703,28.06,35.442,34.818,99.35,108.53,95.834,107.25,100.93,96.588,128.25,144.46,124.35,155.3,151.52,133.28,160.69,143.4,160.01,206.16,210.08,50.567,50.244,50.704,50.683,52.418,50.702,49.684,48.032,49.107,51.147,52.988,61.359,58.08,49.726,52.795,45.84,51.554,110.28,34.048,20.118,40.985,28.53,13.06,57.496,56.673,57.7,57.203,63.29,57.142,86.596,88.63,67.038,6.4675,2.759,29.877,4.7936,37,17.926,21.269,13.031,37.597,27.941,23.231,129.9,123.71,38.785,54.043,68.194,37.698,38.098,36.7,68.184,68.584,69.03,67.525,37.999,37.248,67.743,66.563,36.404,39.074,37.111,37.352
141.23,96.563,86.736,20.655,27.543,30.17,0,0.67619,4.4954,7.242,4.9585,5.4768,4.1507,4.4002,2.1057,12.672,11.822,34.274,46.574,26.735,43.194,83.448,20.474,19.763,19.51,3.6211,2.9653,31.203,28.964,29.962,32.57,130.11,134,132.51,89.272,117.32,45.332,38.02,20.305,36.933,19.362,8.0474,18.178,16.554,31.192,54.559,27.126,18.694,10.477,11.718,29.055,15.251,16.486,26.633,16.638,11.091,0.74009,7.4456,28.215,3.3912,1.3069,2.8154,0.34432,0.26341,0.41898,2.7596,1.5225,0.69976,1.6596,0.56626,15.658,13.013,17.183,7.038,7.292,7.5504,6.1795,4.687,6.4337,5.2494,5.0481,4.7883,4.8284,4.2028,4.4499,4.8211,7.1966,10.833,18.107,2.5823,20.554,29.853,5.315,27.664,22.835,38.816,31.137,22.309,15.511,43.434,24.521,35.104,31.463,27.854,28.236,32.893,31.458,36.281,30.78,28.482,32.359,35.358,38.783,41.801,41.622,37.529,40.378,95.25,73.304,73.719,81.39,80.275,77.956,20.742,21.501,19.863,27.768,21.35,19.894,13.597,22.905,0.67789,19.666,4.3778,3.982,30.013,30.186,30.233,13.877,28.988,30.579,33.276,34.651,36.897,39.418,31.73,114.36,93.59,34.79,37.781,18.789,18.821,15.113,9.2012,17.355,16.785,13.874,31.298,4.262,34.155,3.7915,2.3035,0.42346,1.0216,1.1062,1.4046,1.6886,0.25207,0.74482,0.63064,22.22,41.83,4.0776,31.603,4.6505,3.4082,13.645,10.417,6.2061,5.6426,4.688,4.5559,8.1909,9.0517,7.0176,49.132,54.927,21.31,30.375,45.665,48.948,63.748,45.796,34.591,54.072,49.009,44.314,83.341,71.036,81.319,84.835,85.888,20.882,21.07,20.656,20.857,20.122,22.035,19.983,19.415,20.942,20.038,20.777,28.172,15.187,16.245,23.115,17,16.573,50.545,6.0147,1.1818,23.116,4.1682,8.0022,30.184,29.675,30.048,29.851,6.271,4.4998,34.477,35.373,16.873,9.3763,15.245,1.3301,15.44,0.51651,2.4701,2.0133,17.324,4.686,3.8957,8.9995,38.964,34.409,18.416,4.0029,17.152,0.64218,0.68314,0.52383,17.726,17.498,17.489,16.79,0.62198,0.70761,17.018,16.572,0.3875,0.64607,0.63982,0.62399
123.27,82.07,72.359,28.773,35.545,39.515,0.67619,0,1.8653,9.0166,5.8531,6.3457,4.9708,4.6513,0.49522,8.8253,7.1795,30.657,41.433,19.018,34.471,69.208,19.557,18.07,18.43,4.5775,3.2719,29.534,26.942,28.448,27.678,113.22,116.63,116.65,76.231,101.31,35.937,30.248,14.159,27.723,12.826,4.6077,14.1,12.707,39.391,65.232,35.905,26.178,16.468,17.898,36.369,22.07,20.426,31.113,22.86,17.019,2.8019,12.604,33.441,3.7071,0.22043,1.1306,0.9152,0.56456,0.12204,1.4941,0.26308,0.12247,0.26816,0.12753,22.325,17.6,23.745,9.4512,8.5991,8.5006,7.5355,5.6841,7.5976,6.0421,5.7522,5.8527,5.956,5.085,5.0169,5.4772,9.3014,11.244,20.402,1.2162,22.344,30.747,2.854,25.881,18.953,35.65,27.977,16.064,9.7491,37.611,17.057,26.05,22.927,19.977,20.247,24.162,22.968,27.068,22.337,20.391,23.757,26.318,29.269,31.942,31.809,28.283,30.779,83.683,63.443,60.389,67.478,66.309,64.184,19.386,20.18,18.755,28.948,20.624,17.961,12.494,21.04,2.708,18.498,4.7983,4.4642,28.491,28.737,28.841,10.116,27.065,28.524,28.477,29.468,31.913,34.36,26.975,99.747,80.752,28.456,30.805,14.118,13.88,10.042,6.5298,13.262,12.943,20.558,41.093,8.0719,41.591,5.4527,5.4431,1.9675,0.3243,0.59644,0.54434,1.3474,0.22852,0.1097,0.13916,29.958,51.366,7.8302,37.654,8.0158,7.0362,15.762,12.345,7.5083,6.8332,6.41,5.7799,9.0968,8.889,6.8135,43.799,48.954,14.579,22.72,39.795,43.964,56.095,35.415,25.654,42.923,38.193,34.713,73.514,62.181,71.389,70.567,71.412,19.516,19.767,19.249,19.471,18.421,20.757,18.66,18.278,19.792,18.51,19.054,25.964,12.315,14.588,21.639,15.962,14.686,43.932,5.8676,3.3014,23.398,4.7671,11.516,28.733,28.291,28.554,28.408,2.8376,1.6879,29.447,30.16,12.974,15.062,22.239,1.7106,22.572,0.086091,4.8801,3.789,21.687,3.9743,4.5764,10.752,29.572,25.511,18.56,1.4289,13.128,0.098185,0.088043,0.11784,13.738,13.447,13.383,12.827,0.060312,0.18678,13.042,12.713,0.074412,0.0042293,0.15293,0.11878
95.341,59.406,52.113,42.772,46.208,53.778,4.4954,1.8653,0,10.91,6.9929,7.294,6.2553,5.0515,0.45112,3.0641,1.7412,21.213,28.983,9.5912,20.338,50.008,15.12,12.799,13.937,6.2478,4.2568,22.689,19.957,21.949,17.262,86.264,89.407,89.03,54.25,75.91,21.435,17.266,5.7504,16.056,5.7373,0.68059,6.8284,5.9503,49.76,77.84,49.155,41.515,27.713,28.701,44.965,36.301,24.187,34.211,31.6,27.154,8.8574,22.717,37.723,4.5421,0.95709,0.36834,3.7964,4.4615,2.1817,0.93345,0.78647,1.6662,0.72136,1.8958,32.715,23.415,33.248,12.501,9.7283,9.0201,9.034,7.0618,8.7272,6.9441,6.5844,7.3015,7.4898,6.4448,5.8373,6.3091,11.765,10.25,20.981,0.71061,21.731,27.521,0.3962,19.353,10.942,26.136,19.422,6.9942,3.6861,24.933,8.9228,15.386,13.034,10.228,10.616,13.832,12.699,16.119,12.732,11.191,13.188,15.191,17.523,19.359,19.165,16.335,18.193,61.31,44.386,42.504,48.002,47.617,45.94,14.362,15.084,14.171,26.407,16.299,12.394,8.9935,15.084,8.5019,13.873,5.4367,5.3191,21.976,22.29,22.461,4.0628,20.194,21.289,18.037,18.508,20.809,22.859,16.798,74.355,58.167,16.655,18.157,6.3494,5.9791,3.263,2.4822,6.1607,6.1389,32.073,57.084,15.348,49.578,8.1985,12.491,6.5275,1.392,1.6706,1.1611,2.1571,3.3959,1.5894,1.792,41.358,63.164,17.119,43.077,13.826,14.538,16.828,13.748,8.9146,8.2228,8.9514,7.5499,9.3962,7.501,5.8652,30.876,34.798,6.3322,11.577,26.799,31.398,39.563,22.22,14.703,27.583,24.833,20.593,53.369,43.984,51.392,50.768,51.988,14.458,14.759,14.176,14.394,13.084,15.635,13.795,13.73,14.991,13.39,13.589,18.866,6.635,9.9518,16.115,11.929,9.7358,29.729,5.2623,8.3416,20.177,5.7244,16.414,22.285,21.992,22.069,22.013,0.94006,0.51664,18.64,19.073,6.1108,25.698,34.245,3.5676,35.964,1.9663,9.6338,7.5106,26.107,3.1022,5.7427,12.18,17.201,14.525,15.844,0.13195,6.1178,1.7464,1.6763,1.9674,6.6262,6.342,6.2435,5.9383,1.7738,1.7083,6.093,5.9453,2.2485,1.8362,1.7882,1.7884
145,98.451,97.241,19.639,14.364,22.32,7.242,9.0166,10.91,0,0.43382,0.37596,0.66341,1.134,9.0394,11.805,17.296,17.682,28.113,36.46,41.146,97.123,5.9647,7.0021,5.8319,0.75394,1.6061,12.189,11.672,11.301,20.381,130.66,136.63,123.95,84.514,118.35,46.164,34.34,23.906,47.553,30.572,11.668,12.94,11.84,15.616,31.802,18.981,26.907,12.427,10.741,12.279,23.457,2.6082,6.7319,7.4108,9.1408,7.764,10.344,8.1195,1.3927,7.9068,7.4463,4.6308,10.207,7.0832,5.4855,8.4046,7.1624,9.1155,7.0109,9.9731,2.9358,8.7374,0.18076,0.085159,0.26971,0.089012,0.42668,0.1456,0.45682,0.55344,0.37264,0.33689,0.60876,0.78769,0.63159,0.045039,1.1507,2.45,6.1652,3.5193,8.4389,8.3548,10.612,13.481,19.066,15.067,23.995,25.737,28.457,37.632,48.605,44.626,37.353,38.908,45.624,42.878,49.688,44.466,41.472,43.331,46.974,51.041,53.026,52.321,47.289,49.935,79.529,59.493,86.656,91.89,94.155,92.334,6.7806,7.0331,6.017,7.1728,6.0532,7.5213,3.9039,8.5954,6.8925,6.0349,0.94869,0.99563,11.34,11.312,11.245,11.333,11.507,12.54,20.406,22.22,22.642,24.095,19.593,106.49,85.189,26.467,30.298,15.427,16.679,18.139,7.4363,12.877,11.851,12.434,27.251,4.8162,14.245,0.57344,6.2671,4.9753,6.4109,5.3196,6.0924,3.7987,9.4521,7.33,6.9664,13.585,23.217,12.786,10.632,2.3775,6.0006,1.0068,0.28912,0.10353,0.1897,0.28962,0.36068,0.34233,1.5159,1.4477,30.067,35.183,29.289,33.068,29.751,29.028,45.576,57.998,46.224,62.899,63.352,47.943,65.101,54.113,64.313,96.372,100.2,6.8552,6.8233,6.8337,6.8774,7.155,7.1854,6.4202,5.8868,6.5203,6.8018,7.4514,11.637,8.3904,5.714,7.9848,4.8357,6.2868,34.726,1.4078,3.9068,5.6421,0.83122,1.2515,11.313,10.948,11.313,11.13,17.705,14.765,21.656,22.64,12.074,10.919,13.714,2.8728,18.392,7.3408,2.2267,1.8372,3.2869,2.662,0.84329,0.1031,48.015,45.656,3.78,12.258,12.584,7.2962,7.4322,7.0733,12.532,12.734,12.943,12.307,7.6415,6.7231,12.386,11.883,7.5978,8.6375,6.8779,7.1124
133.33,88.902,86.483,22.523,18.979,26.863,4.9585,5.8531,6.9929,0.43382,0,0.013363,0.037154,0.17303,5.587,8.3144,12.448,16.63,26.528,29.354,35.241,85.972,6.0403,6.4077,5.6983,0.10868,0.3936,12.529,11.571,11.671,18.004,120.04,125.44,115.22,76.714,108.12,39.477,29.18,18.537,39.523,23.874,7.7329,9.9713,8.9157,20.689,39.247,23.267,28.096,13.745,12.591,17.059,24.293,5.1695,10.467,10.499,11.001,6.2483,11.081,12.28,0.27935,4.7819,4.2938,2.7268,7.3265,4.368,2.8364,5.1463,4.3281,5.7026,4.2528,12.775,5.2807,11.89,0.89693,0.26556,0.27148,0.13088,0.0083292,0.11458,0.0083636,0.014001,0.012894,0.021877,0.031233,0.052784,0.021761,0.64086,1.22,4.3999,3.3364,5.404,10.493,5.0246,10.602,11.223,18.719,14.181,18.855,19.596,25.996,30.161,40.232,36.579,30.195,31.518,37.536,35.112,41.246,36.39,33.687,35.572,38.886,42.607,44.562,43.958,39.366,41.854,74.128,54.716,76.096,81.381,83.118,81.327,6.5419,6.8878,5.893,9.2585,6.3462,6.7424,3.1711,8.1378,5.4792,5.8479,0.10168,0.11615,11.707,11.748,11.729,8.1352,11.486,12.531,18.178,19.724,20.52,22.091,17.28,98.317,78.034,22.754,26.121,11.867,12.795,13.425,4.7023,9.788,8.9621,14.619,31.473,5.182,19.552,0.35412,5.7746,3.549,3.671,2.8525,3.3694,1.7311,6.5085,4.4469,4.1963,17.39,29.448,11.92,15.36,2.9238,5.9695,2.4175,1.2298,0.1186,0.049784,0.27651,0.053218,0.40424,0.96429,0.58445,28.469,33.346,22.964,27.03,27.403,27.741,42.614,49.113,38.189,54.103,53.92,40.735,60.995,50.329,59.97,85.52,88.83,6.6207,6.6553,6.5474,6.6259,6.5868,7.1196,6.1406,5.7009,6.4591,6.3651,6.9246,11.325,6.2913,4.81,7.8549,4.5013,5.2252,31.97,0.43297,3.0552,6.7909,0.065363,2.5363,11.748,11.397,11.705,11.547,12.622,10.184,19.299,20.172,9.1352,12.136,16.077,1.2719,20.168,4.5312,1.9667,1.2305,6.0962,1.0067,0.078943,0.76872,40.119,37.699,4.4372,8.0991,9.5446,4.4514,4.5462,4.3172,9.6041,9.7093,9.8575,9.2871,4.7334,3.9846,9.3814,8.9496,4.7936,5.5437,4.1247,4.3125
132.68,88.355,86.321,23.086,19.002,27.193,5.4768,6.3457,7.294,0.37596,0.013363,0,0.092012,0.20646,5.9667,8.2289,12.598,15.867,25.598,29.522,34.837,85.956,5.5159,5.9176,5.2014,0.19824,0.51385,11.766,10.864,10.932,17.364,119.3,124.77,114.14,75.955,107.45,39.163,28.756,18.522,39.648,24.172,7.8669,9.6812,8.6612,20.616,38.994,23.553,29.03,14.322,13.05,16.885,25.189,4.9386,10.001,10.597,11.402,6.833,11.654,11.846,0.37202,5.1756,4.5682,3.1095,7.943,4.8078,3.05,5.5429,4.7436,6.1172,4.6751,13.053,5.2523,12.042,0.89092,0.18366,0.1668,0.1007,0.038917,0.065208,0.0043788,0.018252,0.040337,0.049445,0.084806,0.0861,0.036799,0.60504,0.98025,4.0008,3.5822,4.9167,9.7647,5.1866,9.9185,10.763,17.842,13.465,18.75,19.893,25.182,30.492,40.493,36.853,30.344,31.713,37.781,35.312,41.494,36.693,33.978,35.746,39.065,42.788,44.679,44.055,39.452,41.911,72.967,53.733,76.098,81.244,83.127,81.368,6.0175,6.3431,5.3872,8.5814,5.7976,6.2562,2.848,7.5702,6.0265,5.3483,0.13723,0.17453,10.967,11.003,10.982,7.9808,10.776,11.789,17.513,19.057,19.785,21.304,16.65,97.334,77.126,22.205,25.573,11.627,12.594,13.444,4.6417,9.5304,8.6982,15.085,31.994,5.578,19.247,0.46684,6.2838,3.9966,4.0328,3.1729,3.6914,1.9683,7.0746,4.8647,4.611,17.598,29.315,12.671,14.933,3.1713,6.4452,2.1414,1.0536,0.084938,0.038564,0.34071,0.099081,0.27219,0.78749,0.49175,27.503,32.314,23.109,26.893,26.546,26.756,41.56,49.244,38.374,54.043,54.121,40.532,59.819,49.264,58.843,85.409,88.83,6.0928,6.1213,6.0262,6.099,6.0871,6.5605,5.6355,5.2075,5.9257,5.8631,6.408,10.641,5.9987,4.4198,7.2725,4.0732,4.8333,31.076,0.3857,3.4541,6.2018,0.11472,2.5952,11.003,10.662,10.963,10.809,13.099,10.644,18.623,19.491,8.8742,12.678,16.556,1.5237,20.852,4.9707,2.2511,1.4831,5.8815,1.042,0.14528,0.63694,40.166,37.87,3.9653,8.4841,9.2868,4.8771,4.9733,4.7459,9.3208,9.4415,9.5962,9.0364,5.1743,4.3836,9.1235,8.6956,5.2564,6.0228,4.5353,4.7331
132.83,88.528,85.49,22.285,19.616,27.112,4.1507,4.9708,6.2553,0.66341,0.037154,0.092012,0,0.12183,4.8088,8.104,11.785,17.549,27.586,28.395,35.131,84.75,6.8008,7.0451,6.3997,0.026518,0.20517,13.616,12.535,12.732,18.61,119.77,125.03,115.6,76.814,107.81,39.163,29.185,18.013,38.504,22.805,7.1987,10.076,8.9818,21.497,40.563,23.539,27.196,13.3,12.356,17.956,23.396,5.8689,11.598,10.857,10.836,5.4518,10.571,13.422,0.13683,4.026,3.6813,2.1318,6.3258,3.6049,2.3594,4.3707,3.5804,4.8861,3.5059,12.877,5.705,12.191,1.0968,0.49413,0.50652,0.27908,0.026153,0.2776,0.0651,0.049615,0.041666,0.055897,0.0015448,0.029021,0.035597,0.86288,1.6294,5.2326,2.7982,6.3373,11.744,4.5289,11.548,11.623,19.864,15.061,18.469,18.594,26.806,28.958,39.006,35.375,29.253,30.492,36.364,34.033,40.027,35.149,32.494,34.526,37.796,41.472,43.502,42.936,38.409,40.913,75.01,55.456,74.925,80.386,81.881,80.053,7.2646,7.6467,6.6065,10.45,7.1628,7.3528,3.5861,8.8871,4.7409,6.5462,0.061643,0.04409,12.769,12.824,12.813,8.0451,12.463,13.549,18.833,20.349,21.276,22.924,17.883,98.645,78.394,23.088,26.396,11.839,12.68,12.939,4.5526,9.8379,9.044,14.416,31.447,4.8447,20.673,0.2949,5.1945,2.9317,3.0008,2.2663,2.7501,1.2954,5.5623,3.6906,3.4575,17.701,30.469,10.997,16.562,2.7911,5.4863,3.0338,1.6663,0.26783,0.15269,0.30192,0.065633,0.68023,1.2213,0.70028,29.571,34.499,22.127,26.577,28.281,28.904,43.659,47.984,37.097,53.219,52.639,40.22,62.052,51.288,60.94,84.452,87.564,7.3481,7.3982,7.2602,7.3499,7.2391,7.9057,6.8345,6.3917,7.2141,7.0361,7.6027,12.236,6.5039,5.2871,8.6619,5.0937,5.6854,32.843,0.4794,2.5674,7.7606,0.018122,2.725,12.824,12.462,12.771,12.612,11.526,9.1703,19.951,20.819,9.2076,11.721,15.88,0.87473,19.648,3.7571,1.6913,0.95226,6.8058,0.86934,0.010989,1.1173,39.214,36.634,5.2035,7.2291,9.6008,3.6898,3.778,3.5627,9.7052,9.7797,9.9123,9.337,3.9457,3.2689,9.4421,9.0139,3.9913,4.6863,3.3928,3.5627
124.91,82.082,79.247,25.626,22.69,30.866,4.4002,4.6513,5.0515,1.134,0.17303,0.20646,0.12183,0,4.0579,6.2415,9.6888,15.508,24.848,25.037,31.126,78.623,5.9715,5.9089,5.514,0.21866,0.14131,12.38,11.176,11.569,16.092,112.26,117.34,108.37,70.881,100.69,34.916,25.564,15.23,34.511,19.987,5.593,8.0354,7.0508,24.615,44.63,27.041,30.426,15.768,14.855,20.668,26.335,7.164,13.021,13.227,13.208,6.3003,12.693,15.166,0.065687,3.4971,2.8572,2.283,6.46,3.4208,1.684,3.7715,3.2706,4.2397,3.2562,15.504,7.3491,14.723,1.8521,0.76193,0.6177,0.58794,0.21132,0.49936,0.15188,0.1031,0.25334,0.29372,0.14853,0.037596,0.073658,1.4787,1.4633,5.7802,2.0942,6.6407,11.58,3.3388,10.297,9.5946,17.963,13.228,15.608,16.095,23.833,25.769,35.133,31.721,25.821,27.032,32.617,30.368,36.083,31.545,29.031,30.804,33.895,37.376,39.238,38.683,34.386,36.732,69.525,50.747,69.18,74.346,75.877,74.143,6.2536,6.6422,5.7054,10.425,6.4026,6.119,2.7612,7.6484,5.5613,5.6233,0.010633,0.027796,11.603,11.686,11.697,6.19,11.143,12.161,16.343,17.7,18.681,20.278,15.425,91.971,72.486,20.011,23.054,9.5733,10.319,10.613,3.1858,7.8042,7.1115,17.126,35.464,6.3392,23.383,0.78749,6.4577,3.5111,2.6198,1.946,2.2858,1.0112,5.542,3.3579,3.1828,20.741,34.116,12.611,18.65,4.042,6.9379,3.5577,2.1526,0.55305,0.40088,0.80004,0.35068,0.76206,0.84364,0.33953,26.739,31.376,19.166,23.12,25.271,26.209,39.833,43.51,33.242,48.351,48.014,35.933,57.28,46.962,56.144,78.275,81.345,6.3314,6.4056,6.2294,6.3258,6.0956,6.9135,5.8451,5.484,6.2848,5.9633,6.4436,10.809,4.9605,4.2058,7.5781,4.2531,4.509,29.512,0.16051,3.3649,7.4002,0.046368,3.961,11.685,11.355,11.615,11.479,10.062,7.9556,17.362,18.152,7.2527,14.05,18.723,0.89448,22.63,3.5176,2.5625,1.5487,8.2821,0.35056,0.079879,1.5487,35.115,32.789,4.8333,6.0823,7.5956,3.3979,3.4656,3.329,7.7046,7.7594,7.872,7.3596,3.6526,2.9758,7.4563,7.0785,3.8098,4.3756,3.1184,3.2848
108.85,70.205,61.961,34.991,39.729,45.65,2.1057,0.49522,0.45112,9.0394,5.587,5.9667,4.8088,4.0579,0,5.2525,3.9647,24.768,33.995,13.959,26.712,59.428,16.215,14.369,15.086,4.6261,3.0279,24.858,22.25,23.954,21.444,99.188,102.53,102,64.497,88.06,28.085,23.008,9.4136,21.582,8.9725,2.0842,9.6422,8.5204,43.355,70.082,41.529,33.347,21.413,22.533,39.417,28.691,21.167,31.337,26.215,21.292,5.3331,17.018,34.246,3.3688,0.10182,0.20747,1.7874,2.1169,0.66127,0.61147,0.04756,0.39963,0.035759,0.51547,26.608,19.478,27.502,10.059,8.244,7.841,7.3984,5.5442,7.2714,5.6498,5.3345,5.7432,5.8862,4.957,4.6194,5.069,9.6094,9.7594,19.51,0.38762,20.818,27.79,1.0407,21.423,14,29.627,22.545,10.931,6.3731,30.169,12.744,20.496,17.744,14.751,15.116,18.749,17.544,21.369,17.313,15.546,18.171,20.475,23.139,25.365,25.185,21.975,24.148,71.412,52.876,51.237,57.462,56.787,54.899,15.77,16.512,15.36,26.356,17.313,14.125,9.7664,16.951,5.0843,15.09,4.3179,4.1049,23.988,24.262,24.396,6.3461,22.423,23.684,22.21,22.957,25.274,27.491,20.861,86.224,68.604,21.656,23.612,9.4724,9.2066,6.0863,3.7784,8.9122,8.7261,25.531,48.204,11.006,44.239,6.0235,8.3707,3.6802,0.33198,0.57064,0.30658,1.1248,1.396,0.35894,0.46648,34.65,55.944,12.017,38.998,10.135,10.146,15.206,12.034,7.325,6.6619,6.8427,5.8365,8.3103,7.2758,5.4797,36.108,40.631,10.05,16.59,32.166,36.423,46.642,28.566,19.899,34.905,31.328,27.137,62.269,51.942,60.255,60.422,61.54,15.881,16.15,15.613,15.828,14.681,17.065,15.135,14.912,16.272,14.868,15.239,21.24,8.5974,11.271,17.739,12.893,11.221,35.708,4.7339,5.1951,20.566,4.4476,13.043,24.258,23.894,24.064,23.964,1.5641,0.73793,23,23.577,8.7322,19.693,27.453,1.9894,28.613,0.54134,6.5391,4.9385,22.75,2.7889,4.3694,10.492,23.032,19.726,16.067,0.3539,8.8206,0.43314,0.39623,0.54934,9.3608,9.0866,9.0122,8.5823,0.43902,0.43899,8.7627,8.5221,0.6874,0.47202,0.46846,0.45916
75.415,43.177,41.288,56.298,52.171,64.858,12.672,8.8253,3.0641,11.805,8.3144,8.2289,8.104,6.2415,5.2525,0,1.427,8.901,13.408,7.5781,9.7593,41.304,7.8406,5.5006,6.9357,8.6639,6.6845,11.621,9.4444,11.31,5.8521,65.895,69.624,64.539,36,57.042,11.67,7.019,2.2019,12.505,6.2737,0.91579,0.78368,0.54453,54.54,81.7,59.266,59.775,40.079,39.55,47.782,53.628,24.063,31.174,37.487,37.059,18.834,34.5,35.609,6.5939,6.2859,3.6648,10.028,13.76,8.6504,3.6553,6.0458,7.6213,6.1458,8.0332,41.378,26.505,40.084,14.52,9.9926,8.742,10.046,8.687,9.3509,7.9604,7.6584,8.9259,9.1561,8.3153,7.2266,7.502,13.175,7.7588,17.48,3.8138,16.687,18.565,1.6422,9.3185,2.6668,12.531,8.0641,2.14,4.7027,10.528,9.3216,13.806,11.971,7.8539,8.8002,12.233,10.639,14.261,12.117,10.644,10.7,12.483,14.545,15.273,14.821,12.21,13.452,38.445,25.062,34.619,37.824,39.42,38.317,6.8026,7.2657,7.0274,18.348,8.8066,4.9972,4.3854,6.6026,17.941,6.7781,6.7637,7.0017,11.319,11.612,11.795,0.097724,9.7025,10.273,6.3408,6.5451,8.0129,9.3108,5.6094,52.014,37.984,5.5876,6.7044,0.61902,0.61448,0.86286,0.51121,0.5565,0.60716,43.342,71.104,23.824,50.657,11.384,22.107,14.277,6.5266,6.3513,5.6416,5.7929,11.789,7.5385,7.7896,49.719,67.961,30.477,41.58,19.962,24.001,14.916,13.101,9.844,9.3919,11.503,9.531,8.7107,5.5159,5.0187,14.667,17.284,4.6312,5.37,11.759,15.156,20.661,18,12.151,20.237,21.309,12.243,31.397,24.168,30.026,40.723,43.343,6.844,7.1015,6.6301,6.783,5.6484,7.6462,6.5245,6.7405,7.4396,6.0324,5.9059,8.5538,1.3224,4.0597,7.6778,5.9073,3.6744,13.71,5.0813,15.782,12.764,7.3562,20.032,11.608,11.496,11.413,11.438,5.9383,5.6703,6.6526,6.8834,0.58189,37.391,45.891,7.8642,50.53,8.3463,15.673,12.707,26.475,3.7056,7.6617,12.037,12.443,11.792,9.9651,4.3939,0.55525,7.8645,7.7809,8.2143,0.73293,0.62247,0.58081,0.51152,8.0896,7.4701,0.5572,0.53983,9.0269,8.6316,7.7327,7.8597
71.402,40.812,35.341,60.752,61.692,72.479,11.822,7.1795,1.7412,17.296,12.448,12.598,11.785,9.6888,3.9647,1.427,0,16.974,21.886,3.6079,10.473,34.063,15.71,12.445,14.416,12.119,9.3466,21.191,18.206,20.771,11.764,63.497,66.237,66.214,36.78,54.662,11.011,8.652,1.1869,7.7904,1.974,0.56296,3.9848,3.5834,65.114,95.896,66.87,60.204,42.763,43.507,58.64,53.895,32.87,42.639,44.912,41.361,18.418,36.58,47.34,9.5261,5.2678,3.3236,10.39,11.684,7.801,4.2162,4.8667,6.7869,4.6935,7.2406,47.428,33.881,47.265,20.007,15.353,14.045,14.95,12.736,14.291,12.181,11.733,13.056,13.334,12.056,10.918,11.437,18.709,13.934,26.626,3.9906,26.285,29.776,1.7754,18.039,7.6411,22.039,16.031,1.9032,1.0069,17.378,3.9954,7.9225,6.3579,3.939,4.3659,6.7522,5.767,8.3774,6.3068,5.2133,5.988,7.3928,9.0685,10.144,9.924,7.8469,9.0859,44.184,30.423,27.912,31.994,32.161,30.897,14.333,15.017,14.571,29.286,17.053,11.719,10.19,14.153,17.857,14.217,10.321,10.389,20.783,21.178,21.423,2.2485,18.568,19.34,12.561,12.487,14.768,16.495,11.534,53.707,40.34,9.5228,10.128,2.8871,2.3045,0.3551,2.6055,3.4355,3.7394,47.618,77.243,26.552,62.858,15.16,23.241,14.769,6.1122,6.4761,5.4808,6.8407,9.9445,6.6384,7.0296,57.271,80.139,29.774,53.883,23.764,25.83,22.753,19.839,14.74,13.988,15.789,13.609,14.24,10.65,9.3186,23.351,26.094,1.6368,4.3619,18.99,24.285,28.396,12.332,7.0791,15.793,14.636,10.36,38.622,31.082,36.709,34.371,35.776,14.4,14.765,14.09,14.314,12.677,15.568,13.896,14.144,15.214,13.217,13.079,16.952,5.4754,10.078,15.669,12.764,9.5336,20.717,8.9917,17.182,22.173,10.919,25.748,21.172,21.016,20.909,20.941,2.3133,2.6888,12.795,12.944,3.6434,40.17,50.282,9.3286,53.076,7.3967,18.389,15.237,35.454,6.3939,11.126,18.215,8.3405,6.8913,18.15,2.3139,3.4892,6.9581,6.822,7.3859,3.9382,3.6319,3.4849,3.4249,7.0257,6.837,3.5296,3.5651,7.9447,7.1406,7.0148,7.0324
78.912,47.155,55.203,74.103,55.984,75.782,34.274,30.657,21.213,17.682,16.63,15.867,17.549,15.508,24.768,8.901,16.974,0,1.2146,25.654,13.614,58.949,3.3691,2.4386,3.2904,18.922,18.173,1.4299,0.95424,1.6398,1.0182,66.54,72.273,55.538,33.481,58.886,18.306,9.7294,14.469,30.472,26.942,15.257,4.514,5.0473,55.762,76.589,69.421,87.651,59.66,55.931,46.961,80.989,23.996,24.631,44.468,52.135,41.237,54.536,29.409,17.359,25.817,20.491,28.171,38.166,28.854,18.622,25.768,27.382,26.424,27.878,52.745,31.274,48.216,21.321,15.555,13.95,16.922,17.383,15.855,15.893,15.864,17.495,17.687,17.686,16.28,16.02,19.405,9.8116,14.132,19.684,11.38,7.5735,16.061,1.2829,1.8409,0.3618,0.10629,12.141,24.834,1.8008,31.459,35.184,33.357,25.55,27.753,32.975,30.065,35.412,34.17,32.17,29.53,31.716,34.152,33.44,32.421,29.166,29.907,24.512,14.606,52.109,52.088,57.507,57.121,2.6234,2.5344,3.1684,8.5087,3.5792,2.1967,5.2787,1.6393,39.395,3.1203,15.973,16.764,1.6283,1.7473,1.8442,7.1469,1.0695,0.90255,0.79773,1.2137,0.74697,0.76805,0.9376,44.742,31.454,4.0802,5.6696,6.0439,7.2292,13.288,9.2779,5.1433,4.863,59.574,86.715,40.157,46.345,21.775,41.829,33.462,24.969,23.592,23.158,20.757,35.098,27.395,27.47,58.526,66.725,56.089,35.005,32.725,42.526,14.885,15.796,16.665,16.871,20.591,18.473,13.236,9.5879,11.307,1.6386,2.995,21.459,15.453,1.9249,1.415,6.8928,36.887,31.483,34.683,42.314,21.92,15.904,10.917,15.865,55.902,61.539,2.582,2.6375,2.5714,2.561,2.3444,2.5125,2.8262,3.2232,2.8916,2.5528,2.1763,0.78725,4.1846,3.5736,2.0715,4.0239,3.2956,3.4212,12.513,33.315,5.8121,16.806,27.79,1.7454,1.8488,1.6725,1.7534,29.216,28.083,0.99127,1.1833,4.949,56.277,62.254,22.726,72.123,28.631,30.033,26.662,26.547,13.662,17.498,16.006,28.478,30.713,6.1522,24.689,5.0915,27.869,27.855,28.204,4.5807,4.914,5.0811,5.1904,28.498,26.762,5.056,5.0638,29.842,30.091,27.305,27.704
65.94,38.314,48.483,94.286,73.235,96.015,46.574,41.433,28.983,28.113,26.528,25.598,27.586,24.848,33.995,13.408,21.886,1.2146,0,27.502,11.45,53.134,8.6057,7.0551,8.5025,29.279,28.022,4.6498,4.1039,5.143,1.5653,54.259,59.829,42.515,25.026,47.856,15.917,8.4402,16.98,30.562,30.679,21.325,7.7193,8.6742,72.724,95.158,88.843,109.11,77.729,73.579,62.487,101.57,35.753,35.721,60.285,69.23,55.306,71.728,41.434,27.074,35.656,29.094,39.657,50.591,39.744,27.34,35.445,37.858,36.058,38.532,69.955,44.75,64.658,32.678,25.381,23.29,27.067,27.475,25.703,25.595,25.518,27.64,27.897,27.779,25.944,25.681,30.291,17.895,23.322,28.466,19.593,13.61,23.281,4.8007,4.3631,1.4465,2.0393,14.082,29.362,0.48767,34.412,36.138,34.915,27.136,29.46,34.176,31.284,36.137,35.969,34.273,30.5,32.258,34.218,32.818,31.738,29.013,29.243,15.488,8.2579,47.32,45.979,52.099,52.081,7.4076,7.2493,8.3046,15.107,8.8864,6.5869,11.372,5.6754,53.238,8.2282,25.498,26.471,5.1184,5.2868,5.4339,11.383,4.305,3.8366,1.31,1.3233,0.69995,0.38065,1.6755,33.506,22.433,3.6184,4.5557,8.899,10.008,17.078,15.123,8.5018,8.4469,77.777,108.41,55.043,61.315,32.977,56.615,46.287,35.042,33.642,32.857,30.548,46.927,37.823,38.03,76.469,84.748,72.763,47.914,46.381,57.639,24.532,25.769,26.737,26.945,31.603,28.878,22.388,17.408,19.522,0.034746,0.3962,24.202,15.773,0.33662,0.074335,2.4458,35.802,32.165,31.817,41.147,19.9,8.5879,5.1783,8.6955,49.561,55.56,7.3377,7.4273,7.3203,7.3025,6.9031,7.1979,7.7454,8.3949,7.8419,7.2776,6.6251,3.8652,8.6165,8.7464,6.4313,9.6369,8.2243,0.87795,21.024,46.478,11.945,26.586,40.617,5.284,5.5087,5.1848,5.3372,37.078,36.494,1.2127,1.1842,8.489,73.853,80.844,33.335,91.918,39.383,42.898,38.71,38.824,22.022,27.451,26.029,27.973,31.358,12.752,32.953,8.5202,38.432,38.373,38.924,7.9137,8.2625,8.4077,8.7178,39.122,37.21,8.5321,8.682,40.836,40.831,37.848,38.281
46.338,23.523,17.19,92.868,95.126,108.14,26.735,19.018,9.5912,36.46,29.354,29.522,28.395,25.037,13.959,7.5781,3.6079,25.654,27.502,0,6.2045,15.8,29.977,24.802,28.222,28.944,24.568,34.41,30.436,34.278,17.111,41.201,42.622,47.312,23.496,34.192,4.9116,6.6555,1.7775,0.8284,0.73512,7.0179,10.2,10.23,99.286,136.36,101.34,89.756,69.883,71.417,91.048,82.003,57.587,69.305,73.977,68.85,36.363,61.773,75.648,24.851,16.441,13.454,25.456,25.435,20.678,15.502,15.629,19.082,15.095,19.839,77,59.51,76.966,40.507,33.499,31.427,33.059,29.83,32.008,28.901,28.221,30.316,30.741,28.815,27.002,27.782,38.578,30.457,48.005,14.947,46.747,48.861,10.428,30.756,14.814,32.104,25.634,2.5241,1.5729,21.065,0.49774,0.9272,0.53068,0.014101,0.046682,0.55568,0.26301,1.0509,0.61293,0.37423,0.29987,0.67172,1.2365,1.698,1.6444,0.91837,1.4169,35.513,25.205,11.717,14.854,14.467,13.558,27.576,28.402,28.337,48.886,31.836,23.507,23.432,26.337,35.838,27.827,26.057,26.202,34.275,34.853,35.239,8.8015,31.036,31.593,18.196,17.234,20.181,21.887,17.17,37.407,27.968,11.245,10.349,7.5739,6.248,3.3505,11.422,9.5193,10.426,76.678,113.39,49.124,95.935,33.559,43.919,31.911,18.286,19.208,17.391,20.21,23.087,18.792,19.527,89.546,117.6,51.169,84.094,45.737,47.744,43.357,39.71,32.733,31.656,34.473,31.186,31.6,25.651,23.977,28.63,30.074,0.39225,1.7953,22.698,30.431,28.528,2.6276,0.58068,4.8572,3.7125,3.453,34.049,28.447,31.753,16.322,16.92,27.628,28.161,27.204,27.495,25.044,29.097,27.16,27.807,28.964,25.994,25.446,28.68,14.506,22.225,28.803,26.465,21.153,22.799,23.649,35.808,39.421,27.03,48.62,34.845,34.816,34.469,34.612,7.7732,9.6472,17.925,17.666,10.189,66.682,80.027,24.336,82.541,19.964,38.028,33.492,61.109,19.493,27.378,37.545,1.1888,0.52695,34.733,10.048,9.7346,19.301,19.042,20.041,10.343,9.8443,9.5501,9.7904,19.283,19.312,9.8857,10.184,20.716,19.098,19.535,19.481
31.695,12.332,14.153,112.81,103.63,123.59,43.194,34.471,20.338,41.146,35.241,34.837,35.131,31.126,26.712,9.7593,10.473,13.614,11.45,6.2045,0,15.905,23.906,19.189,22.677,36.459,32.508,23.042,20.135,23.469,7.243,25.204,27.821,24.4,8.3195,19.935,0.36751,0.36125,4.6605,5.6274,10.081,13.966,7.9888,8.8471,105.86,139.99,115.67,117.3,89.39,88.497,95.19,108.54,59.365,66.312,83.478,84.651,54.693,80.913,73.592,32.212,29.669,23.963,39.02,43.836,35.146,24.873,28.859,32.944,28.659,33.891,90.446,65.778,87.698,46.505,37.519,34.844,38.185,36.115,36.664,34.387,33.851,36.558,37.007,35.545,33.197,33.623,43.842,30.843,45.674,24.962,42.384,39.104,18.302,21.034,9.0833,17.814,14.76,3.4824,11.165,7.2213,10.216,8.6279,8.6948,5.7699,6.7218,8.0253,6.8797,8.4286,9.3998,9.0445,6.3352,6.6474,7.0974,6.0882,5.6148,4.8669,4.6481,12.389,6.4015,12.499,12.509,15.172,15.015,21.355,21.764,22.593,40.314,25.321,17.894,21.544,19.031,53.371,22.194,32.25,32.897,23.442,23.943,24.31,9.5575,20.706,20.548,7.8344,6.7061,8.2597,8.867,7.5535,16.99,9.7212,2.8017,1.7212,6.2124,5.6125,7.3085,14.531,7.988,8.8482,94.081,133.03,64.076,97.356,41.803,61.026,47.177,30.974,31.088,29.186,30.394,40.313,32.681,33.4,101.86,123.37,73.588,82.462,57.405,64.312,43.558,41.953,37.768,37.125,41.714,37.871,34.425,27.167,27.252,11.733,11.591,6.4543,1.5773,7.9162,13.265,8.9856,7.1407,6.7279,5.0939,9.5584,1.1915,11.194,8.2651,9.8857,14.404,17.263,21.331,21.757,21.035,21.213,19.227,22.172,21.358,22.316,22.626,20.187,19.266,18.802,12.654,18.73,21.319,22.384,17.543,6.9935,27.901,50.242,32.397,33.575,56.363,23.935,24.141,23.621,23.855,21.968,23.689,7.2647,6.8123,8.6512,85.356,97.81,35.074,104.68,34.381,50.147,44.725,63.373,25.293,34.308,40.665,4.2639,6.3756,30.13,22.583,8.2233,33.39,33.142,34.24,8.3056,8.111,7.9376,8.448,33.684,32.845,8.3857,8.8088,35.666,34.28,33.324,33.474
