0,30.296,50.241,97.512,69.26,61.718,66.82,64.093,150.37,105.58,157.44,40.74,60.467,54.697,34.57,28.388,7.6444,15.403,12.42,10.574,11.23,53.613,13.29,16.003,18.709,27.032,34.554,20.599,18.796,21.162,10.901,7.6908,4.3671,4.6504,5.2095,19.09,8.3828,12.232,1.4072,7.8539,31.389,8.0379,41.101,38.305,76.38,145.86,125.12,143.44,124.46,81.491,122.19,83.768,78.917,72.238,68.144,76.051,79.033,69.663,78.956,84.134,126.18,128.02,59.697,52.568,39.477,50.547,48.989,15.815,22.246,31.599,32.753,28.283,32.151,30.491,26.492,31.405,26.447,23.025,31.651,25.949,27.3,27.102,28.256,27.61,27.891,27.164,27.386,29.474,23.567,7.3667,38.132,11.289,53.027,53.357,15.738,51.473,15.312,52.898,53.46,19.795,15.666,17.24,12.235,15.277,12.615,14.217,13.607,13.724,13.724,13.876,13.195,33.943,17.846,39.179,26.235,23.662,18.905,20.238,22.301,20.347,23.078,21.179,28.192,22.431,32.492,6.8817,0.02058,0.82573,3.3325,4.1122,35.985,0.39928,42.888,33.501,6.1684,16.542,22.413,26.77,25.547,28.739,49.493,50.231,154.37,148.28,53.699,74.007,71.522,72.017,206.47,170.38,78.547,64.695,47.166,82.956,83.896,59.837,49.779,77.261,58.209,60.117,31.332,36.448,36.077,43.655,10.756,26.002,19.754,25.201,25.949,28.129,28.396,27.572,26.951,26.492,24.597,22.597,11.51,14.706,8.2376,9.9782,10.989,10.402,21.426,13.601,13.387,18.808,12.492,16.504,16.373,13.277,13.11,27.057,25.772,33.699,11.903,48.066,35.614,32.126,36.007,24.453,20.21,9.8716,6.5665,23.726,23.367,11.09,20.757,18.986,24.318,12.806,16.573,16.587,4.2859,3.4795,4.8956,74.675,141.34,27.041,20.538,26.358,25.328,26.214,24.088,25.552,26.51,16.84,2.0479,18.88,15.464,17.629,11.713,28.421,26.89,26.681,26.456,24.138,43.791,58.357,76.897,51.525,27.01,27.162,21.712,27.91,26.357,27.12,23.639,26.508,28.831
30.296,0,41.035,79.17,26.882,19.544,22.206,17.207,83.432,56.634,80.734,43.557,16.376,8.745,8.5477,0.86941,11.723,13.197,14.795,14.179,13.498,4.5639,15.224,12.701,17.261,0.094553,0.68857,1.0989,1.9943,0.98108,7.3654,45.635,19.783,21.808,23.195,16.425,11.436,5.3589,29.275,7.9907,0.70278,7.2616,82.508,57.984,73.609,68.681,72.836,75.862,68.109,46.378,57.383,38.274,32.762,38.418,27.363,31.301,57.047,40.764,21.676,25.557,71.917,67.15,20.578,37.247,16.501,9.3736,11.646,12.895,18.986,10.407,11.68,8.9975,14.128,7.0206,12.145,11.845,11.432,16.214,20.852,16.405,0.93613,1.1062,1.0622,0.99154,1.0208,1.1472,1.0067,0.71027,0.53777,13.272,0.45428,13.684,4.1496,4.3041,29.543,3.9194,25.7,4.1495,5.0783,22.422,17.584,13.131,16.935,19.45,15.222,14.793,13.571,14.257,14.078,14.451,14.456,1.9114,5.092,6.9327,4.2286,1.3093,1.8645,1.3073,0.61131,1.0031,0.49312,1.7683,0.052983,7.1168,5.1811,45.708,31.495,23.416,19.417,21.537,1.9905,24.391,1.13,0.17379,13.43,2.0916,0.61001,0.46045,1.0548,0.43541,71.22,56.76,92.012,101.21,46.231,55.581,59.299,55.522,116.8,96.169,54.145,51.746,45.769,25.622,22.505,29.31,17.858,38.451,11.626,15.989,9.3091,12.183,13.053,13.568,6.9693,5.6641,18.441,18.813,18.359,1.5619,1.0551,0.99468,1.0583,0.65877,1.2867,2.1798,9.6619,15.908,21.876,10.558,21.471,14.396,31.234,17.076,13.247,14.283,15.074,17.526,17.491,14.879,14.184,0.10168,0.25974,0.17981,7.1724,3.5045,3.0901,1.252,2.372,0.51561,1.3244,6.194,24.526,0.41007,0.94189,4.7864,0.89968,1.3159,0.34756,3.8754,2.2211,3.5611,19.468,13.747,21.356,60.431,64.501,13.131,10.576,18.912,16.96,17.71,17.387,16.434,17.821,3.56,17.925,3.2333,12.208,8.6251,5.398,0.030891,0.11282,0.14171,0.13015,0.42113,5.0836,7.7128,22.02,11.812,16.95,17.539,18.994,16.321,16.679,17.45,19.074,18.517,17.335
50.241,41.035,0,224.01,134.07,117.12,123.6,111.26,241.21,193.8,234.93,144.88,109.25,86.927,83.521,51.911,57.962,76.066,74.371,69.903,69.838,67.887,76.572,75.956,87.669,40.43,52.304,42.901,46.904,43.017,53.838,30.096,25.424,24.368,23.1,8.9419,22.491,27.093,35.816,45.646,52.113,34.771,21.187,6.885,4.7285,212.95,222.96,227.97,214.87,172.17,194.74,158.32,147.04,156.35,134.93,143.85,187.06,159.35,120.49,129.66,221.49,213.08,119.27,145.81,103.98,89.621,96.115,76.071,94.612,86.395,90.011,80.772,94.775,77.173,86.377,89.494,84.839,90.825,106.56,94.043,51.596,52.582,53.137,52.215,52.615,52.894,52.147,51.374,42.948,60.873,44.893,70.307,65.593,66.337,100.14,65.742,94.998,65.758,71.265,96.88,84.126,78.47,77.736,86.456,75.462,77.262,74.056,75.523,75.192,76.116,75.041,60.342,59.554,80.763,65.771,50.436,46.156,44.392,38.781,39.632,39.448,49.884,38.861,14.887,17.548,32.044,52.198,53.126,28.53,25.707,27.561,43.265,43.537,38.437,57.75,35.891,40.177,33.092,50.845,48.534,8.6688,2.4502,255.94,269.66,158.48,182.67,186.02,181.55,293,262.01,182.85,172.55,152.97,130.18,120.96,136.61,111.09,157.67,95.887,108.25,83.616,93.262,94.982,99.562,52.003,70.145,90.863,97.426,97.404,56.006,53.183,52.207,52.147,48.737,51.385,54.109,61.912,79.949,77.435,60.902,82.346,69.981,110.12,80.203,73.083,82.619,74.994,85.206,84.969,75.938,74.405,41.172,36.375,38.586,55.616,66.022,66.248,56.152,63.029,34.123,44.501,45.167,76.938,40.112,47.26,39.801,38.023,37.71,37.571,41.498,42.001,51.406,63.617,35.633,23.855,189.23,205.21,88.852,77.256,98.712,94.428,96.56,93.936,93.721,97.027,51.9,49.935,53.954,74.21,69.267,47.961,40.031,41.184,41.81,39.67,36.074,74.98,81.17,122.07,96.819,95.978,97.142,94.028,95.653,94.905,96.95,96.255,98.199,98.248
97.512,79.17,224.01,0,18.935,25.336,24.202,31.389,19.591,9.9773,28.915,12.437,30.306,45.209,35.693,63.637,59.306,41.156,44.303,48.39,47.758,64.663,42.481,40.869,33.797,77.924,67.072,71.601,66.118,71.622,59.944,158.76,118.08,123.34,127.98,146.35,110.57,96.014,117.56,70.736,65.156,85.305,259.35,235.27,292.31,31.535,9.7944,20.656,12.778,6.4629,21.56,13.927,17.218,8.9534,17.754,17.265,1.8418,6.9116,36.258,33.404,11.05,16.184,22.627,8.3796,23.447,39.508,33,40.91,29.251,32.705,30.509,36.048,27.476,39.344,32.187,30.6,33.134,30.432,21.836,28.163,63.448,62.18,62.111,62.868,62.537,61.845,62.834,64.897,72.633,57.611,79.875,47.446,66.844,66.27,35.132,65.139,35.553,66.516,60.573,30.254,37.35,38.853,43.046,36.965,43.609,41.382,43.454,42.614,42.779,42.201,43.286,57.164,52.582,40.087,47.966,63.227,67.048,69.558,77.895,75.981,77.27,63.087,80.93,123.86,123.68,155.51,96.792,81.919,112.23,120.56,106.09,97.569,86.343,85.471,61.559,80.621,75.954,88.98,63.512,68.005,263.62,247.9,16.079,8.0484,6.5257,2.1153,2.0191,2.2368,42.264,25.773,2.5303,3.5252,9.1092,31.953,40.492,12.904,22.754,10.633,39.75,30.839,34.618,29.277,28.051,27.638,61.801,43.989,31.973,26.953,26.716,58.749,62.13,62.857,62.619,66.529,62.472,58.693,52.711,39.786,49.303,54.661,43.428,48.537,27.636,40.684,44.141,35.966,43.941,36.273,36.463,42.786,43.673,76.881,83.189,85.404,57.739,61.626,51.858,60.794,55.531,85.965,69.411,69.706,53.473,76.618,66.968,75.856,78.413,78.35,80.595,73.016,72.042,60.801,62.298,92.183,123.46,1.5678,32.249,30.715,38.459,26.078,28.14,26.989,28.728,28.401,26.716,60.263,77.806,58.154,42.154,44.561,65.57,79.362,76.767,75.766,78.681,82.76,48.446,54.288,33.143,34.047,27.062,26.514,29.735,27.065,27.681,26.607,28.006,26.235,25.729
69.26,26.882,134.07,18.935,0,0.60902,0.33071,1.6138,16.802,5.4867,17.947,17.507,1.5115,6.2285,6.9142,19.208,31.226,19.475,23.394,25.861,24.791,14.641,22.394,18.757,17.222,27.257,19.118,26.382,24.461,26.131,27.355,113.33,71.931,76.354,79.869,81.065,60.198,46.153,79.567,34.961,19.018,42.725,187.85,156.79,189.15,14.165,11.243,13.985,9.6706,3.4242,7.4952,1.008,0.34075,1.8647,0.026853,0.18423,9.4232,3.2314,3.0627,2.6739,10.955,9.8035,0.45051,6.8195,4.2299,4.7187,3.151,18.983,14.782,7.5026,6.8221,9.4155,7.0785,9.156,10.086,7.4178,10.116,13.168,8.9659,11.094,19.489,18.949,18.516,19.1,18.844,18.767,19.162,19.474,25.632,31.485,25.172,24.731,15.769,15.451,27.991,15.107,25.526,15.621,12.722,18.663,20.451,17.531,24.312,21.73,23.251,21.155,21.632,21.62,21.582,21.478,22.318,14.527,19.28,6.8019,13.371,20.775,24.865,25.477,29.101,28.903,28.412,21.81,28.589,60.239,55.562,111.77,69.726,54.971,68.628,74.726,42.022,64.805,27.896,29.624,34.241,33.559,27.952,33.953,20.161,21.284,179.33,159.4,19.876,23.968,12.039,10.068,13.536,10.717,36.928,23.504,7.8265,10.955,15.223,2.2573,4.5603,1.279,1.6147,1.2827,4.1269,1.641,7.872,5.3322,5.3872,3.1616,28.173,12.222,16.72,12.412,11.707,16.996,18.478,19.108,19.213,21.304,20.033,19.15,24.711,20.91,32.802,26.971,28.272,26.16,23.161,22.634,21.855,16.235,23.37,19.527,19.651,22.318,22.365,26.656,30.794,29.528,25.634,13.85,11.831,16.691,13.285,32.988,25.413,32.412,37.675,27.775,22.742,34.52,30.094,30.919,29.825,31.681,28.722,23.259,39.715,52.888,76.016,13.128,12.901,9.7975,14.387,11.622,11.684,11.301,12.726,11.375,11.134,22.87,48.172,20.78,19.298,17.356,28.876,27.601,26.651,26.163,27.898,31.178,8.7901,9.5314,2.173,3.0813,10.533,10.606,15.233,9.7885,10.892,10.607,13.697,11.373,9.483
61.718,19.544,117.12,25.336,0.60902,0,0.10775,0.36158,22.859,9.652,23.146,19.223,0.22335,2.9885,4.083,13.261,25.964,16.077,19.764,21.79,20.743,9.3774,18.972,15.363,14.818,19.968,12.983,19.585,18.171,19.336,21.809,101.58,61.952,66.053,69.264,68.668,50.402,37.313,70.215,28.441,12.988,34.872,170.39,139.74,168.92,18.078,16.925,19.293,14.756,6.7063,11.033,3.1306,1.6995,4.1967,0.74941,1.3805,13.783,5.8487,1.9912,2.2245,16.487,14.597,0.10863,8.7141,3.1199,1.9385,1.0668,15.594,12.969,4.9992,4.6227,6.4526,5.2999,5.8143,7.6392,5.1935,7.5366,11.08,8.1293,9.2792,13.541,13.12,12.714,13.213,12.994,12.972,13.274,13.427,18.767,26.471,17.965,20.724,10.273,10.023,26.236,9.7131,23.466,10.151,7.8511,16.942,17.691,14.37,20.933,19.122,19.715,17.82,18.018,18.13,18.065,18.041,18.771,9.3379,14.375,3.5692,8.9905,14.796,18.487,18.867,21.751,21.707,21.125,15.823,21.055,49.271,44.687,100.29,62.329,48.359,59.12,64.642,32.558,56.868,20.262,21.807,28.864,25.948,20.775,25.706,14.179,14.929,160.91,141.4,26.907,32.203,14.728,14.201,17.877,14.793,44.403,30.292,11.92,14.51,17.516,1.9158,3.2735,2.3889,0.87174,3.573,1.6367,0.27251,5.1199,3.3525,3.5668,1.57,22.434,8.2854,14.578,10.852,10.152,11.522,12.677,13.221,13.339,15.048,14.138,13.607,19.972,17.802,29.121,22.088,25.14,22.087,22.301,19.502,18.155,13.439,19.792,16.876,16.978,18.845,18.764,19.46,23.024,21.722,20.291,8.6674,7.2248,11.099,8.3142,24.963,18.817,25.904,33.77,20.553,16.402,27.399,22.685,23.507,22.26,24.785,21.879,17.499,34.642,44.771,65.679,17.651,16.373,7.5592,11.156,10.169,9.8964,9.6842,10.889,9.5335,9.5548,17.162,41.578,15.28,15.746,13.394,22.717,20.209,19.462,19.06,20.532,23.423,4.79,5.4956,1.3572,0.96856,8.8748,9.0395,13.367,8.1062,9.1472,9.0246,12.029,9.8834,8.0063
66.82,22.206,123.6,24.202,0.33071,0.10775,0,0.48421,19.927,8.0121,20.097,20.374,0.4667,3.7647,5.514,15.6,29.33,18.618,22.557,24.768,23.661,10.66,21.682,17.859,17.08,22.747,15.132,22.503,21.037,22.226,24.964,108.29,67.227,71.496,74.834,73.984,55.135,41.36,75.783,32.043,15.229,38.852,179.01,147.38,176.66,15.409,14.684,16.568,12.54,5.8832,8.9662,2.2603,1.0404,3.7192,0.49849,0.82688,13.14,5.4756,1.6501,1.6394,14.214,12.295,0.25328,9.0979,4.1361,2.7594,1.822,18.104,14.976,6.5179,6.0516,8.1887,6.7179,7.5038,9.4086,6.6895,9.3209,13.033,9.5382,11.041,15.926,15.483,15.021,15.569,15.329,15.323,15.64,15.749,21.567,29.831,20.298,23.634,11.635,11.357,28.894,11.095,26.086,11.51,9.0382,19.152,20.195,16.763,23.739,21.668,22.488,20.45,20.711,20.807,20.743,20.703,21.494,11.265,16.97,4.8807,11.06,17.348,21.371,21.749,24.754,24.755,24.074,18.493,23.862,53.647,48.565,106.95,67.432,52.87,64.275,70.028,35.735,61.845,22.567,24.499,32.391,29.316,23.72,28.807,16.648,17.364,169.05,148.82,23.852,29.373,15.173,13.768,17.623,14.454,40.139,26.847,11.265,14.472,18.322,1.346,2.838,2.4199,1.4232,2.9127,2.1555,0.5394,6.6831,4.5881,4.8016,2.4568,25.639,10.283,16.764,12.658,11.91,13.752,14.978,15.579,15.719,17.55,16.626,16.1,22.943,20.387,32.371,25.199,28.096,25.08,24.525,22.183,20.871,15.702,22.577,19.312,19.424,21.558,21.497,22.209,26.008,24.403,23.336,10.101,8.9517,13.197,10.111,28.088,21.697,29.352,37.259,23.453,19.063,30.935,25.779,26.687,25.241,28.148,25.013,20.348,38.385,49.266,71.106,17.261,13.855,9.2811,13.341,11.901,11.696,11.425,12.769,11.32,11.277,19.986,45.82,17.946,18.294,15.843,25.954,22.962,22.216,21.797,23.358,26.472,6.0863,6.3348,1.0309,1.6396,10.568,10.721,15.412,9.7465,10.882,10.709,13.941,11.605,9.5865
64.093,17.207,111.26,31.389,1.6138,0.36158,0.48421,0,24.86,12.059,23.904,24.424,0.064711,1.625,4.5269,11.899,27.486,18.109,22.035,23.92,22.779,6.6719,21.32,17.31,17.448,17.925,11.014,18.401,17.477,18.099,22.573,102.28,61.824,65.89,69.001,65.792,49.389,36.028,71.416,28.97,11.329,34.607,168.28,136.13,161.79,18.101,19.888,20.837,17.073,9.7364,11.839,4.7069,2.8097,6.8153,1.9428,2.5145,18.441,9.0134,0.90035,1.3672,19.211,16.396,0.85794,12.568,4.738,1.2042,1.0143,17.575,15.775,6.0049,5.8024,7.3613,6.9502,6.1848,9.2204,6.4801,8.9927,13.454,10.864,11.585,12.269,11.943,11.456,11.955,11.736,11.811,12.035,11.912,17.266,28.274,15.113,22.793,7.4549,7.2275,30.431,7.0562,27.224,7.3578,5.4114,20.267,20.396,16.379,23.525,22.089,22.055,20.108,20.107,20.33,20.237,20.273,20.998,8.0268,14.753,3.3004,8.9151,13.827,17.725,17.829,20.092,20.32,19.43,15.084,18.784,46.161,40.674,101.21,64.876,50.624,59.299,64.617,28.776,58.527,16.854,18.971,30.579,24.725,19.201,23.195,13.038,13.283,156.71,136.23,29.798,36.963,19.637,19.019,23.301,19.735,45.362,32.108,16.241,19.452,22.694,1.2159,1.739,4.6079,1.9768,5.7719,0.6291,0.067479,5.9248,4.3971,4.7965,2.3615,23.072,8.5829,17.361,13.546,12.754,10.492,11.408,11.967,12.145,13.653,13.139,13.03,21.307,20.262,32.261,23.538,28.326,24.247,26.663,22.13,20.188,15.613,22.108,19.569,19.667,21.14,20.947,17.466,20.835,18.876,21.069,6.3631,6.1902,9.6617,6.9938,22.761,17.79,26.135,37.133,18.835,15.232,27.089,21.141,22.135,20.304,24.388,21.079,17.391,37.15,45.241,65.44,23.013,16.186,9.2878,12.662,12.838,12.31,12.179,13.409,11.858,12.056,17.063,43.319,15.104,17.612,14.58,22.928,17.995,17.486,17.15,18.496,21.384,3.5915,3.3279,0.59592,0.7119,11.224,11.473,16.187,10.321,11.48,11.446,14.81,12.488,10.339
150.37,83.432,241.21,19.591,16.802,22.859,19.927,24.86,0,4.0473,1.1147,47.075,26.007,38.601,45.266,70.71,92.049,69.626,76.357,81.248,79.552,54.724,74.268,68.461,63.291,84.905,68.968,84.762,81.658,84.237,86.451,216.01,157.97,164.49,169.67,170.7,140.6,118.47,167.71,99.788,69.65,113.07,317,275.64,313.31,2.8179,1.8139,0.23545,1.2841,11.281,2.6297,9.9221,12.364,14.414,16.952,13.472,17.655,16.444,21.453,17.816,1.4216,0.93806,22.716,28.52,36.185,36.93,33.79,68.811,57.535,46.296,44.322,50.979,43.915,50.755,51.301,45.619,51.655,55.748,44.47,51.398,71.448,70.526,69.505,70.689,70.171,70.187,70.847,70.928,82.93,91.925,78.261,79.36,56.945,56.259,77.15,56.347,74.699,56.732,51.333,63.307,69.4,65.894,77.072,70.89,75.89,72.114,73.578,73.247,73.256,72.889,74.48,60.927,71.951,44.494,60.12,74.437,82.36,83.254,89.066,89.101,87.748,76.657,86.843,138.64,128.87,213.57,150.65,128.97,152.85,162.01,106.5,145.19,81.274,87.098,96.811,97.499,87.106,96.065,73.002,74.277,305.06,277.3,0.57449,5.3257,33.305,20.693,25.667,22.343,5.0024,0.64151,16.291,26.263,40.602,17.409,22.295,20.501,28.46,12.067,32.948,26.476,47.437,40.618,40.455,34.463,88.026,57.669,61.684,52.83,51.63,66.783,69.406,70.711,71.029,74.827,72.947,71.64,80.911,71.116,90.385,84.751,82.202,81.708,66.816,73.829,74.145,62.824,76.183,67.648,67.905,74.284,74.694,83.886,91.114,86.881,83.371,55.326,55.468,65.32,58.097,95.049,83.149,95.698,97.933,86.536,77.969,99.483,91.032,92.725,89.844,94.626,89.318,79.596,104.04,128.71,164.04,23.668,3.6246,50.266,60.769,51.15,52.331,51.142,54.239,51.967,50.736,78.875,119.47,74.95,69.717,67.336,89.589,85.132,83.918,83.144,86.121,92.134,47.342,43.579,20.375,32.921,49.948,49.79,58.433,48.712,50.838,49.838,55.302,50.854,47.537
105.58,56.634,193.8,9.9773,5.4867,9.652,8.0121,12.059,4.0473,0,6.7214,24.239,12.337,22.537,24.003,45.195,58.344,40.56,45.606,49.474,48.204,36.519,43.958,39.721,35.499,57.2,45.022,55.628,52.5,55.305,54.543,162.65,113.86,119.39,123.87,128.23,100.37,82.576,120.91,65.341,44.934,76.883,254.06,219.66,259.07,6.6274,1.0231,3.3429,0.78156,1.8675,2.265,1.7931,3.2782,3.1939,5.3415,3.732,6.0328,4.2177,11.958,9.6349,0.97911,1.3152,9.0195,11.244,16.622,20.164,16.953,39.969,31.162,24.116,22.565,27.551,21.901,27.979,27.209,23.383,27.559,29.997,21.766,26.857,45.594,44.744,44.114,45.001,44.613,44.462,45.089,45.627,54.725,58.061,53.815,48.036,38.34,37.807,45.885,37.51,43.971,38.129,33.525,35.355,40.091,37.74,46.021,41.151,45.212,42.331,43.556,43.243,43.265,42.952,44.178,37.869,43.697,24.442,35.354,47.366,53.138,54.236,59.738,59.322,58.777,48.716,59.121,102.01,95.876,160.37,105.74,87.834,109.26,117.16,77.58,101.66,57.375,60.465,62.006,65.667,58.073,66.737,46.55,48.377,246.4,223.73,4.7489,6.8522,14.933,7.6901,11.167,8.6922,17.815,7.9106,4.9725,10.793,19.863,9.0273,13.674,6.4812,12.059,2.2404,18.196,12.696,25.126,20.123,19.837,16.25,55.899,33.082,34.247,27.749,26.909,41.703,44.059,45.012,45.149,48.355,46.283,44.662,49.724,41.491,56.271,52.64,49.836,49.817,38.064,43.507,44.022,35.342,45.45,38.763,38.96,43.995,44.365,56.326,62.271,60.32,52.116,35.934,33.431,41.317,35.835,65.362,54.138,62.382,62.221,57.877,50.375,66.011,61.082,62.132,60.86,62.259,58.612,50.133,67.38,88.903,119.09,10.031,6.6726,26.36,34.219,26.541,27.486,26.594,28.834,27.26,26.299,49.566,80.321,46.643,40.726,39.406,57.569,57.697,56.318,55.603,58.123,62.789,28.02,27.687,10.563,16.733,25.792,25.643,31.821,24.966,26.44,25.682,29.528,26.347,24.073
157.44,80.734,234.93,28.915,17.947,23.146,20.097,23.904,1.1147,6.7214,0,56.432,25.482,36.342,46.57,69.487,96.501,74.415,81.726,86.495,84.597,50.475,79.717,73.073,68.932,82.793,66.567,84.229,81.938,83.593,89.449,221.25,160.82,167.39,172.49,168.82,141.56,118.51,173.06,102.67,67.846,114.83,318.64,274.02,305.67,0.68322,5.0523,0.69582,3.42,15.574,2.2477,11.666,13.44,18.223,18.442,14.659,24.887,21.268,18.927,15.534,4.2265,2.1203,23.699,35.037,39.249,35.79,33.787,73.49,63.312,48.631,46.899,53.289,47.299,52.102,54.798,48.425,54.946,60.742,49.728,56.145,70.412,69.638,68.441,69.656,69.125,69.321,69.854,69.428,81.769,96.858,74.451,84.456,52.554,51.889,85.764,52.248,82.529,52.381,47.482,70.115,75.331,70.544,83.006,77.301,81.365,77.404,78.565,78.416,78.377,78.104,79.727,59.519,73.909,44.484,60.947,74.036,82.536,82.951,87.769,88.301,86.351,76.732,84.356,135.74,124.07,219.16,158.03,135.47,156.16,165.12,101.64,150.95,76.483,83.554,101.7,97.196,85.918,93.355,72.248,72.626,302.76,272.83,3.1522,11.289,41.69,28.342,34.483,30.267,3.4331,1.0997,22.932,34.386,49.692,15.409,18.938,23.954,30.327,15.028,31.134,25.887,49.454,42.833,42.99,36.009,90.841,59.093,67.539,58.28,56.887,66.062,68.319,69.686,70.125,73.653,72.451,71.876,84.776,76.675,97.561,88.909,89.264,87.017,75.431,79.743,79.051,67.674,81.624,73.512,73.769,79.642,79.87,81.839,88.884,83.314,86.321,51.872,54.407,63.807,56.587,92.89,82.863,97.967,105.65,85.067,77.291,100.87,89.992,92.04,88.017,95.751,89.594,80.882,110.45,132.08,166.8,32.286,1.2242,53.988,64.41,56.506,57.29,56.204,59.435,56.763,55.795,80.159,124.88,75.998,74.221,70.598,91.683,82.707,81.906,81.234,84.053,90.208,45.712,39.968,18.429,32.509,54.725,54.705,64.26,53.221,55.614,54.734,60.971,56.093,52.211
40.74,43.557,144.88,12.437,17.507,19.223,20.374,24.424,47.075,24.239,56.432,0,22.265,30.396,15.724,32.362,19.995,11.024,11.751,13.752,13.659,43.223,10.865,11.122,7.1753,41.366,37.222,34.407,29.939,34.665,22.121,83.443,57.083,60.534,63.743,82.267,54.424,46.829,54.74,27.985,34.633,37.811,161.26,146.06,198.55,54.337,30.928,45.516,33.019,12.721,38.779,19.284,19.902,11.176,16.22,18.861,7.7684,8.56,33.476,33.415,32.275,36.839,16.499,2.7205,8.9756,24.83,19.671,11.056,5.4815,12.353,11.269,13.313,8.8043,16.582,9.7477,10.757,10.416,6.8136,4.3039,6.503,31.78,30.84,31.277,31.518,31.412,30.64,31.401,33.664,36.371,18.627,47.243,13.461,44.464,44.207,5.8411,42.703,6.2537,44.192,40.397,4.8545,8.249,10.261,10.665,7.681,11.335,10.554,11.777,11.211,11.335,10.984,11.423,30.28,20.291,20.691,20.774,30.092,30.614,32.881,39.34,37.223,39.256,28.931,43.85,69.443,73.659,80.936,40.173,31.264,52.792,58.481,63.668,41.419,53.467,49.065,20.743,38.643,38.096,48.581,31.085,35.448,168.49,159.5,45.709,37.1,1.2342,5.9812,4.5863,5.2403,82.768,58.473,8.2582,3.3606,0.27665,31.956,38.276,9.387,12.684,14.377,27.991,22.505,13.603,11.943,10.904,13.735,23.329,17.916,6.3005,5.1935,5.3833,28.948,31.348,31.495,31.074,33.516,29.98,26.564,17.378,9.6057,12.77,17.967,10.037,13.761,3.0808,9.6503,12.169,8.8987,11.517,7.8848,7.9598,11.09,11.667,40.682,44.331,49.102,21.087,38.984,27.349,31.993,30.013,45.609,32.771,28.282,14.637,39.099,32.487,32.992,39.02,38.209,41.994,31.888,32.938,25.359,19.967,39.971,60.755,5.5043,53.269,8.9171,11.574,5.0839,6.1854,5.7268,6.0269,6.4939,5.6591,25.106,29.477,24.577,11.794,14.581,26.36,42.904,40.535,39.78,41.627,43.354,28.315,38.038,30.521,21.407,6.1667,5.8187,5.5808,6.5936,6.3296,5.8702,5.2248,5.2827,6.0057
60.467,16.376,109.25,30.306,1.5115,0.22335,0.4667,0.064711,26.007,12.337,25.482,22.265,0,1.6035,3.5967,10.97,25.117,16.07,19.78,21.599,20.52,6.749,19.09,15.321,15.395,16.94,10.374,17.084,16.047,16.813,20.548,98.209,58.83,62.809,65.875,63.579,46.969,34.085,67.863,26.755,10.544,32.405,163.93,132.78,159.41,19.673,20.352,21.997,17.711,9.3577,12.833,4.7809,2.8974,6.3563,1.7693,2.5341,17.482,8.3341,1.4476,1.9876,19.762,17.236,0.58487,11.248,3.7049,0.97271,0.62154,15.569,13.819,4.8595,4.6581,6.1181,5.6746,5.126,7.761,5.2656,7.5613,11.656,9.2768,9.918,11.287,10.946,10.515,10.986,10.779,10.817,11.055,11.038,16.11,25.826,14.624,20.529,7.5191,7.3012,27.691,7.0616,24.635,7.4166,5.4663,18.042,18.181,14.433,21.169,19.773,19.792,17.942,17.963,18.163,18.077,18.105,18.796,7.3221,13.167,2.6481,7.7663,12.66,16.304,16.49,18.864,18.987,18.245,13.781,17.849,44.561,39.628,97.108,61.2,47.374,56.286,61.529,28.069,55.183,16.544,18.268,28.061,23.158,17.983,22.16,11.969,12.382,153.25,133.47,30.755,37.242,17.972,17.89,21.892,18.516,47.586,33.606,15.387,18.059,20.742,1.7815,2.4708,3.9708,1.3635,5.5418,0.65295,0.0026735,4.8122,3.4045,3.7502,1.6454,21.055,7.367,15.308,11.739,11.003,9.5291,10.474,10.996,11.143,12.639,12.017,11.782,19.222,18.072,29.487,21.339,25.708,21.908,24.126,19.835,18.047,13.694,19.845,17.398,17.491,18.924,18.752,16.484,19.774,18.182,19.104,6.2354,5.5208,8.8949,6.3675,21.622,16.45,24.096,34.154,17.685,14.059,25.158,19.828,20.721,19.177,22.582,19.524,15.799,34.274,42.525,62.39,21.7,17.733,7.8129,10.984,11.082,10.59,10.469,11.611,10.171,10.355,15.484,40.378,13.638,15.618,12.842,21.018,17.074,16.496,16.151,17.481,20.241,3.22,3.5052,1.0381,0.42766,9.5843,9.815,14.205,8.7508,9.8207,9.7901,12.917,10.757,8.7699
54.697,8.745,86.927,45.209,6.2285,2.9885,3.7647,1.625,38.601,22.537,36.342,30.396,1.6035,0,3.3704,5.6774,22.067,15.792,19.293,20.447,19.358,1.7785,18.922,15.01,16.742,9.5085,4.5505,10.714,10.59,10.421,16.768,85.934,48.603,52.127,54.733,48.81,36.59,24.885,59.092,21.539,5.0037,25.013,142.61,111.34,132.02,28.447,32.872,33.363,29.124,18.637,21.452,11.82,8.6841,14.154,6.7267,8.1101,28.969,16.768,2.9233,4.4172,31.968,28.017,3.89,19.01,6.3573,0.2814,1.1882,15.281,16.052,5.3349,5.6268,5.9233,7.4304,4.1707,8.5753,6.2488,8.1378,13.318,12.809,11.922,6.0342,5.8987,5.4682,5.8224,5.6663,5.8223,5.899,5.5409,9.5041,23.242,6.9381,19.438,2.1802,2.0654,30.634,1.9359,26.963,2.1247,1.1519,20.637,19.078,14.467,21.171,20.996,19.465,17.866,17.417,17.835,17.7,17.864,18.403,3.0855,10.085,1.5513,5.1929,7.5019,10.696,10.441,11.525,11.982,10.975,8.7156,9.9815,31.631,26.417,85.309,55.705,42.821,46.839,51.204,16.885,48.548,8.0238,9.759,24.941,15.66,10.918,13.211,6.7289,6.4049,129.66,110.03,45.081,54.056,27.295,29.14,33.699,29.745,61.64,47.112,26.357,28.577,29.648,4.4296,3.4519,9.9215,4.2834,13.092,0.23297,1.4756,4.8576,4.6113,5.2582,3.2664,16.954,5.5672,17.083,14.266,13.496,5.0323,5.4223,5.8345,6.0264,6.9106,6.9611,7.3977,16.8,18.383,29.326,18.774,26.317,20.767,28.364,20.19,17.357,14.301,19.45,18.437,18.498,18.663,18.265,9.2015,11.621,9.6829,15.606,1.5579,2.2045,4.0519,2.4244,13.116,10.424,18.761,33.789,10.493,8.3176,18.742,12.46,13.427,11.41,16.434,13.264,11.33,31.929,35.107,51.624,33.728,25.812,8.9775,10.696,13.745,12.679,12.828,13.682,12.147,12.768,11.091,35.611,9.4924,15.054,11.412,16.151,9.4259,9.2323,9.0341,9.9491,12.177,0.65535,0.45221,3.0119,0.86275,11.821,12.215,16.372,10.894,11.932,12.164,15.336,13.34,11.247
34.57,8.5477,83.521,35.693,6.9142,4.083,5.514,4.5269,45.266,24.003,46.57,15.724,3.5967,3.3704,0,4.019,9.7069,4.7781,6.8579,7.7778,7.1211,6.9627,6.5509,4.357,5.0899,8.1831,5.0612,6.7398,5.5267,6.6717,7.0326,64.93,34.343,37.417,39.869,41.465,26.341,17.54,40.476,10.973,4.4239,15.269,122.69,98.438,127.78,39.334,34.848,40.533,32.675,15.879,28.399,12.943,10.324,11.34,6.8407,9.3495,21.454,12.218,9.1871,10.866,34.654,33.174,3.8713,10.258,1.3078,1.8943,1.2639,4.4988,4.7673,0.24117,0.37485,0.37947,1.0067,0.15721,1.1988,0.50693,1.0341,3.313,3.6315,2.7128,3.9952,3.6913,3.6458,3.8434,3.756,3.6089,3.8412,4.3327,6.7218,10.181,9.127,7.1429,7.3989,7.3155,13.691,6.6771,11.267,7.2905,5.9623,7.3714,6.4533,3.9895,7.8697,7.5672,6.9162,5.9087,5.7709,5.9528,5.8875,5.9472,6.3029,2.6214,3.143,0.39289,1.1019,4.1501,5.7462,6.2062,8.4902,8.1117,8.2109,4.3956,9.1482,27.905,26.616,63.905,35.133,24.876,32.174,36.322,18.74,30.658,11.727,10.749,11.575,10.337,7.8532,12.053,4.085,5.1651,116.62,101.83,49.852,53.31,15.64,20.539,22.969,20.528,75.257,55.895,19.745,18.393,16.142,10.426,11.157,6.498,2.0442,11.943,3.5186,3.512,0.13552,0.3274,0.50229,0.75364,7.3775,0.75173,5.2832,3.9152,3.5395,2.8747,3.6482,3.8417,3.8026,4.8166,3.8926,3.2361,6.1926,6.1304,13.191,7.4204,11.009,7.97,12.391,7.1965,5.7793,3.818,6.9256,6.0655,6.1037,6.4209,6.2482,7.8457,10.013,10.733,6.1866,5.2283,1.675,3.3628,2.404,11.087,6.1692,9.4495,16.315,7.9456,5.1311,10.537,8.8433,9.0896,9.2121,9.0082,7.6086,4.813,15.828,21.819,37.159,23.593,36.758,1.3755,2.1775,3.701,3.0712,3.1982,3.5418,2.8076,3.1844,4.6371,19.876,3.7392,4.4473,2.8631,7.573,8.6203,7.8147,7.5041,8.4517,9.9705,1.9308,5.6834,8.3821,1.7323,2.7208,2.9343,4.9286,2.308,2.7395,2.905,4.4256,3.4904,2.5502
28.388,0.86941,51.911,63.637,19.208,13.261,15.6,11.899,70.71,45.195,69.487,32.362,10.97,5.6774,4.019,0,8.4951,8.1367,9.7738,9.604,8.9632,3.9786,9.9855,7.69,11.02,0.74113,0.35033,0.80881,0.9863,0.72275,4.8418,48.196,21.418,23.726,25.423,21.74,13.474,6.7917,29.571,6.4058,0.08642,7.2552,91.457,67.538,87.95,58.937,59.817,64.034,55.98,35.267,47.454,29.013,24.414,28.336,19.479,23.07,44.043,30.109,16.676,19.907,59.171,55.581,13.836,26.749,9.8407,5.5394,6.821,7.859,12.154,5.2614,6.1783,4.2853,7.9907,2.9524,6.5931,6.2968,6.0658,9.8757,13.271,9.8873,0.010995,0.025356,0.0096521,0.0083153,0.0075108,0.028678,0.012345,0.017214,0.50063,9.6677,1.5395,9.0953,3.8236,3.9086,21.796,3.4093,18.475,3.7869,4.0077,15.192,11.585,7.8927,11.509,13.163,10.082,9.522,8.6504,9.1665,9.0268,9.2975,9.3947,0.39457,2.289,3.1753,1.2827,0.22031,0.97046,0.77374,1.067,1.1639,0.9204,0.54256,1.0402,11.419,9.9709,47.908,29.361,20.821,20.478,23.194,5.4895,23.252,2.9093,1.7441,10.176,2.4873,0.87154,2.1773,0.075836,0.0743,82.256,68.061,77.943,84.998,34.429,42.663,45.833,42.573,103.58,82.969,41.569,39.22,34.12,19.785,17.957,20.471,11.22,28.665,7.7272,10.678,4.4906,6.5877,7.2125,7.8152,4.6812,2.1251,11.891,11.846,11.445,0.1007,0.0090697,0.0089668,0.024332,0.061252,0.14793,0.49158,6.1262,10.345,16.353,7.0669,15.474,9.8043,22.657,11.427,8.4318,8.6443,9.9828,11.446,11.431,9.7151,9.1948,0.64198,1.3878,1.7477,4.4752,2.6024,0.9268,0.14133,0.68366,1.8593,0.77298,4.7854,19.046,0.79844,0.27233,4.2137,1.3315,1.6426,1.1633,3.1743,1.729,1.7561,15.471,13.496,23.351,46.856,55.245,7.3177,5.7083,11.874,10.353,10.913,10.754,9.9262,10.99,1.707,15.643,1.2601,7.3767,4.5509,3.7179,0.86749,0.63578,0.55378,0.83424,1.443,2.5304,5.794,16.607,7.1371,10.279,10.741,12.197,9.753,10.088,10.671,12.14,11.549,10.526
7.6444,11.723,57.962,59.306,31.226,25.964,29.33,27.486,92.049,58.344,96.501,19.995,25.117,22.067,9.7069,8.4951,0,1.7214,1.1105,0.58309,0.62705,23.304,1.418,1.8458,3.5627,9.8042,12.291,5.657,4.0922,5.9266,0.51746,26.185,10.049,11.654,13.116,21.41,8.4603,6.3548,11.275,0.79141,10.294,2.9845,71.335,58.527,92.769,87.035,73.73,86.197,72.408,41.745,69.314,41.68,37.922,34.754,30.587,35.948,42.947,33.765,37.589,41.094,74.214,74.565,24.765,23.764,12.815,19.128,17.951,1.811,5.2617,8.2069,8.864,6.5307,8.8058,7.6357,5.917,8.2064,5.8262,5.0215,9.6919,6.2859,7.9026,7.6464,8.2404,7.9932,8.1003,7.6392,7.8725,9.2291,7.2409,0.054226,16.173,0.66557,23.211,23.344,5.9289,22.036,4.5958,23.09,22.729,5.1559,2.5957,2.3199,1.4644,2.8946,1.2351,1.6087,1.2383,1.3765,1.3481,1.4517,1.2607,10.761,2.3753,12.383,5.8739,6.0313,4.2587,5.2023,7.4217,6.1894,7.7026,4.8182,10.891,16.785,21.558,25.256,7.9066,3.5084,8.453,10.841,19.66,6.0662,19.957,14.495,0.088038,5.2205,7.1728,11.533,7.0093,9.2454,73.068,66.552,96.251,94.519,26.815,39.85,39.637,38.785,135.9,107.64,41.911,33.914,23.584,40.252,41.163,25.958,18.64,37.723,23.96,24.896,8.0327,10.802,10.673,14.826,0.61452,5.5544,4.1927,6.4268,6.6517,7.7903,8.3165,7.9721,7.6207,7.8748,6.4055,5.0053,0.39407,1.9568,1.8243,0.15677,2.2412,0.58072,8.3012,1.8639,1.131,3.0524,1.1771,2.8553,2.8047,1.3541,1.194,9.6541,10.016,14.593,0.64536,19.525,11.172,10.163,11.747,9.829,5.1695,1.1609,2.4002,7.9211,6.3561,2.3626,6.7646,5.9322,8.8513,2.5524,3.9122,2.5405,1.0386,3.6135,11.668,41.6,83.449,6.2779,3.2453,6.9381,6.1188,6.6389,5.6779,6.1197,6.7883,2.5903,1.8343,3.2487,1.6114,2.0612,1.2474,10.758,9.5496,9.2869,9.6268,9.1219,15.62,25.158,36.096,19.527,6.8454,7.0197,5.0546,7.1367,6.5111,6.9849,5.8372,6.9231,7.727
15.403,13.197,76.066,41.156,19.475,16.077,18.618,18.109,69.626,40.56,74.415,11.024,16.07,15.792,4.7781,8.1367,1.7214,0,0.19247,0.45414,0.3306,19.788,0.14147,0.0099099,0.41209,11.536,11.59,7.3765,5.3094,7.5761,1.9164,41.08,20.03,22.294,24.299,33.268,16.944,12.413,21.535,4.0281,9.7493,8.1487,95.204,79.628,116.49,66.85,53.32,64.846,52.501,26.663,50.916,27.33,24.664,21.238,18.821,23.074,27.528,20.302,26.913,29.349,53.838,54.653,14.775,12.735,5.5808,12.628,10.775,0.0042244,1.0364,3.2581,3.4667,2.4657,3.0722,3.7316,1.5571,2.9961,1.6013,0.86291,3.2442,1.4427,7.6602,7.2596,7.6943,7.6326,7.6588,7.1993,7.5365,8.8985,8.7142,1.5793,16.72,0.31907,20.064,20.076,3.2984,18.864,2.091,19.915,18.683,1.3711,0.31491,0.051752,0.3943,0.60623,0.1973,0.066037,0.056608,0.06475,0.059071,0.064174,0.10696,8.8103,1.8942,7.4482,3.687,6.2313,5.5868,6.6947,9.7634,8.5278,9.86,5.321,12.874,25.234,28.681,39.821,15.562,9.0988,17.787,21.179,23.988,13.802,20.748,16.395,2.2965,8.6706,9.2403,14.777,7.0031,9.4271,96.457,87.795,72.807,70.758,15.358,25.126,25.21,24.337,109.09,83.397,26.658,20.604,13.324,28.465,30.407,14.617,9.9678,23.778,16.487,15.967,3.3785,4.7573,4.5099,7.6197,2.2822,2.8606,0.6576,1.5103,1.6079,6.8091,7.7547,7.615,7.3125,8.1506,6.3829,4.7342,0.73792,0.13307,2.0932,0.95738,1.3677,0.49306,3.9218,0.2997,0.071039,0.18972,0.20017,0.32169,0.31361,0.12123,0.10397,11.243,12.616,16.457,1.6197,16.328,8.29,8.9367,9.308,12.971,6.6457,4.0038,3.4347,9.9073,7.0962,5.8748,9.3754,8.7635,11.293,5.4648,6.2102,3.3283,3.5687,10.267,22.294,26.699,63.963,1.646,0.50464,1.7536,1.3513,1.5995,1.1489,1.3598,1.6734,3.2731,6.7357,3.3852,0.019274,0.52249,3.3004,12.502,11.145,10.776,11.535,11.876,11.21,19.624,25.269,12.16,1.7149,1.794,0.96355,1.8917,1.5495,1.7774,1.2638,1.7416,2.1798
12.42,14.795,74.371,44.303,23.394,19.764,22.557,22.035,76.357,45.606,81.726,11.751,19.78,19.293,6.8579,9.7738,1.1105,0.19247,0,0.090881,0.071802,23.161,0.019128,0.28533,0.72455,12.891,13.67,8.2608,6.0817,8.5118,1.8262,36.773,17.729,19.805,21.693,31.893,15.603,11.986,18.412,3.4889,11.609,7.4407,89.622,75.749,113.72,73.968,58.886,71.492,58.265,30.513,57.039,31.752,28.999,24.822,22.641,27.276,30.585,23.568,31.651,34.294,59.525,60.705,18.281,14.853,7.7385,15.853,13.837,0.25197,1.5902,5.034,5.2877,4.0167,4.7394,5.529,2.8297,4.6992,2.9004,1.634,4.5373,2.4676,9.2105,8.8035,9.3328,9.2129,9.2646,8.7508,9.0987,10.611,9.8512,0.87561,18.895,0.058091,23.383,23.421,2.5826,22.103,1.5771,23.23,22.077,1.4998,0.31167,0.42918,0.0723,0.4609,0.0041576,0.061081,0.047981,0.035344,0.038364,0.041067,0.01282,10.921,2.6096,9.9232,5.1897,7.4752,6.3612,7.5696,10.713,9.3294,10.888,6.3427,14.275,25.061,29.425,35.497,12.516,6.8592,15.52,18.709,25.485,11.221,23.153,18.135,1.4265,9.0313,10.23,15.914,8.4069,11.05,92.179,84.733,79.368,76.387,17.029,27.876,27.532,26.932,117.78,90.804,29.849,22.841,14.469,33.337,35.415,17.736,12.862,27.729,20.17,19.665,5.1724,6.8567,6.5447,10.225,2.1763,4.3171,1.0067,2.3437,2.5324,8.4591,9.4045,9.1923,8.8406,9.6063,7.7137,5.9108,0.66478,0.12147,1.047,0.6766,0.65593,0.10025,3.6651,0.11351,0.05473,0.6635,0.0015108,0.40501,0.38586,0.014795,0.01421,12.616,13.778,18.213,1.6552,19.38,10.541,10.889,11.578,13.969,7.5197,3.7528,2.0244,11.002,8.2812,5.7116,10.178,9.4011,12.376,5.5387,6.7001,3.9117,2.1587,8.6837,19.851,29.205,70.977,2.9229,1.3087,2.6856,2.2928,2.5815,1.9565,2.3479,2.676,3.885,5.0027,4.2113,0.26315,1.1245,3.3095,13.947,12.505,12.133,12.83,12.906,14.033,23.336,29.872,15.395,2.8062,2.8689,1.4671,3.0935,2.5968,2.8531,1.9413,2.7078,3.4113
10.574,14.179,69.903,48.39,25.861,21.79,24.768,23.92,81.248,49.474,86.495,13.752,21.599,20.447,7.7778,9.604,0.58309,0.45414,0.090881,0,0.014897,23.648,0.19309,0.56945,1.3282,12.228,13.554,7.6328,5.5844,7.8976,1.3426,33.268,15.292,17.22,18.983,28.934,13.468,10.384,15.962,2.5855,11.47,6.0765,84.005,70.695,107.95,78.285,63.363,76.126,62.605,33.8,60.986,34.822,31.807,27.744,25.118,29.999,34.009,26.498,33.799,36.69,63.985,65.027,20.344,17.265,9.2179,17.081,15.241,0.53081,2.4409,5.9793,6.3399,4.7607,5.8843,6.217,3.6647,5.7135,3.7005,2.4536,5.8824,3.4378,9.0182,8.647,9.2089,9.0475,9.1173,8.6068,8.9285,10.43,9.2665,0.40256,18.467,0.013592,23.783,23.848,3.1283,22.514,2.0784,23.636,22.692,2.2712,0.72358,0.8123,0.20918,0.88428,0.12442,0.29231,0.19102,0.21165,0.20851,0.23551,0.15478,11.109,2.5321,10.818,5.4769,7.1952,5.8366,6.998,9.9286,8.5555,10.143,6.0036,13.548,22.856,27.483,32.074,10.699,5.494,13.239,16.196,24.177,9.3536,22.65,17.405,0.79727,8.0147,9.5094,14.895,8.1666,10.749,86.592,79.589,84.52,81.68,19.576,31.15,30.762,30.149,123.61,96.096,33.223,25.803,16.758,35.748,37.564,20.157,14.644,30.731,21.604,21.456,6.0443,8.0486,7.7701,11.667,1.628,4.7316,1.7021,3.3448,3.5585,8.4411,9.2837,9.0262,8.6659,9.2934,7.4824,5.7508,0.43849,0.42199,0.90477,0.35245,0.77097,0.0012516,4.6082,0.36225,0.16848,1.1857,0.10724,0.87302,0.84419,0.17699,0.14028,11.987,12.916,17.491,1.2671,19.81,10.948,10.91,11.875,12.985,6.952,2.9263,1.7193,10.295,7.8729,4.7152,9.3368,8.5174,11.557,4.6733,5.9571,3.5323,1.4871,7.0138,17.266,32.539,75.13,3.8242,1.7788,3.7456,3.25,3.6026,2.8644,3.3001,3.7142,3.5294,3.7721,3.9751,0.48969,1.3138,2.659,13.275,11.876,11.53,12.128,12.015,14.776,24.294,32.066,16.834,3.8423,3.9294,2.2883,4.1502,3.5944,3.9091,2.8688,3.7648,4.5399
11.23,13.498,69.838,47.758,24.791,20.743,23.661,22.779,79.552,48.204,84.597,13.659,20.52,19.358,7.1211,8.9632,0.62705,0.3306,0.071802,0.014897,0,22.523,0.16105,0.42172,1.2058,11.621,12.777,7.1818,5.1848,7.4315,1.2234,34.159,15.66,17.63,19.416,28.941,13.56,10.243,16.594,2.5623,10.761,6.0541,85.061,71.267,108.08,76.397,61.995,74.427,61.157,32.848,59.376,33.659,30.642,26.835,24.081,28.867,33.329,25.693,32.427,35.28,62.576,63.484,19.36,16.77,8.6014,16.09,14.323,0.39141,2.2693,5.4238,5.7823,4.2544,5.3873,5.6245,3.2591,5.1896,3.2822,2.2082,5.5296,3.1279,8.4028,8.0379,8.573,8.4256,8.4892,7.9966,8.3119,9.763,8.7389,0.48284,17.622,0.00085042,22.665,22.726,3.3314,21.424,2.2111,22.521,21.575,2.2278,0.68083,0.64316,0.23733,0.88878,0.10899,0.22902,0.11862,0.14985,0.14318,0.17379,0.10989,10.357,2.2,10.031,4.9329,6.6686,5.4332,6.5566,9.438,8.1141,9.6322,5.5419,12.918,22.562,26.924,32.98,11.38,5.9665,13.614,16.609,23.448,9.8777,21.722,16.665,0.91308,7.6876,9.0137,14.317,7.593,10.098,87.23,79.886,82.91,80.387,19.241,30.552,30.297,29.594,121.39,94.228,32.494,25.334,16.563,34.363,36.105,19.339,13.825,29.713,20.49,20.378,5.4745,7.4174,7.1637,10.902,1.5063,4.2174,1.5786,3.1004,3.2876,7.8138,8.6445,8.4052,8.0597,8.6945,6.9334,5.2599,0.34381,0.36893,1.1344,0.31345,0.92253,0.02475,4.7094,0.35957,0.09514,1.0017,0.0919,0.80884,0.78246,0.13843,0.092116,11.378,12.348,16.747,1.1185,18.782,10.176,10.19,11.084,12.456,6.5114,2.8191,2.0475,9.7664,7.3503,4.5598,8.8875,8.1163,11.02,4.4565,5.6201,3.2076,1.7725,7.2386,17.662,32.026,73.256,3.4249,1.4819,3.4763,2.9656,3.3126,2.6175,3.0001,3.4195,3.1982,4.0966,3.5886,0.34543,1.0494,2.4882,12.638,11.271,10.929,11.536,11.486,13.858,23.114,30.743,15.865,3.5187,3.6139,2.1295,3.7932,3.2806,3.5928,2.6663,3.4841,4.1818
53.613,4.5639,67.887,64.663,14.641,9.3774,10.66,6.6719,54.724,36.519,50.475,43.223,6.749,1.7785,6.9627,3.9786,23.304,19.788,23.161,23.648,22.523,0,23.113,18.951,22.441,5.599,2.1784,8.0498,8.9267,7.7218,17.1,78.241,42.603,45.689,47.832,37.745,30.196,19.523,54.845,20.452,2.9864,21.647,125.59,93.778,107.85,40.404,49.199,48.197,44.224,31.928,33.486,22.585,18.135,25.931,15.42,17.369,44.806,29.301,7.6826,10.142,47.931,42.374,10.899,31.106,12.998,3.0993,5.3866,19.253,22.637,9.749,10.555,9.6778,13.235,7.0547,13.473,11.222,12.776,19.241,20.598,18.148,4.3985,4.4833,4.0303,4.275,4.1665,4.462,4.3639,3.6052,6.5271,24.998,2.5577,22.679,0.022396,0.011163,38.284,0.024874,33.908,0.018094,0.067812,27.71,24.374,18.752,25.592,26.674,23.504,22.125,21.177,21.832,21.643,21.952,22.347,2.3966,10.966,4.1197,6.4244,6.0421,8.8712,8.1222,7.8113,8.6601,7.3163,7.4089,5.5959,22.234,16.496,78.126,54.93,42.854,41.664,45.143,8.9427,46.446,2.6986,4.6068,26.168,11.922,7.4885,7.7378,5.1425,3.98,109.91,90.127,63.089,74.945,41.163,44.798,50.057,45.419,78.842,64.043,41.611,43.582,43.2,10.406,7.6182,19.843,11.03,24.516,3.2287,6.4847,8.809,9.726,10.71,8.6994,16.948,7.6343,23.228,21.096,20.267,4.1782,3.9772,4.29,4.5414,4.7909,5.5884,6.7782,18.577,23.056,33.749,20.448,31.478,23.987,37.283,24.953,20.965,19.172,23.417,23.864,23.894,22.75,22.108,5.4467,6.9907,4.5372,16.209,0.17001,2.4621,2.7553,2.0094,8.1474,8.1303,17.477,38.083,6.9029,6.2497,16.284,8.753,9.8393,7.2088,14.203,10.814,10.766,34.112,31.926,45.086,50.275,37.054,14.248,14.532,20.695,19.016,19.443,20.032,18.351,19.436,10.601,35.293,9.213,18.733,14.081,15.301,5.2629,5.5,5.459,5.9467,7.6733,1.5748,0.63489,8.3346,4.8788,18.279,18.85,22.898,17.225,18.267,18.771,22.089,20.196,17.927
13.29,15.224,76.572,42.481,22.394,18.972,21.682,21.32,74.268,43.958,79.717,10.865,19.09,18.922,6.5509,9.9855,1.418,0.14147,0.019128,0.19309,0.16105,23.113,0,0.22626,0.51011,13.334,13.871,8.6705,6.4235,8.9167,2.1306,38.41,18.913,21.055,23,33.365,16.672,12.827,19.573,3.9833,11.814,8.1551,92.249,78.161,116.53,72.174,56.958,69.525,56.411,29.108,55.392,30.474,27.847,23.587,21.632,26.16,29.085,22.318,30.836,33.365,57.61,58.87,17.464,13.816,7.16,15.436,13.327,0.19452,1.2632,4.7038,4.9068,3.7773,4.3075,5.3258,2.5358,4.3327,2.6245,1.3299,3.994,2.0987,9.4302,9.0054,9.5221,9.4205,9.4642,8.9468,9.308,10.832,10.249,1.1532,19.252,0.14118,23.375,23.4,2.3601,22.086,1.3836,23.218,21.966,1.1966,0.18008,0.32519,0.064289,0.31865,0.0088528,0.018027,0.048043,0.018355,0.024704,0.015409,0.01038,10.974,2.7434,9.6427,5.1725,7.7271,6.7164,7.9514,11.202,9.8078,11.361,6.6157,14.752,26.207,30.474,37.092,13.369,7.5198,16.628,19.924,26.25,12.116,23.555,18.625,1.7747,9.613,10.688,16.524,8.6449,11.326,94.838,87.217,77.144,74.062,15.91,26.439,26.101,25.517,115.29,88.542,28.378,21.538,13.458,32.398,34.609,16.731,12.161,26.468,19.667,18.989,4.8789,6.4171,6.0864,9.6806,2.512,4.2359,0.74862,1.9529,2.1325,8.5969,9.5927,9.4001,9.0508,9.8818,7.9448,6.1015,0.84367,0.044207,1.1502,0.89612,0.64483,0.2054,3.264,0.055449,0.068881,0.4947,0.013137,0.24897,0.23419,0.0020007,0.01972,13.043,14.312,18.7,1.9173,19.347,10.492,11.018,11.583,14.557,7.8995,4.2197,2.1947,11.458,8.5939,6.2648,10.689,9.9274,12.886,6.0362,7.1523,4.1889,2.5085,9.517,21.102,27.729,69.26,2.5966,1.1772,2.2693,1.9272,2.186,1.6104,1.9865,2.2729,4.1515,5.6153,4.4269,0.23121,1.1235,3.6994,14.398,12.933,12.548,13.29,13.45,13.84,23.069,29.03,14.874,2.4073,2.4574,1.1528,2.6885,2.2151,2.4439,1.5809,2.2942,2.9719
