0,4.873,2.0752,10.495,10.914,10.562,9.0335,8.9242,4.1242,6.0093,18.732,7.273,14.615,52.912,84.717,95.946,230.37,294.44,119.85,72.816,78.239,121.5,86.683,44.895,68.619,48.732,65.313,46.333,78.729,81.833,32.459,38.291,32.191,47.025,34.307,37.909,1.2691,2.028,0.40008,0.90677,4.3114,0.79447,0.59017,1.179,1.0497,9.1321,7.9214,4.8465,8.4514,9.0017,11.322,10.972,10.141,9.31,11.28,9.2278,16.169,0.83128,14.85,23.215,12.024,27.663,31.889,4.5528,6.2599,11.146,20.736,12.83,21.181,10.226,30.324,19.184,41.951,41.708,80.825,156.5,81.096,117.82,127.95,106.3,105.8,114.63,175.22,186.44,92.142,79.107,70.754,72.816,65.058,66.236,75.987,86.069,70.429,45.615,45.398,46.104,46.082,47.487,49.656,51.586,64.335,70.151,66.356,66.795,60.359,60.107,59.416,59.631,51.448,59.96,54.296,57.341,57.753,64.364,61.696,40.687,50.275,54.224,80.558,98.619,78.783,32.463,13.806,37.384,38.817,39.719,38.482,38.881,37.516,38.706,38.971,38.55,38.045,2.1624,3.7733,13.448,5.7754,21.399,15.035,8.3854,10.029,5.9195,11.976,20.383,18.072,28.942,18.452,17.987,4.6098,8.3054,14.856,4.7518,8.1374,12.778,8.9363,16.727,27.694,40.351,41.332,37.818,33.222,84.251,56.808,112.08,121.08,107.78,105.81,127.2,87.244,120.65,126.62,177.17,134.6,75.422,112.78,73.363,81.423,44.042,42.613,45.518,66.644,65.277,65.391,64.982,65.421,64.088,64.872,64.739,68.326,69.397,64.952,64.856,60.443,60.518,51.682,60.159,60.638,59.7,50.675,50.27,31.639,50.061,49.694,51.545,39.653,38.77,44.72,28.041,37.262,36.077,35.171,37.703,39.594,41.868,40.299,39.429,12.274,18.155,18.927,18.338,48.838,29.424,16.689,19.698,30.007,45.166,48.133,65.153,68.08,67.155,68.304,65.957,68.086,64.362,58.937,74.183,82.34,80.738,97.273,87.728,83.928,39.786,40.159,29.001,30.778,30.472,30.323,29.8,26.191,49.986,55.932,49.357,51.959,68.134,33.494,28.028
4.873,0,7.4977,21.643,22.499,20.933,22.385,25.268,17.553,2.4854,37.34,3.0327,21.618,57.913,99.773,96.164,219.12,307.08,127.31,72.267,81.457,123.37,89.847,46.648,69.398,41.724,59.095,37.785,77.028,83.633,29.927,35.898,33.735,58.053,40.066,46.967,10.068,2.0177,3.1814,1.7799,0.087105,2.0006,6.7889,10.37,10.111,19.392,16.944,14.826,22.107,20.452,23.125,22.414,21.258,17.745,25.021,24.051,30.502,3.5351,8.673,37.568,20.508,43.909,50.783,15.197,22.107,5.0165,41.092,30.953,19.006,5.8763,43.864,26.283,45.338,61.141,93.741,166.71,81.633,121.85,124.55,103.08,109,108.87,168.02,189.46,94.054,82.635,73.889,76.333,70.287,63.708,79.969,95.823,74.939,47.841,47.366,48.024,47.84,44.424,54.273,57.721,61.087,65.298,64.525,64.878,78.931,78.563,77.916,77.343,44.122,78.402,71.729,75.299,49.233,79.54,64.763,36.568,48.598,60.805,81.91,99.226,80.216,44.447,10.418,45.647,48.167,49.167,48.042,47.981,47.175,47.985,48.179,47.006,46.888,1.4772,0.76087,29.031,16.846,41.378,29.239,19.628,21.349,6.4649,14.836,40.073,11.29,46.931,11.722,15.045,17.639,25.72,36.732,16.143,16.582,26.643,17.239,20.664,34.538,40.217,35.879,35.045,38.774,81.695,50.958,102.55,114.26,119.65,97.72,141.87,100.69,116.15,120.57,188.93,130.8,77.581,106.76,71.423,81.211,46.544,45.183,47.42,63.681,63.052,62.456,62.702,62.952,61.506,61.549,61.742,67.087,67.08,62.957,62.956,78.532,79.091,42.805,78.684,79.225,78.213,41.824,41.684,25.406,42.162,42.981,42.819,37.445,37.065,56.889,37.684,47.166,46.092,45.38,47.844,48.852,50.685,49.788,48.884,9.4802,15.094,37.993,31.71,41.169,46.336,34.354,30.795,48.944,47.542,50.709,64.171,66.685,66.143,66.676,63.513,65.7,62.515,57.739,75.544,81.851,77.198,89.612,91.376,85.101,36.941,37.969,47.757,50.246,49.399,48.606,21.832,18.882,48.06,55.057,46.148,48.01,67.457,50.379,21.856
2.0752,7.4977,0,3.8604,4.1919,3.7107,3.9942,14.585,7.4604,12.997,11.396,4.8804,5.6846,34.101,60.642,70.332,191.07,247.09,90.405,50.959,55.041,92.167,62.153,28.021,47.297,32.988,45.965,31.684,56.068,58.193,19.323,23.654,18.313,29.481,19.53,22.286,5.1079,6.9531,3.7961,2.3658,6.1649,2.148,0.56098,1.6576,1.7788,2.968,2.1478,1.2571,3.9463,3.2309,4.4635,4.1824,3.6745,2.7381,5.1291,4.8957,7.9441,0.82426,9.1379,12.375,4.2232,15.935,19.771,1.4622,8.5354,7.4652,13.601,8.546,11.263,5.8712,17.143,8.6455,25.544,27.024,57.177,122.53,57.721,88.792,98.476,79.705,78.467,87.366,140.8,149.44,66.899,55.744,48.81,50.49,43.962,45.869,53.098,61.429,48.437,28.53,28.39,28.951,28.954,30.914,31.52,32.991,44.459,49.58,45.837,46.213,41.218,40.99,40.449,40.449,35.211,40.87,36.153,38.677,40.583,43.826,41.358,25.919,32.818,35.096,57.171,72.565,55.673,18.45,7.1331,21.857,22.995,23.693,22.75,23.032,22.018,22.906,23.106,22.755,22.381,2.3698,4.1009,7.0254,1.9023,13.686,7.253,2.8947,3.6746,1.8469,4.318,12.955,11.241,17.404,11.428,9.4402,9.366,11.066,15.518,1.8561,2.1593,5.9143,2.5324,7.1316,14.607,24.768,26.8,23.387,18.72,60.845,39.008,86.062,93.163,80.01,80.314,96.984,62.611,92.32,97.8,140.92,104.34,52.785,85.817,51.639,58.096,27.265,26.141,28.492,46.289,45.025,45.257,44.795,45.19,44.122,44.913,44.737,47.355,48.428,44.716,44.62,41.178,41.345,35.935,41.047,41.444,40.678,35.143,34.73,19.9,34.323,33.642,35.772,24.649,23.863,27.784,14.967,21.84,20.949,20.28,22.192,23.587,25.326,24.142,23.47,6.0477,9.588,11.788,8.9542,33.293,17.361,9.7766,9.3425,18.498,28.16,30.48,44.704,47.178,46.354,47.403,45.624,47.361,44.206,39.676,51.84,58.906,58.083,72.944,62.999,60.026,24.9,25.031,17.745,19.242,18.81,18.458,19.34,16.581,32.638,37.193,32.418,34.652,47.106,20.23,17.334
10.495,21.643,3.8604,0,0.010232,0.039206,0.60791,20.618,12.647,30.916,2.8645,13.531,1.6581,20.973,36.776,52.739,165.47,200.56,65.038,37.637,38.345,69.877,44.116,18.604,33.823,29.373,38.225,30.011,42.529,41.793,16.021,18.734,12.088,14.465,10.149,10.288,13.263,20.89,14.682,12.27,19.174,11.767,6.1147,6.1488,6.5964,0.061973,0.29855,1.1475,0.94837,0.098864,0.026201,0.0067634,0.0034111,0.37851,0.39303,1.4574,0.76191,8.2513,15.4,2.4927,0.57443,4.1367,6.1696,1.5132,11.35,15.791,4.3494,3.4096,11.082,12.562,5.2832,2.914,15.743,10.499,34.883,91.061,42.263,65.671,78.829,62.929,57.53,71.239,118.08,118.66,48.791,38.713,33.448,34.532,28.363,35.128,36.316,39.79,32.297,18.647,18.721,19.159,19.273,24.358,19.289,19.484,34.603,39.86,34.57,34.927,20.564,20.423,20.012,20.209,31.258,20.337,17.128,18.839,36.302,23.534,27.683,21.778,24.618,20.805,41.269,54.315,40.013,6.5591,10.93,10.379,10.638,11.074,10.374,10.78,9.8304,10.61,10.78,10.898,10.455,11.812,14.899,1.0348,0.92299,4.0415,0.59448,0.16079,0.01174,6.2357,3.7938,3.7552,16.672,4.8782,16.634,11.074,16.225,13.55,13.48,1.7123,0.40595,0.37946,0.41591,4.0444,6.3901,17.678,23.608,18.88,9.7327,46.993,32.665,73.214,76.928,54.032,67.244,67.006,39.025,74.436,80.232,106.27,84.105,37.227,70.143,39.19,43.084,17.551,16.705,18.84,35.79,34.241,34.97,34.106,34.556,33.821,35.011,34.618,35.309,36.956,33.827,33.681,20.653,20.657,33.306,20.449,20.728,20.179,32.721,32.16,19.993,31.185,29.554,33.037,19.254,18.3,12.789,5.2817,9.6011,8.9535,8.426,9.7368,11.088,12.51,11.366,10.917,9.9896,11.264,3.2165,1.0891,30.233,4.8656,2.1797,1.6828,5.4999,18.279,19.827,33.059,35.287,34.362,35.635,34.874,36.176,33.321,29.366,37.006,43.93,45.524,60.844,44.502,43.689,19.963,19.499,5.1029,5.9355,5.6603,5.4407,21.666,19.434,24.683,27.249,25.563,27.811,34.703,6.5147,18.469
10.914,22.499,4.1919,0.010232,0,0.080187,0.54608,20.59,12.711,31.779,2.5368,14.281,1.8148,21.066,36.346,52.937,165.96,199.88,64.86,37.926,38.449,69.945,44.201,18.869,34.062,30.039,38.802,30.761,42.856,41.951,16.531,19.215,12.408,14.312,10.27,10.252,13.537,21.567,15.213,12.855,19.989,12.336,6.4435,6.3543,6.8114,0.11842,0.41525,1.2558,0.88143,0.10914,0.0043075,0.0017187,0.017586,0.50865,0.29701,1.3419,0.60802,8.7338,16.184,2.2977,0.68355,3.845,5.7558,1.6,11.292,16.604,3.9481,3.1502,11.626,13.287,5.0878,3.0417,15.943,10.022,34.554,90.691,42.481,65.649,79.126,63.262,57.57,71.674,118.46,118.56,48.92,38.8,33.574,34.636,28.411,35.526,36.39,39.584,32.363,18.888,18.974,19.413,19.534,24.838,19.409,19.53,35.04,40.358,34.936,35.295,20.056,19.921,19.51,19.738,31.931,19.836,16.686,18.366,37.013,23.154,27.837,22.332,25.024,20.823,41.451,54.489,40.196,6.4192,11.577,10.379,10.586,11.014,10.314,10.739,9.7696,10.561,10.733,10.886,10.428,12.446,15.637,0.85387,0.97911,3.6479,0.45306,0.18448,0.018758,6.7503,4.1518,3.3787,17.465,4.513,17.422,11.672,16.328,13.43,13.132,1.7694,0.54486,0.26702,0.55446,4.3253,6.4898,18.046,24.225,19.381,9.8673,47.346,33.248,73.833,77.399,53.686,67.808,66.499,38.658,74.799,80.656,105.8,84.407,37.385,70.593,39.542,43.336,17.784,16.94,19.096,36.208,34.628,35.39,34.497,34.955,34.228,35.451,35.043,35.642,37.336,34.204,34.054,20.165,20.149,34.054,19.944,20.219,19.676,33.471,32.899,20.686,31.89,30.203,33.778,19.721,18.746,12.596,5.2589,9.5306,8.8827,8.3504,9.6546,11.037,12.47,11.302,10.858,10.617,11.867,2.8717,0.9595,30.931,4.5396,1.8999,1.6381,5.0936,18.514,20.044,33.389,35.627,34.688,35.986,35.269,36.563,33.693,29.724,37.204,44.192,45.932,61.407,44.562,43.871,20.46,19.963,4.7085,5.5055,5.2521,5.0576,22.456,20.208,25.102,27.601,26.044,28.319,35.011,6.1714,19.177
10.562,20.933,3.7107,0.039206,0.080187,0,0.93142,21.867,13.506,30.593,3.4808,12.556,1.207,19.731,36.039,50.669,161.58,198.15,63.328,35.74,36.678,67.709,42.36,17.214,32.071,27.324,36.015,27.903,40.485,39.979,14.509,17.14,10.87,13.805,9.2249,9.5858,13.768,20.73,14.658,11.965,18.469,11.483,6.1588,6.4744,6.927,0.056863,0.21505,1.2817,1.331,0.21781,0.10572,0.060656,0.050666,0.1957,0.67878,1.9482,0.96598,8.0057,14.054,2.5333,0.31804,4.2788,6.5076,1.7343,12.344,14.578,5.1239,4.1784,9.8036,11.454,5.1081,2.3692,14.518,10.72,33.995,89.295,40.361,63.702,76.213,60.511,55.599,68.566,114.83,116.11,46.885,37.061,31.852,32.945,26.996,33.16,34.731,38.576,30.814,17.283,17.34,17.765,17.867,22.585,18.058,18.35,32.606,37.686,32.651,32.996,20.431,20.283,19.885,20.002,29.152,20.197,16.964,18.686,34.038,23.031,26.184,20.031,22.905,19.675,39.434,52.249,38.202,6.2018,9.7562,9.6161,9.9474,10.378,9.7063,10.067,9.1857,9.9144,10.075,10.135,9.7319,11.297,14.198,1.4569,1.1302,4.7482,0.81578,0.28014,0.08298,5.5535,3.078,4.4559,15.205,5.1776,15.159,9.8185,17.14,14.705,14.874,2.008,0.26139,0.63054,0.23268,3.2958,5.6632,16.213,21.766,17.267,8.8088,44.831,30.582,70.306,74.125,52.796,64.49,65.849,38.119,71.801,77.438,104.49,81.407,35.506,67.468,37.186,41.123,16.229,15.408,17.453,33.787,32.306,32.984,32.171,32.602,31.874,33.003,32.635,33.411,34.967,31.912,31.774,20.472,20.523,31.102,20.314,20.593,20.049,30.532,29.993,18.261,29.062,27.51,30.844,17.651,16.746,12.263,4.7888,8.9816,8.3617,7.8653,9.1314,10.378,11.73,10.665,10.226,8.8932,9.9975,3.8834,1.14,28.142,5.042,2.7443,1.4827,5.88,16.932,18.456,31.215,33.38,32.493,33.709,32.915,34.198,31.424,27.579,35.238,41.938,43.327,58.199,42.773,41.807,18.316,17.891,5.484,6.3581,6.0299,5.7439,19.871,17.748,22.956,25.522,23.756,25.918,32.848,6.6129,16.809
9.0335,22.385,3.9942,0.60791,0.54608,0.93142,0,14.797,8.5235,29.499,1.9033,16.209,4.2589,28.198,43.689,63.998,185.3,217.79,76.092,47.519,47.846,82.277,54.187,25.831,43.15,38.314,48.474,38.88,53.034,51.832,22.757,26.062,18.117,19.657,15.501,15.17,10.085,19.457,13.191,12.064,20.075,11.522,5.2006,4.2758,4.6512,0.69532,1.0777,0.77599,0.041628,0.27077,0.5645,0.60606,0.54883,1.6373,0.15196,0.18693,1.2386,8.2002,19.947,4.0559,2.334,5.5982,7.1332,0.76738,7.0662,19.478,2.8684,1.2955,16.385,16.086,8.0269,6.1623,22.367,12.399,42.152,103.31,52.507,77.404,92.604,75.453,68.764,84.681,134.86,133.97,59.472,48.206,42.446,43.595,36.485,44.881,45.497,48.261,40.973,25.844,25.951,26.461,26.605,32.661,26.328,26.336,44.331,50.28,44.213,44.617,24.539,24.418,23.933,24.416,40.485,24.325,20.972,22.769,46.217,28.941,36.028,29.591,32.944,27.768,51.315,65.66,49.923,10.038,15.182,15.419,15.53,16.027,15.176,15.746,14.51,15.51,15.725,16.002,15.408,12.517,16.135,0.44741,0.39753,2.8953,0.91859,0.26757,0.45965,8.4204,6.8975,2.5624,21.838,5.8252,21.866,15.996,11.608,8.6718,8.3653,0.69879,1.4146,0.40485,1.6376,7.6881,10.765,24.837,31.656,26.217,15.021,58.022,42.176,87.076,90.907,63.282,80.524,76.579,46.574,88.007,94.392,119.1,98.304,46.758,83.519,49.363,53.495,24.551,23.561,26.093,45.647,43.871,44.728,43.723,44.239,43.421,44.793,44.337,44.993,46.908,43.392,43.223,24.801,24.646,42.716,24.424,24.722,24.119,42.034,41.411,27.069,40.347,38.551,42.42,26.689,25.569,17.442,8.953,14.187,13.389,12.715,14.301,16.08,17.836,16.363,15.84,13.907,16.225,2.0588,2.2892,39.257,6.3009,1.2771,3.8565,6.1987,25.405,27.174,42.461,44.98,43.919,45.387,44.592,46.044,42.817,38.327,46.614,54.455,56.485,73.533,54.534,53.995,27.508,26.981,5.741,6.5129,6.4252,6.4509,28.642,25.891,33.026,35.911,34.055,36.641,44.271,8.4582,25.095
8.9242,25.268,14.585,20.618,20.59,21.867,14.797,0,1.1877,20.255,20.365,32.041,32.216,83.136,107.93,139.07,301.71,344.56,157.98,113.02,115.17,166.41,125.05,77.139,106.64,90.633,109.94,89.014,121.19,120.97,66.155,73.358,61.616,68.506,59.451,59.847,3.533,14.054,10.55,15.403,24.698,14.988,10.039,6.4107,6.1841,19.87,19.785,13.285,13.291,17.864,20.869,20.892,20.13,22.719,17.705,12.447,23.993,14.573,45.421,33.7,26.635,36.723,38.081,11.657,1.4266,39.572,20.005,11.925,51.129,37.144,44.22,38.319,71.698,49.871,106.25,195.86,121.52,159.74,179.52,154.66,147.01,166.84,236.54,237.78,132.79,115.83,106.5,108.48,97.346,107.36,111.66,116.41,104.53,77.494,77.515,78.43,78.583,85.368,79.661,80.189,105.84,114.35,106.77,107.38,74.163,74.031,73.129,74.539,94.249,73.874,68.483,71.413,102.99,83.798,95.877,78.02,87.354,82.824,119.99,141.71,117.83,49.134,41.92,60.206,60.6,61.591,59.914,61.001,58.584,60.553,60.972,61.41,60.292,19.869,24.23,17.877,13.157,21.725,22.563,17.217,19.652,26.504,33.385,20.773,50.541,35.654,51.051,47.474,0.70829,1.0376,4.237,10.734,20.925,19.781,22.336,38.798,49.76,73.598,80.068,73.142,58.338,128.53,99.393,167.66,175.27,138.72,159.05,157.2,113.03,172.39,180.77,216.98,187.45,113.09,164.98,115.15,122.72,75.263,73.437,77.735,108.29,105.9,106.77,105.61,106.33,104.86,106.55,106.06,108.48,110.88,105.28,105.06,74.973,74.353,95.897,73.992,74.479,73.454,94.637,93.911,68.47,93.058,91.547,95.599,74.869,73.263,64.165,46.638,57.948,56.325,54.938,58.188,61.68,65.048,62.255,61.224,39.195,47.809,19.791,28.538,91.352,38.007,19.05,33.706,35.52,76.778,80.163,104.45,108.35,106.85,108.86,106.94,109.4,104.42,97.28,112.53,124.09,125.46,148.8,125.7,124.11,75.665,75.477,34.477,35.663,36.154,37.008,67.461,62.163,87.261,93.339,87.794,91.69,107.65,43.345,63.711
4.1242,17.553,7.4604,12.647,12.711,13.506,8.5235,1.1877,0,15.626,14.455,21.506,21.476,65.76,90.726,115.99,266.54,312.48,134.99,91.959,94.551,141.63,103.61,59.852,86.336,71.11,88.504,69.638,99.25,99.611,49.698,56.04,46.069,53.903,44.764,45.749,1.1066,9.3494,5.8515,8.8985,16.733,8.5307,4.4096,2.0849,1.9665,11.886,11.626,6.7637,7.4414,10.515,12.98,12.925,12.25,13.881,10.889,7.0913,16.122,7.7927,32.234,24.256,17.072,27.373,29.377,5.6588,0.40378,27.628,14.798,7.6978,36.736,25.387,33.09,26.64,55.237,39.796,88.584,171.06,99.9,135.87,152.9,129.85,123.89,140.77,205.67,208.76,110.5,95.21,86.611,88.489,78.666,86.532,91.48,97.097,85.065,60.236,60.218,61.029,61.143,66.658,62.565,63.321,85.072,92.63,86.086,86.63,61.109,60.952,60.156,61.174,74.321,60.807,55.652,58.443,82.099,68.768,76.934,60.048,68.571,65.782,98.633,118.49,96.667,36.984,29.082,45.901,46.479,47.379,45.917,46.78,44.761,46.422,46.778,47.007,46.097,12.089,15.748,11.511,6.8285,16.044,14.917,9.9678,11.907,16.548,22.034,15.168,36.477,26.999,36.889,33.653,0.24524,0.83018,4.2473,5.1022,12.45,12.577,13.556,26.635,36.457,56.462,61.795,55.823,43.749,105.86,79.013,141.09,148.45,118.22,133.28,136.16,94.944,146.1,153.66,191.32,160.23,92.452,139.01,93.702,100.88,58.283,56.664,60.405,87.326,85.25,85.954,84.979,85.606,84.263,85.711,85.303,87.715,89.758,84.71,84.529,61.682,61.28,75.749,60.94,61.398,60.453,74.627,73.985,51.624,73.241,71.936,75.485,57.391,56.012,50.31,34.275,44.254,42.845,41.665,44.519,47.416,50.314,47.978,47.055,26.825,33.937,14.153,19.647,71.729,28.676,13.082,23.47,27.198,59.618,62.679,84.088,87.58,86.268,88.014,86.163,88.405,83.953,77.566,91.808,102.09,102.91,123.87,104.3,102.38,58.047,57.931,26.248,27.502,27.737,28.254,50.809,46.245,68.461,74.049,68.814,72.241,87.04,33.28,47.517
6.0093,2.4854,12.997,30.916,31.779,30.593,29.499,20.255,15.626,0,45.883,10.799,34.19,81.532,127.06,128.07,268.06,359.94,161.9,100.27,110.16,158.95,119.99,68.827,96.563,64.43,85.527,59.618,106.13,113.09,48.93,56.492,52.727,79.106,59.187,66.343,8.522,1.0554,3.3109,4.3769,3.2745,4.645,9.9289,12.367,11.864,28.334,25.712,21.049,28.585,28.733,32.509,31.796,30.356,27.491,33.256,30.11,40.854,7.3474,20.403,50.734,31.567,57.655,64.422,20.751,20.842,14.548,49.071,36.304,34.47,15.779,59.715,40.57,66.688,77.438,121,205.62,111.06,156.67,161.34,136.72,142.16,143.75,210.89,233.07,125.22,111.45,101.26,104.04,96.323,90.504,108.19,124.78,102.08,70.152,69.646,70.47,70.292,67.237,77.241,80.882,87.497,92.776,91.345,91.783,100.2,99.832,99.014,98.83,67.421,99.645,92.152,96.178,73.777,102.99,90.413,57.647,72.088,84.451,111.19,131.52,109.18,61.504,22.627,65.077,67.699,68.9,67.435,67.591,66.296,67.506,67.785,66.687,66.35,5.7335,5.3511,37.192,23.158,50.053,39.139,27.649,30.285,15.088,26.862,48.5,24.346,60.125,24.975,29.185,14.261,23.62,36.005,21.338,25.685,35.622,26.83,34.564,51.621,61.38,56.968,55.492,57.639,111.77,75.649,136.84,150.05,151.55,131.15,175.86,128.9,151.91,157.17,230,168.5,105.89,141.35,99.563,110.73,68.47,66.766,69.733,90.55,89.663,89.081,89.255,89.589,87.88,88.063,88.237,94.277,94.482,89.505,89.485,100.03,100.4,65.887,99.933,100.55,99.368,64.67,64.484,43.642,65.04,65.96,65.898,58.397,57.813,77.059,54.195,66.156,64.743,63.737,66.882,68.601,71.098,69.654,68.542,21.09,29.279,46.232,43.502,63.792,60.31,42.628,44.087,61.918,69.739,73.563,90.747,93.83,93.105,93.868,90.255,92.853,88.947,83.079,103.69,111.55,106.66,121.7,121.64,114.97,57.892,59.051,60.494,63.143,62.54,62.093,39.036,35.037,71.482,79.769,69.384,71.79,94.596,65.653,38.954
18.732,37.34,11.396,2.8645,2.5368,3.4808,1.9033,20.365,14.455,45.883,0,28.404,7.5229,27.689,35.475,62.634,183.16,199.51,69.162,48.372,46.12,78.263,51.841,27.925,43.583,45.443,53.448,47.329,54.086,50.616,28.86,31.365,21.773,16.677,16.562,14.131,18.63,33.04,24.602,23.511,34.324,22.748,13.199,10.989,11.552,3.6354,4.8408,5.1099,2.0487,2.7922,2.3773,2.6368,2.9029,5.3131,1.3158,1.6801,1.0924,17.999,31.522,2.6293,5.3884,2.7712,2.7611,5.0028,11.244,32.015,0.16755,1.1225,23.869,27.384,5.8799,8.5961,23.851,6.5052,35.242,92.774,52.067,72.431,91.218,75.374,65.04,85.576,133.02,125.64,57.421,46.24,41.371,42.138,34.749,47.471,43.529,42.488,39.17,27.594,27.87,28.335,28.574,37.367,26.343,25.351,47.527,53.961,46.372,46.79,16.921,16.871,16.436,17.219,47.538,16.798,14.422,15.697,53.427,22.383,35.767,35.715,36.511,26.296,50.452,63.883,49.153,8.2838,24.863,14.835,14.246,14.593,13.828,14.577,13.224,14.273,14.492,15.189,14.46,24.155,29.022,0.53648,4.0349,0.10729,1.0534,3.0313,2.7645,17.35,12.901,0.060217,33.179,2.1979,33.087,24.538,18.434,12.282,8.6726,4.6466,5.3744,1.159,5.4629,12.199,12.092,28.524,38.577,31.815,16.323,59.151,47.713,90.506,92.028,54.906,83.47,65.58,38.916,87.742,94.682,106.66,96.743,45.846,84.694,50.993,53.462,26.308,25.432,28.037,48.466,46.361,47.639,46.273,46.864,46.233,47.988,47.344,46.63,49.098,45.773,45.554,17.371,17.012,50.8,16.845,17.071,16.59,50.209,49.446,35.746,47.934,45.378,50.414,31.719,30.388,14.173,8.8532,12.813,12.102,11.443,12.763,14.753,16.474,14.845,14.436,23.5,24.817,0.016787,2.0721,46.821,2.9703,0.062274,4.3325,2.1005,27.117,28.469,44.219,46.731,45.522,47.257,47.156,48.387,45.16,40.773,46.253,54.511,58.482,76.826,51.844,52.973,32.922,31.942,1.8581,2.1297,2.2577,2.5146,38.828,36.152,36.774,38.445,38.658,41.445,45.592,4.5586,34.248
7.273,3.0327,4.8804,13.531,14.281,12.556,16.209,32.041,21.506,10.799,28.404,0,10.716,35.056,70.582,65.063,171.43,249.73,91.592,45.707,53.289,87.773,60.069,26.123,43.491,22.537,35.553,19.916,49.492,54.926,13.908,18.064,16.832,36.747,22.089,27.979,14.614,7.8483,7.1719,3.4218,2.1892,3.5158,6.6484,10.854,10.897,11.845,9.8656,10.392,16.578,13.385,14.743,14.115,13.349,9.7002,17.502,18.735,20.477,3.41,1.6195,24.381,10.977,29.654,36.065,11.369,24.785,0.41939,32.404,25.706,6.8801,0.47073,27.842,13.436,25.383,43.322,65.06,125.54,53.243,86.632,88.766,70.785,75.825,75.75,126.24,144.61,63.408,54.268,47.236,49.221,44.668,38.945,52.178,65.933,48.234,27.062,26.679,27.162,27.006,24.248,32.23,35.128,36.915,40.28,39.58,39.857,55.719,55.38,54.915,54.079,24.338,55.25,49.719,52.662,28.316,54.628,40.053,18.57,27.356,37.569,53.507,67.596,52.149,27.415,2.2115,26.771,28.938,29.692,28.922,28.719,28.34,28.783,28.899,27.807,27.849,1.6003,1.0218,21.189,12.073,31.991,19.749,12.9,13.576,1.4164,5.4592,31.029,2.8804,32.912,3.0811,4.5748,23.307,28.99,37.478,12.553,9.2545,18.263,9.3968,8.9476,18.609,21.247,18.163,17.459,21.13,53.256,29.287,70.926,80.347,85.981,66.741,105.25,70.815,81.747,85.573,144.99,94.073,50.087,74.012,45.021,52.876,26.138,25.146,26.712,38.931,38.429,37.974,38.156,38.353,37.227,37.276,37.418,41.597,41.588,38.355,38.354,55.168,55.841,23.607,55.507,55.949,55.146,22.886,22.738,11.064,22.979,23.423,23.591,19.168,18.907,36.323,21.78,28.424,27.705,27.28,28.995,29.4,30.584,30.154,29.49,1.8161,4.5992,29.296,20.281,22.22,31.678,25.927,18.183,34.962,26.859,29.244,39.314,41.278,40.859,41.27,38.791,40.504,38.01,34.316,48.403,53.385,49.664,60.04,61.359,56.075,18.805,19.544,34.081,36.234,35.233,34.192,9.0308,7.1115,26.949,32.267,25.529,26.942,41.9,34.268,8.7777
14.615,21.618,5.6846,1.6581,1.8148,1.207,4.2589,32.216,21.476,34.19,7.5229,10.716,0,12.327,29.522,37.716,136.77,177.9,50.988,24.568,26.186,53.328,31.115,9.6543,21.694,17.087,24.09,17.688,28.436,28.71,7.3947,9.2501,4.8815,9.3686,4.3288,5.4665,20.271,24.513,18.651,14.172,18.973,13.757,9.5521,11.275,11.816,1.6002,1.5075,4.1377,5.0671,2.4263,1.8474,1.7048,1.7506,0.82744,3.5406,6.2196,2.9086,10.095,9.6555,3.0433,0.29118,5.0124,8.0234,5.1158,20.641,11.316,9.9347,9.7191,4.5961,8.4918,4.0216,0.31238,7.8307,11.025,26.908,75.507,28.762,50.304,59.768,45.726,42.82,52.449,94.236,97.941,34.775,26.595,22.019,23.046,18.42,22.063,24.698,29.752,21.473,9.7844,9.7873,10.114,10.169,13.378,10.881,11.492,21.509,25.602,21.734,22.012,17.957,17.778,17.48,17.182,18.524,17.702,14.61,16.243,22.445,18.508,17.211,11.419,13.732,12.691,28.135,39.201,27.087,4.0714,5.8788,5.25,5.8281,6.1834,5.7155,5.8384,5.3615,5.781,5.8787,5.6932,5.5088,12.228,14.319,4.8628,4.241,9.0994,2.9537,2.5648,1.9211,4.5903,1.0115,8.855,9.9617,6.6726,9.8301,5.0772,25.742,23.859,24.552,5.778,1.2235,3.1466,0.90707,0.56754,2.107,8.6534,12.782,9.3483,3.9866,32.05,19.649,53.456,57.25,43.045,48.477,55.804,30.687,55.574,60.36,90.021,64.384,24.925,51.426,25.564,29.268,9.0045,8.3774,9.8651,22.533,21.388,21.863,21.266,21.603,20.978,21.832,21.563,22.467,23.618,21.089,20.987,17.748,18.032,20.158,17.838,18.096,17.619,19.716,19.273,10.522,18.493,17.215,19.943,9.6293,8.9669,8.592,2.2942,5.2919,4.8755,4.5822,5.4819,6.1226,7.0132,6.4136,6.071,5.4858,5.2005,8.2066,2.0825,17.765,5.8417,6.6646,1.033,7.7474,9.5338,10.777,20.657,22.415,21.728,22.657,21.869,22.957,20.701,17.592,24.517,29.921,30.589,42.986,31.6,30.157,10.119,9.8081,7.4229,8.4107,7.8095,7.1693,12.183,10.776,13.749,15.945,14.292,15.972,22.085,6.7405,9.6682
52.912,57.913,34.101,20.973,21.066,19.731,28.198,83.136,65.76,81.532,27.689,35.056,12.327,0,7.8649,7.2465,69.17,98.935,13.691,2.9504,2.607,14.4,4.2869,0.91436,1.8314,8.0911,6.6224,10.82,4.4746,3.5717,6.2573,4.5181,3.3376,2.1766,2.0466,2.2617,64.19,68.054,59.437,49.606,53.619,49.049,43.198,47.176,48.282,21.752,22.184,30.44,30.406,23.94,20.842,20.744,21.463,19.366,24.916,32.378,19.456,42.599,25.279,13.254,15.866,13.716,16.686,32.856,63.179,31.883,31.185,37.123,11.389,28.035,8.2736,8.7706,0.78292,13.648,5.5538,28.198,3.8363,12.856,18.688,11.713,9.197,15.919,39.869,40.825,5.7867,2.7194,1.4518,1.6846,0.62901,3.3844,2.1289,4.9119,1.2617,0.69422,0.79501,0.75432,0.81262,3.7218,0.059358,0.075414,3.7747,5.6328,2.9259,3.0217,9.4723,9.3125,9.3945,8.3039,8.2245,9.2955,8.1562,8.7065,9.4725,5.473,0.51673,5.7785,2.4035,0.13433,3.4584,7.8003,3.1106,5.7735,20.126,2.0056,2.2397,2.1327,2.4167,2.0995,2.6651,2.2231,2.1383,1.8632,2.1305,44.092,45.678,26.21,30.229,28.821,20.531,24.688,21.976,26.493,15.008,29.168,22.663,16.434,22.084,14.932,73.334,68.111,65.238,34.247,21.206,22.836,19.808,10.232,4.2973,2.4006,7.2591,4.9864,2.3024,5.9899,6.0599,18.663,18.776,11.337,15.465,19.114,7.1243,16.904,19.977,37.683,21.28,2.343,15.562,3.796,4.2018,0.75507,0.89156,0.80721,3.7358,3.0928,3.6108,3.1076,3.2742,3.2539,3.8719,3.6089,2.7636,3.5503,2.912,2.842,8.797,9.4706,10.513,9.4087,9.4873,9.4041,10.601,10.232,11.506,9.2045,7.5735,10.289,4.0699,3.8153,3.267,5.4741,2.8647,3.1989,3.546,2.9202,2.0546,1.4963,2.0586,2.1862,21.021,14.966,29.008,15.491,9.0259,13.96,27.536,11.305,17.902,0.68683,0.42838,2.3093,2.8279,2.5138,2.991,3.3015,3.4588,2.7689,2.0495,2.3752,4.4992,6.0135,12.939,4.4544,4.1697,4.6303,3.9567,18.13,18.682,17.59,16.238,15.674,16.559,2.6013,1.7797,3.6985,4.2311,2.4353,11.936,13.208
84.717,99.773,60.642,36.776,36.346,36.039,43.689,107.93,90.726,127.06,35.475,70.582,29.522,7.8649,0,11.981,69.389,66.859,7.0536,12.711,7.194,13.299,7.4075,14.129,10.918,31.07,24.728,36.538,14.433,9.0258,27.881,24.295,20.171,5.6559,13.778,9.8367,94.208,107.83,94.771,84.577,93.972,83.578,71.321,72.983,74.5,38.951,41.025,50.846,46.212,40.436,35.756,36.085,37.487,37.865,38.762,47.251,30.364,74.128,58.894,21.161,32.917,18.779,18.743,53.187,84.596,67.768,37.509,48.858,36.337,61.43,14.298,24.039,12.95,12.258,0.2464,13.741,10.815,10.012,22.521,18.659,9.0906,24.553,41.739,29.869,9.3053,6.818,7.549,6.9763,5.6675,16.758,6.3292,1.5322,5.9741,13.212,13.649,13.49,13.734,21.939,9.0653,7.0893,18.404,21.024,15.452,15.559,3.8314,3.8123,4.0219,3.4489,30.95,3.8393,4.7557,4.2045,32.289,1.5252,8.5108,27.076,18.272,6.1093,9.6355,11.657,9.5251,12.354,49.948,10.46,9.3059,8.8708,9.3822,9.377,9.8011,9.3833,9.2923,9.8242,9.8673,79.144,83.119,37.964,49.255,34.852,32.069,41.703,37.932,55.474,37.662,35.802,55.587,20.028,54.737,42.185,100.31,88.565,78.982,54.078,40.373,35.748,38.627,29.634,16.906,18.913,30.117,25.366,14.548,15.926,25.574,32.365,27.692,2.3418,28.371,4.6189,0.18471,23.11,27.123,19.124,24.609,8.5944,24.795,15.054,11.96,13.356,13.775,13.705,17.544,16.305,17.644,16.447,16.746,17.137,18.48,17.853,14.202,16.034,15.919,15.758,3.4833,3.7925,35.298,3.8477,3.7721,3.9569,35.604,34.97,38.302,33.052,29.916,34.897,23.25,22.618,6.3356,15.39,9.8505,10.413,10.843,9.5757,8.9986,8.2565,8.6072,8.995,50.776,42.311,36.576,26.007,32.872,17.997,36.717,22.914,20.612,13.15,11.96,14.094,14.496,13.926,14.885,16.634,16.287,15.725,15.397,9.7335,12.403,17.757,26.759,6.88,9.9324,24.561,22.978,21.303,20.848,20.135,19.175,45.607,46.824,18.836,15.411,21.64,22.47,13.264,14.63,41.136
95.946,96.164,70.332,52.739,52.937,50.669,63.998,139.07,115.99,128.07,62.634,65.063,37.716,7.2465,11.981,0,31.683,61.656,4.1103,1.7044,1.2737,1.7354,0.6357,9.5783,2.2863,13.548,6.3555,17.25,1.1714,0.64544,18.822,14.586,17.022,15.14,16.665,17.367,112.56,113.11,103.51,89.231,90.927,88.689,83.398,90.006,91.466,53.804,54.179,66.748,67.302,57.367,52.608,52.417,53.5,49.646,59.036,70.257,50.363,80.783,48.449,39.684,44.065,39.733,43.589,70.412,113.01,58.568,67.501,77.024,29.689,54.61,30.204,31.454,11.209,36.462,9.1453,12.486,0.6241,1.9871,2.6806,0.77188,0.7469,2.3171,13.146,15.688,0.17378,1.2836,2.2213,2.0243,4.0873,3.5347,1.7748,4.944,2.7586,9.2733,9.3545,9.0368,9.042,10.074,8.2389,8.3582,4.3452,4.0669,3.226,3.1629,24.126,23.94,24.306,22.383,12.648,23.96,23.854,23.819,11.592,15.733,4.0049,14.607,8.0506,7.7642,0.70341,0.028887,0.8797,25.362,43.284,16.808,17.174,16.774,17.628,16.841,18.337,17.154,16.916,16.317,17.038,80.653,81.078,60.946,66.691,63.925,52.123,58.474,54.325,56.428,40.147,64.591,43.554,43.802,42.677,35.136,125.76,119.69,115.83,72.576,52.511,55.805,50.299,32.676,22.456,12.173,15.711,15.185,17.272,0.906,8.6657,4.9882,3.4311,7.2379,3.5509,12.457,9.3341,2.2221,3.5496,18.942,3.704,1.3501,2.3434,1.9632,0.63139,10.025,10.725,9.2976,3.6519,3.6199,3.9231,3.7117,3.6928,4.0612,4.2562,4.1105,2.634,2.7901,3.6019,3.5877,22.954,24.071,14.865,24.085,24.059,24.229,15.336,15.111,24.293,14.146,12.675,14.686,13.616,13.825,17.946,25.3,18.812,19.716,20.583,18.854,16.618,14.881,16.498,16.947,45.295,35.065,64.56,43.844,14.435,39.792,62.654,36.653,45.875,9.49,8.2377,3.2287,2.7265,2.8087,2.7536,3.5598,3.078,3.6834,4.8788,1.4177,0.5818,1.6405,3.2697,0.7453,0.42568,14.007,13.303,46.432,46.921,45.295,43.217,29.638,32.371,8.2898,5.6958,9.337,8.8012,2.5382,35.69,27.825
230.37,219.12,191.07,165.47,165.96,161.58,185.3,301.71,266.54,268.06,183.16,171.43,136.77,69.17,69.389,31.683,0,34.739,32.38,45.408,45.486,22.739,40.141,73.784,49.679,69.66,51.013,75.056,40.497,41.372,90.153,80.884,91.365,89.744,93.665,95.953,258.51,250.75,239.66,216.02,212.09,215.57,212.32,224.8,226.96,166.95,166.99,188.47,190.88,173.52,165.46,165.01,166.77,158.87,177.01,196.04,161.93,204.98,140.61,142.18,149.08,141.74,147.87,194.78,263.19,157.86,191.13,207.51,112.71,154,123.44,125.04,79.282,132.56,65.101,28.83,40.541,27.022,15.951,24.343,30.533,20.033,4.0122,11.626,35.476,45.344,50.68,49.682,58.376,49.708,48.11,53.112,52.941,73.392,73.387,72.499,72.367,68.718,71.983,72.588,51.24,46.34,49.83,49.429,103.53,103.27,104.22,100.46,66.61,103.36,105.17,104.04,60.666,85.614,57.96,78.079,65.519,70.752,41.695,30.72,42.948,113.57,135.93,94.636,95.467,94.49,96.522,94.697,98.183,95.429,94.867,93.476,95.186,200.95,198.6,180.5,188.92,185.03,165.06,175.31,168.27,163.52,137.94,186.29,130.98,148.86,129.51,121.87,280.71,273.72,268.68,198.65,163.81,171.47,159.93,125.2,106.83,78.282,78.175,81.679,94.948,36.468,59.211,21.872,17.423,47.42,24.265,47.964,62.586,17.979,15.487,29.43,13.723,46.06,20.79,44.225,39.686,75.594,77.449,73.178,49.272,50.613,50.351,50.85,50.421,51.556,50.76,50.911,48.475,47.157,50.966,51.082,101.26,103.37,68.397,103.53,103.3,103.97,69.652,69.766,95.402,69.054,68.122,68.339,78.89,80.128,96.235,113.56,99.261,101.34,103.29,99.318,94.142,89.939,93.815,94.907,140.31,121.57,186.4,150.06,70.332,141.55,183.36,136.37,152.34,74.091,70.861,51.242,48.596,49.551,48.305,49.967,48.201,51.53,56.723,46.054,38.883,38.464,28.611,40.221,39.381,78.82,78.175,153.53,154.02,151.21,147.54,102.81,109.41,65.796,59.802,66.509,63.673,48.953,133.23,102.65
294.44,307.08,247.09,200.56,199.88,198.15,217.79,344.56,312.48,359.94,199.51,249.73,177.9,98.935,66.859,61.656,34.739,0,39.041,83.309,72.314,42.769,64.927,114.36,85.317,132.75,106.37,143.56,79.806,70.824,146.93,134.89,137.32,107.35,128.21,121.34,316.19,330.98,310.82,288.53,297.27,287.12,269.84,276.09,278.96,204.9,208.49,231.27,223.52,209.3,198.63,199.15,202.21,200.46,206.77,226.21,186.92,270.78,218.07,162.86,188.56,156.5,155.75,236.83,301.7,238.52,203.67,229.97,173.89,229.37,142.22,163.32,116.77,134.99,68.317,21.624,73.406,42.446,48.179,60.834,50.682,61.425,37.149,16.45,62.055,71.172,79.746,77.223,83.881,94.703,73.639,62.172,78.684,112.52,113.24,112.23,112.52,121.15,103.75,100.03,98.731,96.489,92.932,92.632,100.74,100.79,101.88,99.634,129.65,100.96,106.69,103.47,125,88.56,89.801,135.94,113.24,96.273,72.619,59.059,74.131,134.67,205.25,122.05,119.84,118.3,120.54,119.61,122.35,120,119.5,120,121.01,275.09,278.43,205.47,228.69,197.52,191.07,212.04,203.41,227.79,190.92,199.93,208.06,159.82,206.15,187.09,329.91,309.32,290.33,239.25,206.35,199.77,202.1,172.48,141.56,125.42,139.57,136.92,130.43,76.581,116.22,74.186,60.256,46.392,74.027,36.344,62.956,54.671,55.033,14.861,45.617,76.3,63.284,85.622,74.397,114.57,116.76,113.16,95.313,95.079,96.685,95.553,95.498,97.331,98.294,97.606,89.445,90.675,94.916,94.808,99.409,100.52,135.89,100.89,100.38,101.51,137.44,136.91,163.19,134.26,130.02,135.44,131.86,132.07,112.14,141.71,122.97,125.27,127.15,122.33,118.43,114.39,117.31,118.81,208.95,187.03,201.99,175.43,135.31,154.2,202.62,165.52,161.11,112.99,108.23,92.454,90.047,90.262,90.307,94.821,92.278,95.261,100.38,78.655,74.072,82.12,79.263,63.542,69.887,133.49,130.9,163.14,161.49,159.76,157.28,176.77,183.2,114.29,103.55,118.69,117,88.503,143.99,172
119.85,127.31,90.405,65.038,64.86,63.328,76.092,157.98,134.99,161.9,69.162,91.592,50.988,13.691,7.0536,4.1103,32.38,39.041,0,9.4737,5.3079,1.6059,3.5995,19.892,9.5776,30.893,20.154,36.578,9.0729,5.2974,35.225,29.644,29.974,18.447,25.937,23.641,135.2,142.79,129.97,115.41,120.98,114.55,104.63,109.58,111.34,67.113,68.673,82.394,79.629,70.175,64.265,64.382,65.96,63.884,69.934,81.916,59.125,104.47,73.562,46.256,57.246,44.25,45.94,86.009,129.45,85.338,72.98,86.428,48.522,79.582,35.394,43.32,20.775,36.304,6.0618,2.6988,6.3751,0.60766,6.0958,6.46,1.3567,9.2105,15.09,8.3802,3.4148,4.9646,7.3563,6.5757,8.4717,13.92,5.5347,3.234,6.8976,19.083,19.407,19.002,19.141,23.987,15.511,14.193,15.639,15.899,13,12.944,20.858,20.773,21.233,19.679,29.806,20.825,22.209,21.376,28.803,13.665,10.523,30.756,20.264,12.846,5.8782,3.5032,6.2285,30.942,65.66,23.715,23.08,22.442,23.463,22.899,24.298,23.129,22.885,22.868,23.429,106.87,109.02,70.337,81.341,69.187,61.343,71.658,66.737,78.231,57.358,70.29,68.157,47.265,67.083,55.641,146.23,135.45,126.74,87.816,67.236,66.024,64.768,47.526,32.38,24.873,32.984,30.679,26.918,8.7826,23.496,15.54,10.52,1.4533,13.537,2.689,5.0653,7.3573,9.3539,6.1788,6.7468,6.5874,9.6708,10.81,6.9435,19.898,20.805,19.381,14.349,13.89,14.785,14.074,14.15,14.817,15.533,15.125,11.62,12.528,13.725,13.645,19.92,20.776,33.508,20.875,20.737,21.102,34.14,33.724,44.432,32.116,29.56,33.203,28.241,28.179,20.965,33.289,24.666,25.737,26.667,24.47,22.434,20.559,22.029,22.666,67.629,55.637,70.934,52.31,32.407,43.568,70.19,45.892,48.703,19.261,17.332,12.47,11.879,11.778,12.068,13.915,13.066,13.77,15.258,7.4542,6.9972,10.825,13.927,3.207,5.2962,29.172,27.812,49.596,49.358,48.003,46.204,52.046,55.03,20.768,16.285,23.047,22.72,11.086,38.485,48.791
72.816,72.267,50.959,37.637,37.926,35.74,47.519,113.02,91.959,100.27,48.372,45.707,24.568,2.9504,12.711,1.7044,45.408,83.309,9.4737,0,0.88284,6.8387,1.4438,3.4454,0.13586,6.1516,2.2303,8.8244,0.15968,0.61394,9.1992,6.3211,8.1828,9.8694,8.7531,10.309,87.949,87.276,79.13,66.545,67.743,66.108,62.202,68.436,69.666,38.253,38.241,48.868,50.35,41.495,37.726,37.462,38.245,34.412,43.57,53.182,36.783,59.47,32.032,28.462,29.939,29.364,33.646,52.1,90.001,40.321,53.107,59.997,17.175,37.019,21.071,19.758,4.7005,28.847,9.4309,21.998,0.31795,6.8756,7.7666,3.2602,4.0847,5.3461,22.582,27.73,1.5905,1.0507,0.69819,0.85568,1.8572,0.43156,1.1268,6.035,1.3164,3.3437,3.3487,3.1602,3.1386,3.5347,3.3237,3.8993,0.77943,1.0826,0.27888,0.27025,20.507,20.295,20.527,18.776,5.6873,20.291,19.303,19.752,5.4392,13.278,1.0316,6.4121,2.3478,3.7982,0.43102,2.1399,0.35958,16.935,27.811,9.6417,10.304,10.091,10.684,9.9882,11.184,10.263,10.081,9.3991,10.012,59.052,59.304,45.776,49.097,50.041,38.14,42.342,38.974,38.72,25.736,50.442,28.129,33.311,27.427,21.364,100.44,96.294,94.454,54.109,36.741,40.985,34.909,20.042,13.051,4.8235,7.265,6.7237,9.1064,0.54167,3.1557,6.7876,7.0183,11.21,4.9129,18.714,10.522,6.2421,7.9663,30.562,9.4807,0.4241,5.086,0.099445,0.26115,3.8257,4.2527,3.3059,0.52545,0.42114,0.59828,0.45369,0.4687,0.59502,0.76288,0.66523,0.11151,0.23582,0.39506,0.38347,19.432,20.48,7.4196,20.438,20.487,20.5,7.6986,7.4871,13.308,6.7206,5.5646,7.2681,5.6872,5.8221,12.159,15.961,11.597,12.239,12.898,11.726,9.9122,8.6461,9.9351,10.203,29.436,21.309,50.133,31.282,6.8414,29.745,47.984,24.903,35.385,3.4933,2.8301,0.24219,0.13676,0.13965,0.15698,0.42814,0.30151,0.40834,0.81636,0.20465,0.30061,0.57205,3.5958,1.7465,0.61254,5.953,5.4856,35.708,36.47,34.942,33.029,17.452,19.436,2.4814,1.1715,3.1235,2.8993,0.082826,26.724,15.9
78.239,81.457,55.041,38.345,38.449,36.678,47.846,115.17,94.551,110.16,46.12,53.289,26.186,2.607,7.194,1.2737,45.486,72.314,5.3079,0.88284,0,4.7782,0.21634,4.8378,0.67222,11.105,5.9041,14.65,1.25,0.13628,13.206,9.8651,10.473,7.6358,9.2327,9.3327,92.397,95.292,85.691,73.284,76.482,72.694,66.556,71.819,73.166,39.42,39.975,50.844,50.711,42.328,38.13,38.019,39.011,36.144,43.448,53.156,35.874,65.127,39.424,26.829,31.317,26.786,29.978,53.966,91.405,48.251,50.261,58.76,21.93,44.105,19.099,20.901,5.6142,24.277,4.8253,15.571,0.38174,4.0958,7.6227,3.838,2.0783,6.6829,22.494,23.142,0.63259,0.0075856,0.18958,0.10047,0.80337,2.4568,0.04496,2.3314,0.28417,4.5031,4.6245,4.4143,4.4598,6.7972,3.3076,3.1941,3.2061,3.9152,2.0037,2.0098,15.035,14.873,15.13,13.612,10.625,14.881,14.527,14.639,10.564,8.6846,0.98782,10.561,4.8537,2.7816,0.18929,1.4445,0.16352,15.313,33.905,8.9867,9.1649,8.8593,9.4909,8.9344,10.019,9.1557,8.9824,8.5988,9.104,66.027,67.175,44.896,50.59,47.177,37.4,43.329,39.696,44.066,29.241,47.763,35.44,30.137,34.665,26.779,103.57,97.249,93.178,55.751,38.633,40.622,36.737,22.617,13.59,7.2697,11.974,10.465,9.7384,1.7454,7.1169,9.8647,8.5702,5.8639,7.5978,11.659,5.4516,6.8209,8.9853,22.936,9.2705,0.088051,6.6016,1.5348,0.61628,4.9666,5.4521,4.6013,2.7155,2.3653,2.8382,2.4361,2.5092,2.75,3.1948,2.9645,1.4929,2.0181,2.2582,2.2114,14.107,14.999,13.067,14.992,14.996,15.083,13.395,13.082,19.071,12.007,10.325,12.852,9.0622,9.0365,9.6681,15.465,10.362,11.043,11.695,10.378,8.7562,7.5073,8.6522,8.9878,35.432,26.762,47.765,30.412,12.095,26.828,46.197,24.612,31.868,4.6186,3.704,1.6709,1.595,1.4832,1.7018,2.4317,2.1761,2.2385,2.6506,0.24522,0.72914,2.3464,6.4412,0.28498,0.29609,9.5966,8.8197,32.328,32.748,31.387,29.657,24.209,26.181,5.1098,3.0288,6.3399,6.29,1.2399,23.488,21.926
121.5,123.37,92.167,69.877,69.945,67.709,82.277,166.41,141.63,158.95,78.263,87.773,53.328,14.4,13.299,1.7354,22.739,42.769,1.6059,6.8387,4.7782,0,2.9744,18.824,7.7337,24.835,14.376,29.685,5.7356,3.9297,31.871,26.297,28.931,22.688,27.278,26.842,139.2,141.76,130.48,114.72,117.37,114.05,106.94,113.64,115.33,71.462,72.329,86.706,86.015,75.229,69.47,69.382,70.789,67.163,76.289,88.983,65.721,104.76,68.467,52.737,60.494,51.778,54.974,90.729,137.43,80.369,83.098,95.397,45.529,75.605,41.293,45.638,20.671,45.524,11.095,5.6761,4.293,0.26211,1.4481,2.0587,0.61292,3.3106,8.0172,7.0707,2.0337,4.6052,6.839,6.2605,9.2021,10.217,5.4599,6.3988,7.1704,18.277,18.457,18.017,18.063,20.16,16.032,15.566,11.546,10.848,9.6918,9.5835,29.368,29.217,29.71,27.691,23.54,29.261,30.11,29.554,21.805,20.151,10.045,26.408,17.193,14.449,4.2643,1.3313,4.6749,35.905,62.124,26.462,26.439,25.847,26.947,26.112,27.85,26.448,26.16,25.712,26.503,105.23,106.04,77.74,86.269,79.059,67.886,76.607,71.689,77.087,57.374,80.01,62.659,55.806,61.607,52.273,152.7,144.35,138.11,92.975,70.549,72.416,67.98,48.068,34.428,22.781,27.88,27.123,28.153,4.917,18.005,7.5298,3.9774,5.685,6.3861,8.415,10.354,2.1318,3.2146,9.9321,1.8336,5.4747,3.64,7.3813,4.432,19.266,20.227,18.392,10.397,10.368,10.86,10.523,10.488,11.103,11.393,11.17,8.6307,8.9174,10.336,10.311,28.144,29.284,26.372,29.358,29.252,29.583,27.03,26.766,39.013,25.545,23.656,26.153,24.982,25.215,25.894,36.949,28.363,29.512,30.565,28.299,25.731,23.576,25.451,26.078,64.457,52.199,80.308,58.296,25.977,51.463,78.769,50.521,57.792,18.546,16.7,9.6547,8.8032,8.9276,8.8586,10.262,9.4285,10.471,12.375,5.8961,4.321,6.4297,7.0772,2.8509,3.5546,25.553,24.558,58.593,58.751,57.078,54.899,45.69,49.094,17.558,13.614,19.119,18.348,8.4176,46.306,43.457
