0,13.879,39.222,152.51,137.84,75.274,47.21,41.47,27.734,14.711,6.6137,6.8777,21.495,24.102,52.107,69.554,45.226,43.97,46.566,59.322,82.949,23.659,30.59,26.657,24.717,16.721,25.812,10.661,4.4427,9.7706,22.391,18.223,17.54,19.042,4.0966,11.876,9.5838,8.4935,13.63,3.3496,1.1888,0.27406,0.54215,4.1639,2.5818,6.5323,5.0824,0.19479,3.8476,15.529,25.151,41.998,35.73,15.863,25.543,1.6141,8.5975,11.682,12.586,0.57623,1.1536,1.3536,11.834,18.777,23.559,29.376,28.881,12.691,99.717,94.283,79.406,83.083,76.48,53.408,31.93,36.51,31.759,12.302,5.93,5.4989,6.7847,5.6399,7.5553,7.4031,5.744,19.967,25.091,22.769,20.026,24.142,14.811,26.726,10.638,73.203,44.831,57.377,71.065,68.426,61.87,76.623,65.245,42.323,64.204,70.387,74.036,65.531,50.561,75.684,67.713,78.105,4.5836,21.024,30.226,30.157,27.388,24.759,22.356,24.698,24.13,22.571,22.508,23.333,24.436,8.5317,30.545,28.676,2.5934,28.601,7.2558,16.28,8.082,23.961,6.9467,24.055,7.7315,9.0092,8.479,9.2596,9.5732,9.2116,8.9406,16.063,17.894,15.326,4.0502,0.37939,3.7706,4.9381,5.2232,5.4321,6.3126,32.106,39.35,36.488,27.121,11.338,26.383,8.638,9.6909,21.467,23.046,8.5511,37.267,13.646,70.528,64.249,36.252,41.045,70.838,35.296,18.103,17.13,6.4242,5.0971,4.4985,7.9501,5.1628,6.423,11.302,4.1251,5.4455,8.1165,14.159,11.996,9.362,58.438,44.598,57.485,59.921,71.222,76.372,62.917,68.868,35.255,38.201,55.02,49.703,43.649,45.891,84.409,82.061,3.5346,20.172,26.238,27.446,30.719,29.464,24.933,24.447,25.292,26.644,23.424,22.946,22.007,22.856,22.73,6.4635,29.824,6.8823,10.013,17.913,19.868,22.595,19.859,9.1752,9.4385,9.1826,8.9248,6.899,4.9009,32.571,15.758,16.167,20.812,5.3324,5.3127,5.7736,6.7304,6.3803,19.066,21.511,19.381,20.721,56.479,41.179,25.736,25.889,10.46,10.385,8.4363,9.1361,4.5517,5.9927,4.986,6.538,27.152,5.9135,5.5829,26.675,27.476,26.476,27.908,27.291,26.372
13.879,0,12.789,99.588,86.523,59.947,39.07,10.781,12.905,1.7833,6.6393,9.6876,1.6968,27.799,18.587,55.034,43.212,44.863,46.006,53.544,44.435,1.6039,7.8322,3.9037,8.2732,8.178,5.5001,10.274,13.882,22.411,1.2705,0.56781,0.58579,0.57752,20.23,13.424,11.995,11.373,35.067,24.476,15.179,17.997,16.528,4.2336,4.6565,1.3683,2.221,10.875,6.1038,49.855,63.952,47.839,54.133,52.421,57.924,23.17,11.567,18.306,7.821,9.8146,19.002,14.042,0.27432,2.6706,2.8495,5.5173,4.1888,5.2927,85.176,77.465,50.057,61.799,66.592,25.83,9.5539,6.8041,17.356,18.836,10.075,4.6565,7.6777,7.6084,7.3396,12.383,6.5724,1.1795,3.2444,1.5396,4.4999,2.5048,0.053402,4.479,22.676,33.113,43.397,21.67,32.39,32.316,25.98,36.725,29.658,38.561,25.86,31.884,33.86,26.111,47.854,43.922,53.518,62.104,8.8907,1.952,10.439,5.6376,4.126,8.0065,6.8093,8.3032,7.6768,8.5738,8.2216,7.6639,9.974,20.504,3.3678,2.728,18.506,2.6561,20.66,4.5641,14.186,1.5964,23.239,1.4622,19.38,11.369,11.261,11.84,12.032,11.862,11.498,36.46,39.89,11.832,10.067,9.7358,3.2139,2.4275,2.2765,1.9793,2.7358,51.482,71.157,40.724,23.571,41.439,32.885,23.846,36.53,32.293,1.2025,4.3205,8.3773,20.419,48.648,44.778,20.329,25.215,31.297,32.692,14.473,16.136,14.419,7.173,6.9613,4.9527,8.4066,8,20.591,4.2672,7.5009,22.113,0.057819,0.50187,0.86131,28.048,14.216,20.823,21.631,33.131,36.779,28.414,31.11,35.926,39.524,45.493,41.672,42.19,43.394,39.495,41.404,23.423,0.58911,3.7159,4.4123,5.0781,5.4944,7.7919,7.3641,8.4243,8.5112,8.3506,6.6808,7.5781,7.5446,7.8141,12.143,8.7088,13.855,14.799,0.53558,1.0743,1.2313,0.63181,12.341,12.21,12.856,11.913,1.2401,2.4907,5.1515,18.093,2.5168,5.1098,8.6912,6.8516,7.9762,8.2943,6.2693,1.0213,0.88298,0.93035,1.3122,21.323,36.92,8.5856,8.7225,11.668,16.922,12.78,13.411,9.6898,7.982,8.8265,8.7128,4.301,9.7304,8.7287,4.0931,4.2419,4.1711,4.6569,4.4384,3.9832
39.222,12.789,0,41.14,32.996,23.251,15.323,0.91679,2.6154,6.6165,14.508,16.39,5.2958,18.789,0.97057,20.735,21.132,23.97,23.541,24.346,9.5661,6.7055,0.63037,2.7335,1.8867,5.9141,1.6232,12.48,24.462,27.501,14.386,15.167,16.051,14.106,33.968,14.12,15.206,15.889,86.222,62.877,47.45,44.515,47.113,28.717,26.351,18.177,21.162,34.126,33.692,102.29,124.14,109.86,119.04,104.23,119.4,56.674,48.002,61.036,40.597,30.321,40.256,31.576,16.769,4.3163,3.6068,1.6193,2.9827,7.576,39.445,33.455,13.18,22.042,29.816,2.5321,0.37573,2.8832,3.6294,19.621,18.051,15.374,14.936,16.485,13.727,18.279,15.693,6.3011,3.2855,6.2557,3.2342,4.2652,11.191,2.1666,26.668,5.3182,21.613,1.7638,4.8382,4.5241,2.6096,6.5002,3.6024,17.698,3.0865,4.6522,5.5689,3.4413,23.091,9.6513,20.013,24.25,19.1,4.753,0.79628,1.647,2.6164,1.8115,2.4424,1.901,1.9583,2.8369,2.7403,2.2444,2.5814,26.628,7.4461,8.0188,34.756,8.8247,28.8,4.9788,19.329,14.001,33.172,12.253,26.275,15.272,15.8,15.43,15.254,15.507,15.474,89.425,94.691,49.156,42.665,32.374,21.21,18.369,22.228,20.401,25.91,114.75,141.16,98.929,70.384,90.324,86.687,68.297,84.022,85.37,8.8417,11.216,1.2666,20.034,14.341,13.089,3.8017,5.4859,4.6676,15.795,9.5199,11.879,21.907,17.03,17.889,12.069,17.787,15.649,23.008,18.022,16.703,29.537,14.252,10.382,12.403,3.0236,0.29143,1.9386,2.5539,4.9972,6.4776,3.1363,4.3001,19.546,21.674,17.859,16.683,20.991,20.905,8.5594,8.4098,40.769,11.15,2.8828,2.3124,2.4018,1.6497,1.7133,1.8006,1.7263,1.3271,2.3971,2.2098,2.7576,2.3998,2.521,19.319,0.64466,20.592,17.611,15.284,16.684,13.611,13.157,16.02,15.582,16.53,15.893,18.701,18.269,3.2378,15.158,5.4027,2.8971,17.749,16.5,16.547,15.452,14.626,6.615,9.0406,6.9561,6.0949,1.5957,16.602,1.6184,1.6016,13.926,19.587,17.361,17.163,19.838,16.236,18.396,16.034,2.3798,17.764,17.402,2.5245,2.4998,2.42,2.1448,2.2636,2.5978
152.51,99.588,41.14,0,0.48911,26.022,41.364,46.203,50.174,80.131,95.604,96.037,75.425,72.009,32.602,27.715,51.152,56.548,53.184,41.609,11.055,78.952,51.92,64.233,55.747,68.243,59.002,83.912,111.92,106.27,100.37,104.32,106.8,101.29,128.04,83.363,88.868,91.848,244.62,199.63,172.48,160.51,169.67,137.94,131.23,113.42,120.45,143.27,148.59,265.28,301.11,283.71,300.13,266.58,297.35,185.22,178,202.38,162.95,134.55,147.37,131.42,110.28,71.836,68.754,58.293,64.055,77.817,27.07,23.565,12.999,18.509,33.476,25.668,48.392,58.415,45.451,89.954,100.11,101.13,95.161,99.652,92.27,96.969,99.058,79.198,67.006,78.005,65.935,70.935,95.03,61.828,103.47,18.483,52.244,29.108,18.681,18.444,24.055,15.589,20.56,49.449,25.08,19.069,17.877,25.407,48.441,13.426,28.398,24.932,104.96,73.668,48.514,58.039,63.445,55.938,59.891,55.744,56.948,58.258,58.54,57.888,55.113,107.03,76.994,79.851,133.04,82.143,112.88,71.243,96.959,98.55,120.83,94.027,107.91,90.095,91.78,89.764,88.943,89.948,90.459,250.69,259.37,179.44,166.75,140.23,119.34,112.65,123.21,118.7,132.23,293.27,333.4,266.02,216.72,246.52,246.75,214.17,237.24,245.02,85.423,89.861,51.553,88.432,19.919,23.552,40.597,36.878,19.908,54.476,68.225,72.258,103.86,101.88,104.62,91.322,102.05,96.666,96.623,109.1,100.44,112.51,103.39,92.709,98.107,22.708,38.763,30.831,30.814,17.965,15.494,21.615,19.571,59.72,59.483,37.061,40.645,52.607,50.142,15.498,12.668,141.65,93.103,64.996,62.185,60.807,58.393,55.963,56.933,54.98,53.519,57.249,59.346,59.649,58.576,58.52,100.31,50.784,101.08,91.047,104.74,107.33,98.305,98.501,90.616,89.585,91.215,90.966,114.96,112.29,62.598,78.404,75.484,63.962,101.49,100.89,99.242,95.635,96.521,80.451,86.729,81.447,78.301,29.346,49.182,54.363,54.083,85.747,93.104,93.707,92.091,105.76,98.354,103.09,96.609,62.589,99.855,100.45,63.382,62.94,63.021,61.279,62.044,63.802
137.84,86.523,32.996,0.48911,0,23.344,36.226,37.281,41.943,68.78,84.103,84.888,64.074,64.209,25.209,24.561,45.894,51.149,48.062,37.711,7.1134,67.199,42.736,53.777,46.631,58.556,49.209,73.59,100.21,95.837,86.964,90.728,93.053,87.898,115.91,73.433,78.44,81.163,224.8,182.49,156.36,145.75,153.98,122.94,116.89,99.84,106.51,128.92,133.01,245.67,280.03,261,277.29,247.19,275.76,169.13,160.59,183.77,146.01,120.73,133.72,118.36,96.52,61.037,57.969,48.371,53.533,67.214,26.329,22.374,9.828,16.251,31.021,19.699,39.64,48.276,37.961,80.195,88.738,88.992,83.822,88.012,81.073,86.072,87.323,67.564,56.329,66.365,55.773,59.903,82.28,51.632,93.24,12.989,46.945,22.115,13.19,13.1,17.786,10.615,14.869,43.868,18.592,13.516,12.484,18.857,43.722,9.6136,25.09,22.473,93.132,62.514,39.958,48.112,53.041,46.77,50.382,46.633,47.69,49.098,49.314,48.597,46.284,96.344,65.263,67.911,120.37,70.017,101.83,60.87,86.263,85.244,109.51,81.052,97.058,79.519,81.086,79.263,78.515,79.437,79.875,230.45,238.79,161.59,150.25,125.96,105.68,99.348,109.05,104.84,117.36,270.81,310,244.05,196.87,227.5,225.8,195.53,218.39,224.39,73.142,78.404,42.119,78.928,16.489,19.661,33.64,30.601,14.189,48.102,59.291,63.278,92.742,90.033,92.567,79.865,90.349,85.27,86.623,96.364,88.732,101.64,90.017,80.348,85.508,16.997,30.71,23.586,23.548,12.618,10.547,15.801,13.958,53.36,53.458,32.69,35.772,47.183,44.952,10.484,8.2495,128.9,80.291,54.478,51.914,50.559,48.455,46.756,47.619,45.913,44.507,48.093,49.832,50.278,49.24,49.231,89.168,41.845,90.082,80.793,91.128,93.484,85.043,85.289,80.118,79.137,80.737,80.398,101.22,99.031,52.122,69.27,64.517,53.993,89.859,89.075,87.675,84.343,84.912,68.746,74.385,69.635,66.715,22.337,43.467,45.342,45.094,75.475,82.948,83.063,81.62,93.967,86.846,91.373,85.305,52.288,88.462,88.895,53.016,52.587,52.704,51.087,51.796,53.405
75.274,59.947,23.251,26.022,23.344,0,3.2933,32.92,17.227,41.203,39.808,37.05,45.354,15.668,24.697,0.11549,5.0485,6.5399,5.3608,1.8965,13.495,51.335,28.116,38.983,23.881,25.545,31.357,29.982,43.747,35.421,69.678,68.951,70.352,67.189,50.763,27.383,31.211,33.296,151.81,110.25,93.456,78.21,88.557,78.124,69.582,61.962,65.612,70.518,85.301,156.1,184.49,207.74,207.82,154.76,188.43,96.472,111.72,130.04,107.17,64.251,66.166,57.535,66.863,37.631,40.497,35.073,41.232,32.607,2.2269,1.1477,4.4949,0.64276,0.695,11.715,24.585,42.487,12.794,27.74,39.149,45.733,38.43,41.194,37.129,35.469,41.963,47.504,40.337,49.451,31.702,43.595,56.877,36.22,33.629,21.197,5.3474,24.476,19.574,16.198,20.478,18.644,17.246,5.2338,24.42,19.67,20.817,26.062,3.8424,7.3066,0.20341,0.026508,43.274,42.883,21.591,35.665,38.911,24.41,26.423,23.82,24.933,23.188,23.769,24.824,21.017,36.757,56.005,57.041,55.438,59.119,40.343,31.859,34.239,69.575,44.268,65.721,37.865,32.336,33.343,31.806,31.224,31.889,32.438,158.74,164.98,121,97.58,69.278,61.85,58.086,68.237,64.721,77.271,200.13,223.17,192.95,156.08,143.45,171.92,130.72,138.57,164.97,56.936,39.601,35.37,26.197,1.4933,1.4988,10.502,7.4328,21.659,7.8718,20.047,20.629,38.224,43.051,45.058,39.473,41.88,38.989,30.585,51.756,41.794,39.412,63.687,50.79,52.06,12.672,26.067,27.145,29.204,18.269,18.187,16.765,19.143,8.9089,8.2105,1.6475,2.7347,5.6021,4.7396,24.974,17.33,58.84,61.102,39.378,37.508,39.517,35.298,24.892,25.666,23.716,23.948,23.57,26.8,24.897,25.001,24.488,37.632,25.14,36.898,30.525,68.991,73.142,68.089,65.588,31.906,31.441,31.875,32.407,63.959,57.645,43.342,22.309,37.922,30.175,41.251,42.788,40.565,38.092,40.779,47.718,56.604,49.117,47.462,23.986,5.4562,23.515,23.292,29.817,30.436,33.315,31.982,43.044,40.019,42.133,38.266,37.642,39.295,40.571,38.014,38.427,37.351,36.971,37.158,38.15
47.21,39.07,15.323,41.364,36.226,3.2933,0,23.73,7.6334,24.166,20.793,18.496,29.184,4.7366,19.394,2.2097,0.70646,1.5071,1.1503,1.1678,16.791,34.519,17.323,25.25,12.447,11.798,18.849,13.743,23.048,17.274,48.921,47.338,48.289,46.129,28.267,11.804,14.374,15.805,110.87,75.541,62.011,49.425,57.857,51.01,43.751,38.79,41.313,43.596,56.591,114.04,138.49,162.11,160.3,112.93,142.04,64.135,78.669,93.782,76.206,38.722,39.941,33.322,44.091,22.27,25.747,22.713,27.591,16.6,9.893,8.0627,8.417,5.6571,3.818,8.9517,14.74,30.363,4.8582,11.926,19.923,25.363,19.679,21.613,18.845,17.225,22.307,30.553,25.98,32.792,17.737,28.392,36.839,23.025,16.04,21.107,0.83854,20.373,19.311,15.953,18.07,19.731,16.135,0.36575,21.816,19.245,20.972,23.449,0.83418,10.052,1.8981,3.9105,22.953,27.073,11.873,23.375,25.364,12.895,13.971,12.392,13.175,11.343,11.811,12.89,9.997,18.132,39.886,40.283,31.727,41.934,20.681,16.929,16.317,49.212,23.621,46.154,18.877,15.164,15.845,14.778,14.38,14.831,15.222,116.97,122.25,87.768,66.283,42.706,37.922,35.235,43.448,40.697,50.937,153.37,172.65,149.25,118.23,103.28,130.27,93.296,99.21,123.51,38.876,21.225,24.769,10.945,3.875,2.512,3.9901,2.4776,20.98,1.0267,7.4208,7.5623,19.088,22.988,24.458,20.941,22.004,20.021,13.869,29.868,22.051,20.076,42.134,31.239,31.584,10.858,18.844,22.581,24.796,18.267,19.3,15.234,18.484,1.6858,1.6786,0.30151,0.042029,0.80931,0.61527,26.6,19.796,34.441,41.531,25.472,24.239,26.63,22.916,13.335,13.856,12.45,12.968,11.873,14.426,12.623,12.919,12.462,18.737,14.704,18.167,13.791,47.294,51.08,47.7,45.046,14.812,14.512,14.763,15.173,40.488,34.869,30.152,8.4696,21.862,16.679,21.529,22.847,21.124,19.364,21.532,30.508,38.244,31.712,30.7,19.774,0.34173,12.392,12.244,13.491,13.706,15.735,14.81,22.721,20.741,22.142,19.434,24.279,20.053,21.044,24.47,24.992,23.884,23.912,23.919,24.508
41.47,10.781,0.91679,46.203,37.281,32.92,23.73,0,5.9808,6.7983,17.363,20.263,3.968,26.724,1.1967,30.032,30.747,34.061,33.632,34.703,12.679,4.4169,1.1546,1.7892,3.8756,8.9803,1.9815,16.606,29.136,34.357,10.391,11.724,12.581,10.711,39.637,19.124,19.824,20.313,84.172,63.852,48.039,47.489,48.638,27.535,26.377,17.486,20.559,36.04,32.33,103.32,124.46,101.05,112.84,106,117.72,58.956,44.673,57.136,36.121,32.524,44.546,35.412,14.47,4.437,2.7314,1.0482,1.5361,9.8357,51.521,44.513,19.198,30.886,40.937,5.708,1.4818,0.77724,7.9445,25.916,21.966,17.306,18.168,19.606,16.879,22.92,18.454,4.8685,2.2849,4.2787,4.2174,2.9009,9.3546,1.634,33.632,6.2932,31.308,1.9712,6.1266,6.5469,3.6131,8.1175,5.3402,26.556,3.2977,5.9082,6.6422,3.344,33.177,14.398,29.202,34.023,22.513,3.8111,2.6979,0.92446,1.6206,3.6725,4.1757,3.9067,3.782,5.3122,5.077,4.202,5.3375,33.056,4.0573,4.6585,39.755,5.2513,35.114,6.5565,24.45,9.8515,39.81,8.4365,32.429,19.708,20.193,20.001,19.882,20.083,19.945,86.66,91.9,43.906,41.073,34.089,21.444,18.589,21.356,19.768,24.087,109.21,137.25,90.629,62.808,91.109,80.056,66.239,84.287,80.056,5.9907,13.186,0.15288,26.678,21.701,20.446,8.3986,10.888,5.5033,23.991,14.535,17.419,26.954,19.94,20.641,14.311,21.121,18.967,29.632,19.474,19.768,36.181,11.843,9.7119,12.117,5.8792,0.44468,1.6459,1.8787,6.5814,8.194,4.9699,5.6496,28.479,31.137,26.847,25.421,30.537,30.492,9.0285,10.502,46.548,8.1825,1.9173,1.5206,1.0635,1.0364,3.4435,3.4207,3.6794,3.0653,4.6418,3.7791,4.8958,4.3846,4.6462,23.833,1.8116,25.553,22.952,11.877,12.694,9.731,9.8046,20.723,20.256,21.368,20.476,17.721,18.555,1.2451,21.254,5.8684,4.0644,21.192,19.32,19.805,18.886,17.326,5.2633,6.3835,5.3922,4.5814,1.9047,25.196,3.5626,3.579,18.459,25.426,22.155,22.141,23.484,19.515,21.841,19.589,1.5925,21.578,20.883,1.7222,1.5681,1.7354,1.396,1.5379,1.8019
27.734,12.905,2.6154,50.174,41.943,17.227,7.6334,5.9808,0,5.1764,7.263,7.6461,6.9866,7.4482,6.3239,14.655,10.73,12.335,12.387,14.769,14.937,9.6884,2.251,5.1852,0.58637,1.3867,2.5283,4.6505,13.068,13.811,18.027,17.348,18.014,16.528,19.793,5.153,6.1711,6.8094,74.668,49.71,36.865,31.342,35.336,23.745,20.031,14.66,16.834,23.885,28.099,84.717,105.49,107.3,110.84,85.496,104.02,42.625,43.289,55.437,39.095,20.395,26.296,19.581,16.283,3.9636,5.3429,4.2258,6.3616,3.1268,31.795,27.137,13.869,18.458,21.167,4.2455,1.5403,8.296,0.33433,8.2701,8.8414,8.9393,7.1894,8.4452,6.3935,8.3802,8.2349,7.7168,5.469,8.7884,2.2001,6.5857,11.501,4.2173,13.116,12.423,10.973,7.8524,11.297,9.7168,8.3071,13.177,8.7831,8.304,10.046,11.072,12.646,10.932,12.652,11.859,13.886,18.389,10.121,5.9845,0.65234,4.5581,5.2661,0.68584,0.98983,0.5747,0.7548,0.45072,0.52842,0.70516,0.18981,13.402,12.749,12.898,21.035,13.824,15.163,2.3459,8.7871,18.141,18.396,16.28,13.31,6.3571,6.7704,6.3658,6.1978,6.4167,6.475,78.621,83.372,47.671,35.957,22.686,15.644,13.457,18.08,16.285,22.511,105.86,127.22,96.613,70.237,74.293,82.676,58.81,69.366,79.18,12.073,5.8813,5.8464,8.4063,11.796,9.7478,0.85024,2.0474,11.669,6.3924,2.2607,3.4488,10.78,9.0738,9.8953,6.1731,9.2039,7.6284,10.558,11.534,8.6663,15.517,14.668,8.9506,9.7624,5.85,4.6473,8.6266,9.9983,11.094,12.997,7.9041,10.42,8.6405,10.252,10.3,8.7702,10.444,10.679,17.548,15.069,25.289,13.699,5.27,4.7707,6.0335,4.3169,0.79053,0.92078,0.58678,0.72818,0.49778,1.0883,0.70551,0.7268,0.6372,9.2616,1.3571,9.852,7.3802,17.352,19.552,17.267,15.806,6.6869,6.3965,6.953,6.6875,15.513,13.287,7.8294,5.311,4.0408,1.8171,9.0662,8.7742,8.3531,7.3701,7.5138,7.7385,11.76,8.3344,7.762,7.4443,7.5223,0.57738,0.54709,5.337,8.4949,7.5871,7.307,10.451,8.1007,9.5523,7.681,4.7752,8.7204,8.7686,4.8392,5.1038,4.5761,4.6508,4.6244,4.8449
14.711,1.7833,6.6165,80.131,68.78,41.203,24.166,6.7983,5.1764,0,3.2223,5.1531,0.93842,16.443,11.974,37.118,27.633,29.13,29.938,35.812,31.674,1.9863,3.1877,1.8,2.5525,2.4179,1.7069,4.5634,9.4903,14.986,4.82,3.9632,4.1883,3.7037,15.664,6.6422,6.0787,5.9016,45.076,29.18,18.905,18.459,19.095,7.8082,6.6049,2.8857,4.1193,11.544,10.495,57.504,73.864,65.934,70.619,59.304,69.824,25.715,19.526,28.096,15.978,9.6517,17.218,11.85,3.0979,0.25898,1.0985,2.5128,2.5061,1.1915,62.447,55.974,34.39,43.104,46.591,15.486,3.9909,5.1048,8.0831,10.97,5.7772,2.6351,3.8083,4.1791,3.3527,7.0206,3.5024,0.83561,1.4473,1.5737,0.73075,1.3852,1.3383,1.7801,14.924,23.688,27.812,14.584,22.749,21.997,17.475,26.233,19.953,23.888,18.158,22.34,24.245,18.695,31.3,29.895,35.863,43.023,5.4972,0.69396,4.098,2.7426,1.9938,2.4359,1.7379,2.5648,2.2398,2.5767,2.3973,2.1764,3.3837,13.665,4.4708,4.0655,15.049,4.3628,14.349,0.64627,8.2535,5.1258,17.034,4.3627,12.939,5.756,5.8212,6.0455,6.1098,6.0748,5.8713,47.466,51.31,21.619,15.724,10.445,4.1958,2.9827,4.6197,3.7916,6.579,67.061,86.775,57.572,37.37,48.543,47.368,32.431,43.781,45.499,2.6066,1.4504,5.1502,12.007,32.384,29.075,10.218,13.734,22.24,19.43,6.4747,7.8381,9.0495,4.1326,4.2853,1.8986,4.9028,4.1417,12.793,3.3046,4.1892,15.367,2.4831,0.52321,0.90953,17.609,8.4532,14.382,15.475,23.114,26.186,18.794,21.576,22.145,24.977,29.263,26.22,26.857,27.751,29.831,29.915,19.533,2.7162,1.7022,1.98,2.9893,2.5373,2.3578,2.1339,2.6677,2.8343,2.5041,1.7272,2.0643,2.0925,2.2105,7.1627,3.3316,8.3989,8.1805,3.9313,5.1516,4.5251,3.5066,6.4524,6.2804,6.8509,6.1909,3.1439,2.9548,3.7839,9.6041,0.075389,0.98129,5.0257,3.8445,4.3656,4.232,3.0886,0.70909,2.2323,0.89153,0.96502,14.188,22.588,2.7791,2.8549,5.6204,9.8481,7.0066,7.3036,6.0835,4.2858,5.2682,4.5819,1.903,5.5305,4.9491,1.7831,2.0054,1.7217,2.0998,1.9337,1.7069
6.6137,6.6393,14.508,95.604,84.103,39.808,20.793,17.363,7.263,3.2223,0,0.28746,7.6324,8.8782,22.942,35.635,21.245,21.369,22.724,30.412,42.847,10.091,9.9203,9.3857,6.0499,2.3063,7.6134,0.75674,1.6561,4.6744,13.566,11.08,11.056,11.098,4.7243,1.5944,0.92943,0.68861,36.629,19.089,11.732,8.4888,10.623,6.919,4.2559,3.6859,3.9999,4.8481,8.886,42.397,57.481,67.307,65.732,42.923,57.032,14.7,18.793,26.317,18.831,3.332,6.4342,3.2779,7.2485,4.7167,7.8731,10.299,11.116,1.1175,59.354,54.333,40.412,44.438,42.298,22.495,10.241,15.991,9.456,3.2889,0.38324,0.27749,0.038844,0.068414,0.048353,0.88845,0.031446,7.2094,8.7238,9.1857,4.4671,8.7945,6.4259,8.9352,4.7762,36.7,21.159,26.388,35.044,32.897,28.885,38.798,30.821,18.6,30.956,34.589,37.232,32.078,24.9,37.568,34.32,41.822,0.33429,6.8892,8.9077,10.866,9.8018,6.1241,5.0454,6.0337,5.8369,4.8677,4.8781,5.3994,5.6865,3.8545,15.149,14.264,4.5824,14.684,4.0635,2.5986,1.4184,14.431,5.4703,13.56,3.409,0.73192,0.66322,0.85985,0.93667,0.85993,0.75306,39.828,43.083,24.443,12.829,4.3648,2.7191,2.2514,4.6887,3.9122,7.4396,61.426,75.497,59.254,41.569,35.176,47.224,26.339,31.947,42.956,10.959,0.34902,15.151,4.0318,34.806,30.59,12,15.013,35.125,14.091,3.3745,3.4373,1.5431,0.10398,0.20318,0.1741,0.18663,0.064685,3.8812,0.85528,0.07854,4.6656,7.656,3.7007,2.7337,25.865,18.279,26.838,28.768,35.016,38.579,29.197,33.489,15.14,17.418,26.075,22.613,20.3,21.562,44.958,42.491,7.1123,10.284,9.2132,9.5831,11.895,10.39,6.2689,6.0869,6.346,7.115,5.3352,5.4015,4.7145,5.1649,5.0517,0.84113,9.0702,1.3284,1.7141,10.922,13.016,13.295,11.164,0.96867,0.96304,1.0977,0.84478,4.2993,2.1473,13.741,3.6233,3.4051,4.6772,0.20269,0.071414,0.087373,0.092326,0.0079218,6.7551,10.013,7.2143,7.6201,25.726,17.642,6.5691,6.6317,0.97436,2.4318,1.0259,1.2417,0.47084,0.075818,0.26216,0.1412,9.4346,0.31924,0.18463,9.2219,9.7656,8.9872,9.76,9.4298,9.069
6.8777,9.6876,16.39,96.037,84.888,37.05,18.496,20.263,7.6461,5.1531,0.28746,0,10.481,6.5378,25.337,33.044,18.199,18.016,19.405,27.084,43.915,13.474,11.912,12.112,7.1597,2.6905,9.6303,0.41802,0.81095,2.6626,17.78,14.936,14.908,14.949,3.2233,0.77103,0.27836,0.12374,38.864,19.818,12.823,8.2986,11.199,9.2246,5.91,5.8696,6.0856,5.3542,11.23,42.785,58.119,73.291,70.114,42.887,58.825,14.766,22.105,29.828,22.899,3.7279,5.5829,2.7752,10.388,6.7531,10.517,12.864,14.14,1.8781,55.372,50.915,39.811,42.232,38.684,23.274,11.933,19.463,9.3539,1.7015,0.043384,1.047,0.11701,0.17669,0.19278,0.16525,0.34668,10.086,11.457,12.393,6.0584,11.704,9.4095,11.443,2.7242,38.875,18.059,28.844,37.03,34.454,30.947,40.648,32.509,15.975,33.472,36.586,39.361,34.774,21.635,37.66,31.775,39.027,0.24154,9.5272,10.14,13.523,12.566,7.3052,6.2618,7.1339,7.0296,5.6764,5.7629,6.5066,6.3657,2.0724,19.203,18.274,3.4221,18.801,2.3045,3.8024,0.42897,18.751,3.4809,17.719,1.7711,0.17306,0.1163,0.22853,0.2795,0.22449,0.17257,42.445,45.676,28.868,15.2,5.0022,4.3315,3.917,6.9109,6.0266,10.153,65.459,78.417,65.023,47.159,35.788,52.104,28.726,32.896,47.075,14.618,1.1793,18.106,2.2644,33.357,29.086,11.793,14.401,37.357,11.768,2.6675,2.4053,0.54539,0.31503,0.48465,0.83976,0.15808,0.084231,2.0643,1.8421,0.21298,2.7272,10.91,6.0239,4.7941,26.871,20.637,29.567,31.727,36.84,40.372,30.811,35.422,12.372,14.369,23.52,20.148,17.275,18.542,47.501,44.121,5.4677,13.947,11.945,12.24,14.886,12.979,7.5246,7.3963,7.4838,8.3901,6.2846,6.7171,5.702,6.25,6.0572,0.16538,10.702,0.39804,0.64535,14.753,17.173,17.457,15.011,0.25722,0.27573,0.30701,0.1979,6.6394,3.7774,17.102,2.235,5.2109,6.1805,0.11694,0.34063,0.12205,0.054061,0.37605,9.5739,13.546,10.149,10.552,28.118,15.16,7.718,7.7643,0.39403,1.073,0.24149,0.36679,0.24143,0.10501,0.16391,0.027903,12.085,0.037547,0.085139,11.873,12.497,11.573,12.4,12.049,11.712
21.495,1.6968,5.2958,75.425,64.074,45.354,29.184,3.968,6.9866,0.93842,7.6324,10.481,0,23.507,9.0522,41.278,34.271,36.499,37.033,42.027,28.928,0.25173,2.4075,0.45338,3.527,5.2962,1.323,9.387,16.376,23.317,2.6021,2.611,2.958,2.2175,24.195,12.169,11.619,11.455,51.623,36.837,25.069,26.248,25.996,10.667,10.308,4.949,6.6498,17.597,13.696,67.669,84.597,66.934,74.991,70.176,78.573,33.957,22.102,31.139,16.654,15.545,25.538,19.024,3.3353,0.57518,0.16328,1.1021,0.60025,3.9737,67.677,60.381,34.491,45.815,52.327,14.823,3.5073,2.0002,10.341,17.935,11.372,6.5254,8.5275,9.058,7.8323,13.054,8.0276,0.046915,0.24958,0.11509,1.4895,0.086394,1.1525,0.68789,23.183,19.819,34.59,11.243,19.267,19.282,14.407,22.647,17.227,29.904,14.322,18.877,20.398,14.538,37.989,29.051,40.043,47.088,10.929,0.041395,4.4093,1.149,0.53136,3.3029,2.7826,3.555,3.1486,4.1997,3.9123,3.2847,5.0277,21.705,1.3467,1.1839,23.278,1.3995,22.614,2.3522,14.683,2.6142,25.969,1.9369,20.812,11.217,11.344,11.6,11.663,11.644,11.382,53.541,57.676,22.235,19.544,16.171,7.4837,5.8973,7.0303,6.1994,8.5034,71.87,94.556,58.466,37.077,57.817,49.333,37.802,52.239,48.787,0.69468,4.7175,2.5826,19.151,34.409,31.554,12.298,16.142,18.42,25.408,11.031,13.094,15.807,8.9504,9.1144,5.5026,10.104,9.0225,20.404,7.1945,9.0626,23.872,2.2,1.4023,2.5006,16.292,6.0941,10.668,11.307,19.856,22.696,16.308,18.29,29.025,32.185,34.244,31.386,33.573,34.287,24.858,26.37,28.813,1.1848,0.39097,0.63936,0.94656,1.0894,3.101,2.8456,3.5485,3.3938,3.8355,2.5732,3.4758,3.2786,3.5254,13.278,3.109,14.931,14.447,2.6456,3.3739,2.3061,1.8936,12.168,11.91,12.714,11.826,5.0021,5.9138,1.1535,15.701,0.98745,1.7779,10.291,8.526,9.3411,9.1552,7.4132,0.091671,0.62406,0.11569,0.028235,10.99,28.408,3.6032,3.6888,10.902,16.637,12.979,13.334,11.762,9.2293,10.625,9.667,0.59844,11.025,10.189,0.52346,0.57303,0.55988,0.73484,0.65281,0.48615
24.102,27.799,18.789,72.009,64.209,15.668,4.7366,26.724,7.4482,16.443,8.8782,6.5378,23.507,0,26.647,13.282,3.3513,2.9726,3.6669,7.9715,33.246,28.615,17.371,22.453,10.765,6.4882,16.808,4.5872,7.849,3.9812,39.038,36.016,36.41,35.485,10.152,2.9479,4.1477,4.863,73.98,44.73,35.612,24.944,31.828,31.251,24.88,23.765,24.791,22.157,34.9,73.803,93.635,123.41,117.57,72.508,97.944,35.542,52.655,64.019,53.565,18.884,17.916,14.15,30.577,16.728,21.605,21.437,25.224,8.9022,26.362,24.205,23.865,20.745,15.072,17.618,15.639,30.345,6.2032,1.9653,7.0804,12.29,7.8677,8.8096,7.6802,5.1852,9.6312,23.943,22.418,26.893,13.445,23.974,26.533,20.658,3.3935,34.561,3.22,29.173,32.349,28.558,28.543,34.29,27.809,2.8088,32.529,32.095,34.678,34.343,4.8918,24.785,12.527,16.976,9.0226,21.618,12.44,22.284,22.835,11.188,11.145,10.707,11.18,8.8337,9.2424,10.586,8.3674,4.4939,35.555,35.119,12.474,36.355,5.7875,11.032,4.3929,39.929,7.2661,37.681,4.945,4.6226,4.913,4.3367,4.1386,4.3495,4.6035,79.441,83.521,62.711,41.428,21.837,21.355,20.054,26.468,24.547,32.571,111.21,124.66,112.69,88.708,65.616,95.31,60.893,62.894,87.971,31.729,10.676,26.081,1.4849,16.519,13.408,6.98,6.9579,33.767,1.3529,2.3323,1.5838,5.6545,9.6989,10.582,10.025,8.6911,7.8794,2.5522,15.153,9.0748,5.3943,30.247,20.83,19.754,20.938,23.688,31.102,33.755,31.455,33.83,26.31,30.976,1.0702,1.6174,7.1669,5.3409,2.9205,3.5559,42.563,35.822,13.824,32.525,22.466,21.94,25.158,21.639,11.657,11.922,11.006,12.022,9.6947,11.802,9.7733,10.41,9.9392,5.9441,14.808,5.3058,3.2464,35.843,39.525,38.216,35.038,4.2044,4.1325,4.0493,4.4608,25.261,19.743,28.7,1.1581,15.212,12.87,8.343,9.7702,8.4146,7.4568,9.4161,23.517,30.594,24.603,24.382,28.372,2.6336,11.135,11.063,3.9703,2.858,4.4508,3.9316,8.6419,8.2259,8.6125,7.3198,21.857,7.2525,8.0848,21.824,22.566,21.265,21.853,21.616,21.734
52.107,18.587,0.97057,32.602,25.209,24.697,19.394,1.1967,6.3239,11.974,22.942,25.337,9.0522,26.647,0,22.552,26.677,30.246,29.372,28.489,6.0973,10.092,2.8595,5.4556,5.5609,11.65,4.6575,20.361,35.172,38.463,18.63,20.289,21.396,18.964,46.398,22.301,23.78,24.673,102.86,78.409,60.923,58.334,60.885,38.515,36.359,26.206,29.869,46.141,44.222,121.85,145.31,123.98,136.14,124.22,139.28,71.901,59.409,73.755,50.017,41.798,53.674,43.563,23.377,8.7194,6.9324,3.8774,5.2783,13.933,40.325,33.979,11.549,21.937,32.443,2.3955,2.5268,3.8627,7.1506,28.897,27.393,23.85,23.509,25.425,21.987,27.633,24.404,10.402,6.3043,9.7907,7.5267,7.47,16.663,4.9061,37.408,2.0826,27.309,0.12868,1.9313,2.1577,0.65197,3.1081,1.492,22.961,0.64164,1.809,2.274,0.77,28.266,7.706,21.966,25.454,28.659,8.603,3.4749,3.7533,5.1996,5.4341,6.4774,5.5847,5.685,7.0984,6.9594,6.1669,6.6062,37.528,9.6302,10.57,47.343,11.448,40.177,10.24,28.868,17.915,45.326,15.986,37.167,23.892,24.564,24.072,23.84,24.169,24.143,105.99,111.75,59.223,54.424,44.05,30.343,26.907,30.998,28.935,34.806,131.93,161.6,112.39,81.214,108.67,100.28,83.03,101.54,99.85,12.481,18.64,2.1641,29.268,14.551,14.039,6.7624,8.2057,1.647,21.634,16.109,19.1,32.05,26.073,27.104,19.781,27.046,24.404,33.019,26.961,25.688,40.985,20.116,16.464,19.274,2.1322,0.30709,0.17843,0.4223,2.1704,3.1459,1.3259,1.654,26.142,28.293,21.31,20.677,26.729,26.311,4.0141,4.6262,54.313,15.521,5.6829,4.8973,4.3704,3.8879,5.2604,5.4025,5.2826,4.5674,6.4061,6.0793,6.9995,6.4227,6.6182,28.931,3.162,30.45,26.672,20.478,21.639,17.741,17.766,24.797,24.248,25.418,24.656,26.676,26.816,4.8802,23.215,10.443,7.0737,27.007,25.41,25.513,24.164,23.069,10.917,12.988,11.205,10.033,0.095437,21.801,5.091,5.0581,22.16,29.018,26.47,26.188,29.573,25.13,27.801,24.893,5.0191,27.039,26.582,5.2513,5.0702,5.1927,4.6485,4.8821,5.3819
69.554,55.034,20.735,27.715,24.561,0.11549,2.2097,30.032,14.655,37.118,35.635,33.044,41.278,13.282,22.552,0,3.8995,5.3194,4.276,1.4098,13.026,47.067,25.092,35.343,20.882,22.261,28.035,26.381,39.459,31.748,64.607,63.788,65.112,62.122,46.267,23.969,27.555,29.514,143.58,103.32,87.031,72.436,82.338,72.255,64.033,56.787,60.26,64.957,79.153,147.96,175.64,198.13,198.13,146.73,179.33,90.05,104.68,122.42,100.38,58.945,60.932,52.592,61.611,33.817,36.696,31.693,37.562,28.878,3.2786,1.9846,4.3886,0.9687,0.91194,10.252,21.769,39.009,10.579,24.402,35.036,41.254,34.335,36.952,33.103,31.583,37.676,43.29,36.589,45.236,28.195,39.675,52.117,32.706,30.058,19.979,4.178,22.528,18.356,15.048,18.88,17.678,15.928,3.9305,22.719,18.422,19.648,24.332,2.9555,6.8928,0.012419,0.24879,38.936,38.9,18.867,32.283,35.297,21.386,23.233,20.823,21.866,20.164,20.714,21.74,18.154,32.967,51.753,52.686,50.682,54.675,36.372,28.247,30.449,64.555,40.164,60.862,33.991,28.609,29.558,28.114,27.568,28.193,28.706,150.31,156.39,113.76,90.984,63.757,56.633,53.046,62.779,59.411,71.474,190.63,213.19,183.71,147.87,135.6,163.16,123.07,130.81,156.37,52.412,35.455,32.231,22.983,1.2525,1.0319,8.5477,5.8069,20.332,6.1834,17.121,17.677,34.227,38.71,40.615,35.325,37.608,34.865,27.127,46.984,37.52,35.525,58.626,46.215,47.366,11.337,23.599,25.076,27.127,17.12,17.234,15.386,17.865,7.2238,6.6867,0.93693,1.7797,4.3726,3.624,23.994,16.634,54.04,56.318,35.708,33.958,35.981,31.911,21.85,22.572,20.742,21.001,20.551,23.608,21.773,21.895,21.403,33.627,22.232,32.96,26.951,63.817,67.856,63.089,60.61,28.215,27.775,28.193,28.683,58.709,52.622,39.698,19.279,34.024,26.762,37.015,38.459,36.358,34.018,36.554,43.468,52.048,44.816,43.271,22.029,4.0888,20.564,20.356,26.237,26.907,29.552,28.303,38.726,35.841,37.852,34.186,34.077,35.17,36.37,34.418,34.837,33.778,33.46,33.619,34.538
45.226,43.212,21.132,51.152,45.894,5.0485,0.70646,30.747,10.73,27.633,21.245,18.199,34.271,3.3513,26.677,3.8995,0,0.15247,0.065336,0.99195,24.346,40.244,22.538,30.799,16.156,13.794,23.648,13.983,21.338,14.472,54.861,52.508,53.335,51.438,25.086,11.485,13.982,15.37,108.46,72.5,60.384,46.562,55.646,52.373,44.466,41.013,43.088,42.283,57.588,108.54,132.31,164.13,159.4,106.84,137.51,60.717,79.981,94.545,79.216,37.611,36.756,31.198,47.868,26.342,30.9,28.382,33.615,18.568,10.954,9.7789,13.608,8.7068,4.2321,14.46,19.753,37.468,7.6593,10.386,19.369,26.186,19.884,21.644,19.274,16.35,22.632,35.476,31.373,38.292,21.505,33.829,41.105,28.386,13.325,29.44,0.0060809,28.067,27.311,23.309,25.617,27.883,23.458,0.1564,29.999,27.22,29.299,31.902,0.1496,15.98,3.5519,5.7671,22.483,31.938,16.224,29.202,31.019,16.691,17.572,16.088,16.923,14.487,15.04,16.462,13.164,15.551,46.813,46.975,28.739,48.674,17.86,19.854,15.125,55.418,20.19,52.326,16.419,14.823,15.435,14.365,13.977,14.404,14.836,114.91,119.91,90.717,66.633,41.684,39.078,36.758,45.3,42.589,53.122,152.14,168.74,151.45,121.72,98.619,131.67,92.045,95.269,123.81,44.689,22.669,31.496,9.2811,7.3728,5.5628,7.0096,5.2967,29.244,0.75279,8.061,7.5932,17.56,23.046,24.481,22.094,21.749,20.08,11.743,30.618,22.078,17.07,46.409,34.633,34.335,16.961,25.561,30.566,33.171,26.091,27.373,22.334,26.299,0.63539,0.38655,1.1337,0.65308,0.01552,0.0051229,35.946,27.981,30.538,46.951,30.983,29.805,32.805,28.616,17.233,17.768,16.247,17.048,15.269,18.197,15.924,16.419,15.857,17.761,19.468,16.849,12.793,52.404,56.586,53.659,50.487,14.26,14.04,14.087,14.682,42.869,36.358,36.807,7.7554,25.399,20.437,21.228,23.026,21.08,19.399,22.044,35.275,43.788,36.602,35.756,27.343,0.28479,16.243,16.091,13.341,12.27,14.944,13.99,22.043,20.732,21.751,19.328,29.811,19.583,20.774,29.954,30.627,29.291,29.509,29.436,29.956
43.97,44.863,23.97,56.548,51.149,6.5399,1.5071,34.061,12.335,29.13,21.369,18.016,36.499,2.9726,30.246,5.3194,0.15247,0,0.059056,1.504,28.343,42.725,25.016,33.315,17.961,14.775,25.884,14.114,20.466,13.221,57.292,54.576,55.333,53.586,23.515,11.399,13.819,15.165,106.56,70.549,59.161,44.9,54.198,52.597,44.457,41.752,43.593,41.358,57.596,105.26,128.6,163.97,157.91,103.31,134.5,58.688,79.97,94.18,80.013,36.824,35.047,30.021,49.292,28.161,33.209,31,36.339,19.454,12.304,11.384,16.606,10.82,5.1381,17.354,22.177,40.714,9.1973,9.7649,19.05,26.421,19.911,21.565,19.414,15.928,22.677,37.606,33.799,40.682,23.243,36.243,42.839,30.84,12.132,33.652,0.098101,31.857,31.371,27.092,29.405,32.058,27.196,0.50463,34.054,31.264,33.517,36.074,0.35967,19.254,4.9419,7.3236,22.161,34.083,18.367,31.89,33.588,18.529,19.292,17.887,18.733,16.033,16.618,18.189,14.748,14.379,49.838,49.875,27.207,51.579,16.547,21.192,14.577,57.978,18.577,54.901,15.286,14.67,15.241,14.186,13.809,14.219,14.663,113.13,117.96,91.407,66.27,40.898,39.329,37.205,45.82,43.154,53.73,150.53,165.84,151.44,122.47,95.769,131.39,90.768,92.761,123.06,47.163,23.244,34.634,8.6264,9.5841,7.5316,8.6933,6.9501,33.403,1.0018,8.4962,7.7493,16.824,22.962,24.362,22.538,21.536,20.035,10.836,30.766,21.992,15.688,48.091,36.009,35.398,20.147,28.816,34.465,37.244,30.085,31.515,25.96,30.266,0.53532,0.20702,2.0589,1.4342,0.114,0.20706,40.656,32.22,28.585,49.2,33.476,32.346,35.622,31.246,19.114,19.646,18.095,19.029,16.929,19.995,17.522,18.109,17.504,17.272,21.764,16.218,12.372,54.443,58.782,56.111,52.711,14.019,13.84,13.791,14.462,43.665,36.794,39.82,7.5618,26.962,22.188,21,22.998,20.974,19.352,22.186,37.327,46.134,38.701,37.95,31.075,0.68996,18.119,17.968,13.302,11.66,14.582,13.63,21.631,20.646,21.475,19.217,32.332,19.299,20.567,32.449,33.191,31.755,32.07,31.957,32.431
46.566,46.006,23.541,53.184,48.062,5.3608,1.1503,33.632,12.387,29.938,22.724,19.405,37.033,3.6669,29.372,4.276,0.065336,0.059056,0,0.97079,26.517,43.257,24.96,33.537,18.141,15.394,26.058,15.196,22.242,14.846,58.222,55.683,56.503,54.619,25.647,12.472,15.035,16.456,110.58,73.974,62.079,47.671,57.101,54.718,46.513,43.355,45.366,43.757,59.929,109.74,133.58,168,162.47,107.84,139.34,61.901,82.732,97.347,82.364,39.051,37.58,32.22,50.68,28.721,33.583,31.061,36.498,20.318,10.734,9.8216,14.977,9.3119,4.1266,16.405,22.042,40.591,9.1042,10.999,20.54,27.88,21.265,23.028,20.694,17.349,24.115,38.242,34.105,41.222,23.688,36.635,43.879,31.025,13.687,32.102,0.042866,30.809,29.877,25.668,28.191,30.403,25.869,0.41845,32.791,29.79,31.941,34.781,0.12725,17.669,3.9452,6.07,23.759,34.603,18.292,31.926,33.778,18.709,19.594,18.068,18.944,16.32,16.908,18.438,14.945,16.03,50.161,50.294,29.449,52.038,18.336,21.835,15.999,58.837,20.54,55.678,16.963,15.916,16.529,15.425,15.027,15.462,15.918,117.2,122.17,94.006,68.951,43.227,41.132,38.852,47.638,44.885,55.676,155.05,171.05,155.25,125.51,99.959,135.07,94.285,96.784,126.84,47.819,24.42,34.389,9.8144,8.3085,6.4524,8.4235,6.5358,31.924,1.1345,9.1463,8.5144,18.413,24.473,25.935,23.763,23.062,21.429,12.232,32.396,23.472,17.463,49.293,37.093,36.654,19.03,28.211,33.433,36.152,28.583,29.865,24.703,28.835,0.79506,0.41965,1.4795,1.0237,0.084866,0.085873,38.809,30.413,31.002,50.062,33.721,32.516,35.683,31.306,19.287,19.844,18.247,19.119,17.172,20.269,17.837,18.382,17.782,18.774,21.72,17.74,13.645,55.566,59.901,57,53.674,15.281,15.074,15.068,15.731,45.282,38.436,39.86,8.4927,27.657,22.584,22.515,24.483,22.43,20.723,23.559,38.008,46.852,39.389,38.551,30.052,0.6132,18.251,18.092,14.436,12.981,15.922,14.93,23.252,22.081,23.029,20.615,32.516,20.782,22.057,32.658,33.371,31.964,32.214,32.129,32.654
59.322,53.544,24.346,41.609,37.711,1.8965,1.1678,34.703,14.769,35.812,30.412,27.084,42.027,7.9715,28.489,1.4098,0.99195,1.504,0.97079,0,21.401,48.382,27.319,37.221,21.238,20.097,29.364,21.603,31.36,23.041,65.19,63.285,64.356,61.914,36.052,18.719,21.911,23.66,129.68,90.24,76.366,61.025,71.195,66.061,57.421,52.548,55.232,55.769,72.148,130.26,156.2,188.11,184.31,128.42,161.67,77.129,96.958,113.28,95.101,50.332,49.788,43.154,59.237,33.613,37.872,34.048,40.003,26.122,5.3535,4.618,10.231,4.6473,1.1264,14.8,24,43.055,10.769,17.707,28.617,36.118,28.896,31.11,28.035,25.042,32.149,43.66,38.136,46.335,27.991,41.062,50.976,34.503,21.588,28.4,1.086,29.228,26.354,22.319,25.833,26.184,22.948,1.4578,30.347,26.353,28.123,32.264,0.40301,13.282,1.2824,2.2913,32.341,39.486,20.377,34.834,37.342,21.82,23.214,21.166,22.186,19.776,20.395,21.816,17.996,24.393,54.607,55.115,40.386,57.052,27.269,26.845,23.627,65.538,30.122,62.004,25.466,22.94,23.73,22.399,21.91,22.455,22.976,136.6,142.12,107.86,82.604,54.987,50.994,48.09,57.718,54.584,66.409,176.63,195.21,174.37,141.44,119.32,153.42,111.36,115.55,145.42,53.519,31.518,36.225,16.287,4.7887,3.7212,9.3382,6.7552,28.527,3.1478,13.693,13.448,26.724,32.78,34.511,31.019,31.368,29.207,19.543,41.388,31.633,26.291,57.119,44.203,44.394,16.796,28.416,31.993,34.525,24.983,25.656,22.049,25.556,3.212,2.5713,0.52011,0.7781,1.2542,0.87985,33.99,25.519,42.533,56.604,37.499,35.971,38.78,34.295,22.39,23.066,21.238,21.891,20.486,23.802,21.457,21.852,21.255,26.811,24.034,25.795,20.644,63.225,67.623,63.785,60.68,22.326,22.018,22.158,22.828,54.575,47.647,42.968,14.012,33.039,26.664,30.76,32.696,30.466,28.392,31.342,43.596,52.774,45.036,43.84,28.56,1.7283,21.157,20.963,20.996,20.102,23.271,22.09,31.894,30.028,31.428,28.373,36.027,28.842,30.199,36.27,36.887,35.56,35.559,35.584,36.323
82.949,44.435,9.5661,11.055,7.1134,13.495,16.791,12.679,14.937,31.674,42.847,43.915,28.928,33.246,6.0973,13.026,24.346,28.343,26.517,21.401,0,31.462,15.073,22.213,17.374,25.299,18.983,36.066,55.606,54.247,45.888,48.107,49.754,46.106,68.134,36.558,39.793,41.592,151.94,117.92,96.968,89.444,95.338,70.93,66.351,53.681,58.58,75.921,78.625,169.81,198.4,183.75,196.06,171.35,194.37,107.66,100.36,118.86,89.458,69.743,80.798,68.714,51.643,26.53,24.813,18.757,22.32,30.823,22.189,17.506,2.4649,9.3872,20.305,3.2571,13.19,19.665,13.105,42.419,46.716,46.041,42.814,45.776,40.815,45.255,45.123,31.262,23.828,30.738,23.05,26.256,41.408,20.721,52.462,1.5679,25.108,4.8531,1.3725,1.0054,2.7953,0.73233,1.5634,21.828,3.6299,1.4632,1.3991,4.0089,24.026,0.9731,12.986,13.487,49.639,27.76,13.372,18.67,21.783,17.441,19.668,17.378,18.003,19.007,19.107,18.584,17.342,54.198,31.053,32.709,71.008,34.248,58.135,26.417,45.742,44.837,64.171,41.728,54.469,40.433,41.517,40.342,39.853,40.469,40.708,156.59,163.48,101.89,91.997,73.583,57.972,53.301,60.484,57.35,66.821,190.47,223.2,169.54,131.04,154.64,153.75,128.06,146.99,152.08,35.729,38.496,15.432,41.869,6.2022,7.2747,10.851,9.8672,1.9221,23.303,26.942,30.034,50.386,47.146,48.922,39.606,47.572,43.894,47.327,51.282,46.271,58.308,47.058,39.737,43.317,2.1456,8.6815,5.8255,6.1867,1.0789,0.66307,1.8093,1.5062,27.674,28.612,16.003,17.122,24.972,23.75,1.9087,0.28588,78.165,40.607,22.657,20.999,20.457,18.826,17.417,17.938,16.929,16.051,18.325,19.307,19.668,18.989,19.009,47.405,14.462,48.385,42.002,48.364,50.402,44.484,44.274,41.04,40.324,41.576,41.156,54.722,53.072,21.828,34.609,28.793,21.912,47.272,46.412,45.597,43.286,43.364,32.013,36.431,32.692,30.737,4.8661,21.159,16.58,16.434,37.647,43.956,43.203,42.308,50.373,45.01,48.373,44.04,21.226,46.459,46.592,21.681,21.474,21.44,20.475,20.898,21.918
