0,0.15447,0.60805,40.056,9.6585,7.2617,2.6122,12.468,28.731,23.64,36.847,47.831,20.467,20.019,3.7032,1.9883,12.688,30.098,2.0641,44.484,45.376,43.349,12.386,15.69,14.443,13.356,148.21,99.778,97.131,73.819,66.615,0.0039559,0.0061754,0.47243,0.2012,35.951,10.336,10.691,12.033,18.24,38.28,21.839,19.726,49.865,46.397,10.325,23.672,0.71565,25.457,3.69,4.4419,19.618,0.60809,14.275,15.337,18.631,5.2532,1.8174,31.642,31.837,30.221,32.108,34.215,34.746,36.297,35.797,34.947,34.506,28.346,30.971,18.852,22.688,27.73,25.015,19.085,23.519,20.585,17.211,24.221,24.393,22.003,34.292,13,2.9119,3.8137,20.75,6.6856,34.98,19.195,33.561,36.418,2.8181,40.57,43.989,42.23,41.512,42.154,41.847,42.257,43.15,44.178,42.373,45.65,47.016,19.388,57.549,13.525,7.8432,18.198,13.195,12.625,13.24,14.758,29.685,29.658,30.783,31.11,27.534,23.886,23.157,17.12,19.398,18.269,12.559,17.14,16.167,14.461,14.354,13.611,12.363,13.296,13.145,13.242,124.12,138.67,189.23,173.09,176.57,182.31,122.92,146.47,173.15,172.74,126.75,103.39,143.58,44.399,48.421,94.858,37.334,41.095,32.427,34.473,30.856,0.32352,0.22038,0.43361,0.41754,29.791,2.0464,14.406,9.3291,5.8014,3.6504,3.3023,5.6209,19.467,31.074,29.888,36.152,36.26,31.716,34.082,36.787,35.976,35.057,38.696,47.018,29.661,12.416,14.725,21.157,22.596,24.512,21.569,21.937,23.428,23.536,22.256,22.611,22.94,22.12,25.6,13.364,0.88403,1.0181,1.4438,13.689,11.051,2.1927,41.776,40.363,38.959,39.75,42.39,42.848,13.042,18.304,63.862,47.333,35.253,46.035,17.595,11.254,11.32,33.378,22.712,15.781,12.766,11.034,14.603,12.238,89.52,91.083,66.973,38.871,36.078,33.378,35.594,35.814,34.627,36.48,23.27,33.822,35.002,2.4772,1.1721,1.9961,1.5945,1.71,31.017,31.514,13.347,13.317,28.868,34.501,2.5492,30.27,37.378,2.6664,1.6431,2.1443,1.8446,33.839,29.491,31.354,24.929,27.997,18.025,23.185,23.018,33.263,30.769,35.946,32.947,30.527,29.523,22.298,19.772
0.15447,0,1.0718,44.554,11.755,9.48,2.7425,14.248,32.245,26.712,34.61,45.655,20.207,20.049,5.3394,3.0981,12.485,31.051,1.141,44.25,45.275,43.398,10.561,14.257,13.127,12.178,142.86,93.303,90.519,70.249,65.178,0.14923,0.14139,1.1133,0.18519,39.901,13.017,13.365,14.911,21.309,42.36,25.612,23.234,55.487,51.577,12.459,26.645,1.4628,27.187,5.3378,5.4219,21.532,0.46532,16.073,18.456,20.769,7.1851,2.9237,29.014,29.16,27.586,29.561,31.624,32.603,34.194,34.016,32.433,32.391,27.511,30.702,18.949,23.274,27.942,25.326,19.836,23.765,20.796,17.205,23.888,24.183,21.455,36.12,13.689,1.8391,2.6395,22.297,7.023,36.254,20.418,34.902,37.428,1.7371,40.177,43.608,41.897,41.218,41.624,41.587,41.92,42.852,43.832,41.921,44.936,46.848,17.474,56.65,11.276,6.5557,16.046,11.243,10.787,11.366,12.516,27.489,27.738,28.88,29.233,25.573,21.803,22.103,15.853,17.734,16.887,11.495,15.803,14.998,13.264,13.194,12.425,11.237,11.977,11.91,11.971,119.11,132.78,182.62,164.54,168.07,175.38,116.6,140.69,167.25,165.62,120.21,99.018,138.69,40.044,43.942,91.57,33.661,36.784,28.568,30.471,27.113,0.035039,0.064501,1.0979,1.0633,33.134,3.0565,16.984,11.877,5.7624,4.4904,4.3257,7.4587,22.498,28.483,27.363,33.303,33.189,29.206,32.069,34.752,34.024,33.097,36.45,43.761,29.423,10.05,13.707,21.189,22.549,24.496,21.632,22.075,23.73,23.463,22.529,22.403,22.655,21.794,25.382,14.491,0.62435,0.42677,0.87571,13.934,11.492,1.2474,41.495,40.061,38.669,39.522,42.111,42.655,10.589,15.479,62.471,47.183,35.456,45.799,15.478,9.0157,9.3546,31.136,20.325,14.445,10.903,10.119,12.824,11.296,83.829,85.689,64.773,34.797,33.978,31.339,33.535,33.653,32.456,34.289,23.246,35.243,36.212,1.4494,0.50217,1.0817,0.76873,0.93694,29.292,29.569,12.087,12.007,25.254,30.57,1.5812,31.09,38.465,1.6064,0.83923,1.1945,0.98607,35.264,27.595,29.463,23.273,26.063,15.945,22.753,22.783,34.721,31.871,37.318,34.045,28.656,27.706,22.175,19.296
0.60805,1.0718,0,40.47,5.7833,6.6196,5.4202,15.303,30.331,25.558,46.922,59.185,27.54,26.772,2.3068,0.67714,18.41,37.165,4.3298,54.438,55.3,52.926,18.286,22.475,20.978,19.657,167.74,114.23,110.98,87.806,79.462,0.70441,0.73404,0.99652,1.5086,37.546,8.4229,9.6456,9.6838,18.785,39.878,17.738,15.317,46.638,45.135,6.2638,25.886,1.2466,30.722,3.1858,6.6837,23.61,2.432,17.473,14.398,21.968,3.5787,0.67489,40.922,41.128,39.275,41.486,43.889,44.546,46.296,45.685,44.743,44.275,36.91,39.461,25.362,29.235,35.369,32.195,24.89,30.564,27.246,23.559,31.89,31.986,29.515,40.57,17.84,5.6759,7.0688,25.613,10.578,42.197,24.341,40.511,44.161,5.4568,50.251,54.016,52.036,51.211,52.109,51.551,52.069,53.022,54.194,52.292,56.102,57.162,26.82,69.265,19.291,12.744,25.284,19.214,18.58,19.333,20.912,38.778,38.757,40.037,40.407,36.325,32.083,31.116,24.162,26.873,25.534,18.677,24.196,23.016,20.989,20.856,19.966,18.448,19.591,19.406,19.526,142.01,157.34,211.06,191.98,195.86,203.55,140.01,165.76,194.19,193.2,143.97,119.81,162.87,54.084,58.647,110.63,46.744,50.172,40.446,42.678,38.739,1.4791,1.4811,0.37813,0.75458,32.123,0.54808,9.6072,7.8609,9.8293,5.861,4.9825,5.9137,20.516,40.281,38.933,46.017,46.031,41.047,43.789,46.842,45.918,44.883,49.004,58.189,37.964,17.516,21.267,28.077,29.796,31.95,28.521,28.868,30.4,30.893,29.094,29.954,30.393,29.488,33.363,17.63,2.9552,2.8351,3.8171,19.187,15.82,4.5548,51.491,49.947,48.382,49.205,52.166,52.597,18.184,24.566,76.446,57.494,43.807,56.146,24.571,16.155,16.759,42.993,30.579,22.581,18.741,16.793,21.084,18.263,103.86,105.89,80.193,47.956,46.049,42.994,45.5,45.754,44.412,46.506,30.545,40.685,42.311,4.8932,2.967,4.1907,3.4509,4.0054,40.279,40.872,19.652,19.616,36.515,42.883,5.2426,37.531,45.128,5.2017,3.7435,4.414,4.0441,40.697,38.564,40.686,33.314,36.857,25.115,30.785,30.442,40.003,37.719,43.132,40.169,39.744,38.595,29.524,26.901
40.056,44.554,40.47,0,34.052,14.559,33.036,12.011,1.59,3.2976,78.12,82.093,38.625,34.235,25.314,33.026,35.964,25.651,54.618,48.969,47.505,44.274,65.112,57.04,54.775,52.169,204.18,200.04,202.7,122.02,80.253,39.808,39.872,31.843,40.231,0.70642,14.819,11.338,14.855,4.2387,0.60677,16.008,20.229,5.5357,1.2965,34.873,3.806,30.072,14.787,20.995,21.615,11.348,40.635,11.798,7.2003,9.1891,22.622,32.145,83.841,84.909,83.589,82.339,83.913,75.508,75.412,69.432,82.662,74.916,50.392,42.804,32.919,27.482,34.474,32.027,24.217,32.378,31.862,33.961,40.996,39.225,43.53,17.157,23.691,55.973,56.514,15.324,28.28,23.875,18.525,22.412,27.814,56.609,49.253,50.857,49.22,48.285,52.124,47.94,49.293,49.191,50.433,51.083,56.788,49.366,66.745,66.341,74.755,55.115,71.577,67.729,65.325,66,74.091,74.686,69.483,69.574,69.236,69.538,70.88,52.081,54.191,61.882,56.478,50.074,55.469,52.295,52.588,51.922,52.326,51.193,54.767,53.19,53.88,181.17,208.77,258.02,291.55,292.5,260.01,208.18,211.56,232.49,257.65,215.53,155.32,192.07,126.95,130.82,129.64,108.43,125.61,113.38,117.24,110.24,46.131,43.073,34.023,32.554,2.4799,35.801,34.049,14.264,33.793,23.578,22.241,15.732,3.8704,82.918,81.239,89.787,94.458,81.494,72.869,74.39,72.549,72.294,79.055,102.28,41.768,78.873,49.437,34.563,36.191,36.443,34.266,33.321,31.564,36.908,31.548,38.565,39.827,40.158,39.809,18.518,41.958,49.442,46.884,29.661,26.681,54.72,48.215,47.803,46.911,46.397,48.507,47.49,80.947,88.017,77.844,49.276,37.999,49.837,70.824,76.264,68.779,76.844,76.912,55.242,65.838,47.42,63.792,47.916,175.67,169.52,93.14,118.93,75.267,73.057,74.307,76.268,76.002,77.109,36.105,21.586,24.658,56.294,51.164,54.713,54.21,51.33,66.465,70.623,53.666,54.59,106.94,115.12,53.98,27.422,27.317,56.538,52.732,55.179,53.497,21.539,68.976,69.583,63.105,69.183,70.041,42.128,39.109,20.903,24.09,23.136,25.102,68.909,67.555,37.192,41.705
9.6585,11.755,5.7833,34.052,0,6.2345,18.518,22.709,29.476,26.815,81.349,95.703,49.679,47.326,2.5891,2.9455,37.916,55.068,20.117,81.677,82.019,78.502,43.759,48.178,45.825,43.601,230.02,171.29,167.42,133.92,116.1,9.9533,10.067,8.2029,12.412,35.162,4.137,6.9489,3.9291,17.578,37.052,5.7112,3.6554,29.749,33.325,0.014468,28.019,8.0951,42.678,5.0353,15.804,32.632,14.707,25.467,10.343,29.032,2.3309,3.2589,75.277,75.674,73.248,75.737,78.826,78.15,80.12,78.191,79.633,77.727,63.736,64.185,45.242,47.482,56.882,52.537,41.228,50.893,47.004,43.51,55.356,54.886,53.449,54.011,32.654,22.881,25.512,37.48,24.908,59.255,37.846,56.852,63.086,22.465,77.55,81.895,79.35,78.201,80.379,78.427,79.408,80.335,81.932,80.228,85.909,84.516,55.364,101.99,45.997,34.546,54.032,45.341,44.197,45.325,48.295,71.295,70.322,71.823,72.182,67.478,62.591,57.615,49.748,54.619,51.923,41.894,50.054,47.915,45.408,45.099,44.034,41.822,44.012,43.473,43.762,200.16,219.97,281.86,264.25,268.69,274.42,201.27,229.1,261.1,263.33,206.26,173.1,223.11,95.183,101.15,158.97,84.971,90.022,76.818,79.88,74.457,13.057,12.787,6.4589,7.6069,33.182,2.8262,0.48311,4.8403,25.713,15.412,12.94,8.5376,20.351,74.374,72.507,82.197,82.812,75.086,76.774,80.531,79.117,77.899,83.881,98.14,62.241,43.428,45.085,48.922,51.423,53.898,49.317,49.364,50.402,52.891,48.954,52.401,53.305,52.388,56.6,29.885,16.083,16.659,18.562,36.732,31.367,20.593,78.46,76.756,74.859,75.523,79.241,79.324,44.475,54.172,112.45,84.811,67.005,83.676,52.997,41.268,41.891,76.608,61.552,47.971,44.479,38.842,47.443,40.889,157.98,159.84,120.16,86.993,79.812,75.904,79.001,79.671,78.09,80.687,52.227,56.596,59.757,21.315,17.025,19.819,18.162,19.324,71.461,72.993,43.886,44.013,71.36,80.158,21.956,56.25,63.8,21.951,18.818,20.301,19.487,56.583,70,72.571,62.676,68.042,53.621,54.47,53.126,55.562,54.894,59.794,57.848,71.352,69.753,51.459,49.891
7.2617,9.48,6.6196,14.559,6.2345,0,8.0763,5.4024,9.6268,7.6061,53.72,63.086,25.051,22.693,1.5348,3.7349,18.052,25.486,16.004,46.284,46.188,43.338,29.895,29.427,27.524,25.595,180.16,144.85,143.78,97.275,74.922,7.2521,7.306,4.122,8.1258,13.547,0.70638,0.33749,1.308,3.462,14.892,5.9083,6.0742,19.123,17.235,6.7844,8.1169,3.5526,16.58,0.63051,3.973,10.491,9.0288,6.7378,1.5144,8.3962,1.0925,3.4377,52.192,52.752,51.029,51.953,54.128,51.147,52.22,49.385,54.171,50.734,35.947,34.349,21.231,21.332,28.219,25.17,17.152,24.295,21.974,20.525,28.817,28.126,28.38,23.762,12.398,17.537,18.766,13.618,9.6038,27.805,14.268,26.111,30.767,17.62,43.814,46.828,44.905,43.996,46.185,44.06,44.957,45.503,46.758,45.857,50.635,48.133,36.19,62.797,34.363,22.173,37.115,31.554,30.177,30.949,35.198,47.129,45.003,45.857,45.955,43.468,41.277,32.971,29.364,34.26,31.19,24.094,29.909,27.842,26.64,26.28,25.862,24.401,26.609,25.846,26.206,154.94,175.54,228.61,229.84,232.67,224.74,164.43,181.9,207.93,217.35,169.82,130.71,172.26,77.682,82.159,114.57,65.692,74.59,63.453,66.414,61.114,10.451,9.2476,4.4271,4.1982,11.323,4.7173,8.1608,0.31162,11.451,4.2715,3.0106,0.4037,4.526,51.409,49.867,57.85,59.722,51.331,49.59,52.149,50.811,50.05,55.422,70.633,32.97,34.738,25.528,23.662,25.448,26.916,23.816,23.63,23.841,26.448,23.009,26.56,27.374,26.94,29.244,9.958,9.9685,12.846,12.594,15.867,12.389,16.214,44.14,43.008,41.657,41.948,44.682,44.514,35.992,43.069,72.056,48.299,34.998,47.708,36.345,32.796,30.31,50.7,42.714,28.764,30.488,21.764,31.234,22.937,128.74,127.63,80.733,70.562,52.004,49.161,51.264,52.224,51.263,53.045,25.885,25.847,28.225,17.075,13.616,15.933,15.165,14.485,44.739,46.818,26.202,26.554,58.366,65.742,16.444,26.495,31.141,17.401,14.828,16.283,15.354,25.833,44.673,46.274,38.916,43.665,36.392,28.596,27.099,25.119,25.136,28.049,27.102,45.398,44.113,25.702,25.945
2.6122,2.7425,5.4202,33.036,18.518,8.0763,0,5.9563,21.151,16.327,22.297,30.067,8.5255,8.1703,7.682,6.9864,3.8542,15.349,3.2026,25.57,26.224,24.679,6.8995,7.1653,6.2509,5.4005,118.2,84.58,83.701,52.977,43.549,2.4157,2.3755,2.1554,1.5311,27.372,13.124,11.413,15.411,14.229,29.391,27.345,26.584,48.972,41.812,19.544,15.876,2.1349,13.228,5.5001,1.2132,10.016,0.99296,6.8468,14.771,10.08,9.2116,6.4183,19.907,20.193,19.046,19.947,21.447,20.634,21.616,20.637,21.71,20.409,14.162,15.649,7.429,10.042,13.329,11.488,7.8392,10.47,8.5404,6.4193,11.016,11.085,9.6787,19.404,4.2104,3.2022,3.1608,9.909,0.98952,19.128,8.43,18.191,19.913,3.4287,22.678,25.238,23.898,23.349,23.918,23.59,23.919,24.579,25.368,24.049,26.652,27.482,10.429,35.947,9.3428,3.5036,10.623,7.7157,7.0331,7.4055,9.6301,17.394,16.712,17.423,17.59,15.423,13.483,10.939,7.5927,9.7538,8.4773,4.7754,7.7446,6.8747,6.0055,5.8773,5.5451,4.8043,5.6846,5.4163,5.5478,97.233,112,156.6,152.03,154.49,151.89,101.04,118.04,140.81,144.65,105.05,78.555,113.09,35.707,38.723,69.087,27.718,33.76,26.583,28.517,25.065,2.6513,1.9875,3.4532,2.538,20.85,7.7255,24.362,11.36,0.65492,0.8222,1.3209,5.0765,14.335,19.43,18.476,23.525,24.374,19.587,19.896,21.817,21.083,20.457,23.605,32.205,14.715,10.103,5.8177,8.9024,9.852,11.125,9.1695,9.4109,10.42,10.48,9.6383,9.8995,10.145,9.6234,11.903,4.9351,0.94705,2.4623,1.4985,4.3567,3.0068,3.1516,23.542,22.493,21.447,22.017,24.002,24.326,10.835,14.273,41.319,27.721,18.681,26.748,10.203,9.1258,7.2674,19.942,13.813,6.9934,7.1849,3.7683,7.6113,4.3962,72.771,72.504,44.788,30.967,21.458,19.47,21.034,21.408,20.619,21.937,10.296,18.473,19.076,3.4982,2.8522,3.2849,3.4893,2.4283,17.227,18.005,5.5723,5.6721,23.347,27.952,2.7655,15.365,20.68,3.4759,2.9013,3.3354,2.9917,18.491,16.548,17.783,13.083,15.658,10.271,10.377,10.177,18.125,15.957,19.935,17.493,17.186,16.404,9.67,8.2003
12.468,14.248,15.303,12.011,22.709,5.4024,5.9563,0,5.007,2.7787,31.828,36.786,9.3928,7.5443,10.592,13.525,6.8089,7.4988,17.739,20.923,20.669,18.69,21.198,17.002,15.715,14.299,132.61,116.49,117.71,64.849,42.188,12.166,12.148,8.6685,11.318,8.1031,9.4712,6.209,11.155,3.2415,9.1854,19.898,21.606,26.604,18.982,23.81,2.4865,7.8704,3.1293,6.6747,2.1063,0.9498,10.735,0.081195,6.1695,0.6168,10.509,12.669,33.719,34.34,33.327,32.991,34.261,29.99,30.321,27.237,33.748,29.633,16.404,13.958,6.7663,5.8,9.7474,8.0479,3.789,7.7528,6.7885,6.8043,11.3,10.626,11.809,6.7269,2.3854,17.893,17.671,1.8664,3.4491,8.6969,2.1977,7.7653,10.403,18.411,19.672,21.503,20.229,19.605,21.386,19.583,20.267,20.538,21.398,21.034,24.529,21.995,22.528,32.813,26.932,15.782,25.073,22.701,21.316,21.7,26.455,28.445,25.766,26.065,25.972,25.343,25.377,15.884,15.757,19.97,17.062,13.189,16.393,14.692,14.62,14.279,14.401,13.728,15.609,14.794,15.152,112.19,131.93,175.76,190.59,192.04,174.53,126.94,135.99,156.39,170.14,132.3,91.665,124.63,61.192,64.1,75.635,48.806,60.052,51.589,54.205,49.479,14.679,12.867,10.871,9.3621,4.5793,15.328,26.799,7.8448,5.5705,2.7803,2.9422,3.4094,2.6893,33.111,31.98,37.841,40.458,32.46,28.498,29.934,28.812,28.452,32.763,47.037,13.146,29.764,13.114,7.9501,8.9488,9.5605,7.9408,7.6778,7.4312,9.4774,7.1062,9.8942,10.49,10.42,11.189,1.0226,11.072,15.444,13.282,4.5131,3.0928,17.67,19.668,19.016,18.181,18.245,19.998,19.756,31.051,35.092,40.114,22.076,13.48,21.824,24.604,28.245,23.429,30.357,28.514,16.1,21.61,11.776,20.496,12.109,99.253,95.971,48.228,55.541,30.193,28.424,29.591,30.634,30.213,31.224,9.0929,7.6364,8.9305,18.509,16.44,17.89,18.084,15.831,24.579,26.761,15.051,15.52,47.275,52.8,16.833,8.1149,10.607,18.498,16.887,18.057,17.186,7.63,25.473,26.202,21.561,25.257,24.196,11.504,10.218,7.2501,7.2556,8.8493,8.3186,25.673,24.768,9.2658,10.519
28.731,32.245,30.331,1.59,29.476,9.6268,21.151,5.007,0,0.32567,57.605,61.477,24.636,21.176,18.824,24.957,22.445,15.26,39.731,34.416,33.354,30.643,46.744,39.639,37.774,35.631,172.34,165.99,168.38,96.683,61.495,28.435,28.463,21.978,28.245,0.41,11.542,7.8463,12.256,1.5639,0.69265,16.45,19.957,11.265,5.2801,30.449,0.47654,20.52,7.0975,14.342,12.373,4.4866,28.159,4.7699,5.0034,3.1357,17.071,24.029,62.345,63.264,62.122,61.062,62.44,55.335,55.312,50.308,61.388,54.83,34.368,28.473,20.115,16.117,21.76,19.708,13.503,19.893,19.358,20.884,26.66,25.27,28.588,9.5321,13.01,40.532,40.664,7.1827,16.767,14.399,9.3587,13.197,17.44,41.171,34.292,35.855,34.409,33.61,36.696,33.368,34.468,34.468,35.538,35.891,40.703,34.968,47.775,49.427,55.163,38.563,51.978,48.961,46.908,47.444,54.431,54.511,50.125,50.232,49.96,50.126,51.24,35.54,37.226,43.645,39.121,33.916,38.291,35.663,35.943,35.391,35.752,34.857,37.812,36.494,37.069,150.72,175.51,221.96,250.39,251.37,223.1,174.01,178.51,198.69,220.34,180.67,127.08,161.66,100.25,103.62,104.75,83.807,99.172,88.511,91.904,85.752,33.371,30.683,24.356,22.744,0.22103,27.478,31.105,10.493,21.135,13.928,13.252,9.4643,0.96971,61.549,60.1,67.506,71.541,60.334,53.099,54.478,52.907,52.656,58.463,78.496,27.572,59.083,33.321,21.474,22.805,23.096,21.26,20.543,19.263,23.41,19.191,24.669,25.679,25.907,25.791,9.2626,29.08,35.637,33.025,17.516,15.283,39.745,33.578,33.131,32.311,31.974,33.862,33.105,60.888,66.606,59.281,34.929,25.052,35.243,51.354,56.893,50.097,56.418,56.441,38.126,47.344,31.783,45.433,32.138,143.98,138.6,72.037,93.194,55.182,53.232,54.36,56.011,55.746,56.742,22.77,12.626,14.974,41.064,37.131,39.868,39.702,36.881,47.648,51.133,36.885,37.663,82.887,89.961,38.865,16.592,17.169,41.185,38.235,40.212,38.816,12.593,49.696,50.258,44.688,49.836,50.654,27.514,25.115,12.079,14.165,13.96,15.104,49.668,48.508,23.576,27.064
23.64,26.712,25.558,3.2976,26.815,7.6061,16.327,2.7787,0.32567,0,50.069,54.214,19.79,16.741,15.784,21.102,17.502,12.32,33.177,30.009,29.154,26.63,39.277,32.91,31.193,29.236,161.23,152.4,154.5,87.594,55.6,23.343,23.359,17.64,22.984,1.42,10.073,6.4856,11.035,1.0439,1.9063,16.392,19.441,14.234,7.8275,27.821,0.037286,16.35,5.1282,11.444,8.8064,2.6302,22.77,2.6219,4.3566,1.5401,14.457,20.192,54.085,54.928,53.819,52.943,54.293,47.909,47.976,43.462,53.378,47.442,28.826,23.81,15.753,12.527,17.736,15.774,10.068,15.838,15.195,16.336,21.783,20.576,23.35,7.8566,9.3459,33.812,33.853,4.8709,12.419,11.984,6.5763,10.851,14.683,34.421,29.599,31.229,29.827,29.073,31.827,28.888,29.882,29.95,30.967,31.137,35.612,30.693,40.38,44.221,47.012,31.802,44.161,41.311,39.429,39.925,46.344,46.903,42.952,43.108,42.881,42.846,43.686,29.568,30.794,36.65,32.538,27.675,31.75,29.358,29.55,29.052,29.352,28.514,31.195,30.005,30.525,139.91,163.42,209.19,234.16,235.26,209.73,161.04,166.68,186.92,206.56,167.36,117.07,151.24,89.33,92.585,96.347,73.923,88.239,78.14,81.336,75.547,27.661,25.195,19.975,18.389,0.37973,23.44,29.073,8.8757,16.214,10.137,9.676,6.9751,0.45923,53.337,51.97,58.98,62.654,52.266,45.863,47.256,45.799,45.521,50.946,69.51,22.931,50.656,27.212,17.067,18.313,18.684,16.905,16.304,15.287,18.898,15.15,19.942,20.846,20.999,21.107,6.2074,23.542,29.543,27.044,13.245,11.22,33.17,29.066,28.567,27.743,27.508,29.361,28.735,52.329,57.617,53.423,30.685,21.138,30.855,43.577,48.638,42.345,48.81,48.362,31.553,39.829,25.727,38.12,26.076,131.6,126.76,64.995,82.635,47.847,45.943,47.081,48.577,48.272,49.272,18.322,10.393,12.471,34.366,30.91,33.318,33.245,30.567,40.803,43.956,30.362,31.061,72.851,79.529,32.3,13.469,14.533,34.454,31.846,33.617,32.355,10.367,42.558,43.162,37.831,42.608,42.951,22.471,20.356,9.8872,11.443,11.695,12.413,42.588,41.493,18.968,21.886
36.847,34.61,46.922,78.12,81.349,53.72,22.297,31.828,57.605,50.069,0,0.99808,6.904,8.9289,56.087,53.743,9.6574,16.498,26.052,8.4472,9.565,10.227,8.0836,4.4509,5.1539,5.8754,37.825,29.086,31.172,6.5407,8.0827,36.13,35.92,37.941,31.604,64.843,66.676,60.262,71.763,55.382,67.133,95.183,95.487,116.26,97.485,83.466,47.794,38.123,25.862,49.112,28.486,29.941,27.99,30.799,64.051,34.047,59.786,52.256,1.0224,1.1406,1.3666,0.71278,0.51581,0.032295,0.031116,0.37581,0.29456,0.042776,3.189,6.3513,9.6534,13.171,9.7161,10.578,15.347,10.14,10.209,9.2844,6.0094,6.767,5.0351,26.787,16.789,23.023,20.099,24.3,17.897,20.191,20.563,20.848,17.536,23.907,6.6697,7.3884,7.3498,7.4642,6.1164,7.7579,7.3293,7.7531,7.6535,6.6207,5.7514,9.4672,3.1351,7.8022,10.293,11.297,4.6602,7.9711,7.888,7.4375,8.4995,0.49,0.40186,0.31104,0.30571,0.68298,1.6755,2.7428,3.8681,2.7957,3.2901,6.4955,3.7851,4.4111,5.2131,5.3106,5.7131,6.5636,5.8795,5.9819,5.9107,26.456,35.05,60.946,67.849,68.308,58.71,31.67,38.002,51.049,55.273,34.429,17.154,35.072,10.734,10.555,13.668,5.774,12.17,11.73,12.341,11.211,32.929,31.997,42.422,39.345,52.963,55.269,93.27,62.21,15.981,27.947,31.725,44.812,52.676,1.0261,1.0906,0.97723,1.8365,0.69179,0.092555,0.084134,0.14394,0.125,0.028062,1.685,6.4991,14.388,5.3556,8.7668,8.0223,8.0797,8.9335,9.4563,10.609,7.7484,10.488,6.9327,6.4122,6.2585,6.6455,21.605,26.344,28.484,24.567,12.384,15.411,25.431,7.6046,7.2131,7.0638,7.6015,7.7326,8.3979,14.701,11.246,7.3773,9.6677,10.102,8.7699,4.9159,14.772,10.626,0.11902,3.1062,4.4188,7.879,7.7685,5.7585,6.8947,19.663,17.5,5.5877,9.8734,0.031115,0.10118,0.051772,0.011421,0.034601,0.0034695,8.1151,21.775,19.497,25.299,28.816,26.538,28.769,25.456,0.47398,0.23731,5.8435,5.8635,11.06,10.977,23.203,15.163,18.437,24.56,26.913,26.103,26.344,21.829,0.42837,0.28044,1.2235,0.60672,4.4465,5.5221,6.7171,22.176,18.075,21.381,18.133,0.35016,0.47293,7.5333,5.7927
47.831,45.655,59.185,82.093,95.703,63.086,30.067,36.786,61.477,54.214,0.99808,0,9.0205,11.031,67.547,65.962,13.675,16.585,36.395,6.2601,7.1976,8.1197,14.566,8.9639,9.8426,10.676,30.066,30.732,33.943,3.9902,3.6341,46.993,46.759,48.232,41.84,67.99,77.143,69.459,82.546,61.563,70.058,107.06,108.26,123.73,102.79,98.033,51.666,48.226,27.31,59.232,35.666,32.962,37.675,35.188,72.343,37.66,71.16,64.231,3.8525,4.0382,4.5431,3.2604,2.6999,1.2768,0.9154,0.88474,2.1703,1.29,4.0657,6.3865,12.001,14.644,10.2,11.576,17.643,11.449,12.145,12.047,7.3653,8.0291,6.9871,26.571,20.614,32.879,29.4,26.648,23.715,19.518,23.038,20.455,16.526,33.964,5.1514,5.3376,5.5456,5.7544,4.4208,5.9817,5.5227,5.7931,5.5583,4.851,3.6314,6.8817,7.4994,4.1229,17.684,18.353,9.9359,14.489,14.309,13.717,15.306,2.8703,2.31,1.96,1.8495,3.1159,5.1911,4.8854,7.722,6.6755,7.0092,11.374,7.7375,8.3854,9.71,9.7854,10.448,11.596,10.927,10.936,10.895,20.537,29.484,51.884,66.395,66.21,51.087,29.156,31.322,41.987,49.136,32.083,12.342,26.9,15.867,15.097,8.0093,10.168,18.128,18.495,19.072,17.98,43.848,42.537,53.531,49.905,56.039,67.931,108.18,72.244,22.231,35.408,39.663,53.434,58.175,3.9027,4.0943,3.312,4.683,3.2494,1.2592,0.77302,0.85984,1.0238,0.69479,2.7736,6.7587,22.96,9.53,10.618,9.5916,9.2454,10.688,11.114,11.929,9.1315,12.057,8.5621,8.0089,8.0496,7.6698,25.544,35.859,38.933,34.154,15.984,19.756,35.668,5.8481,5.6862,5.7546,6.1406,5.8807,6.4423,23.36,18.872,3.24,7.0299,9.2503,6.3534,10.296,23.426,18.027,1.8051,7.6241,8.7456,14.312,12.929,11.302,11.707,20.16,16.796,1.8707,15.422,0.95209,1.4454,0.99922,1.0792,1.3506,0.99467,9.5366,21.376,18.794,35.595,39.43,36.971,39.554,35.502,1.8136,1.8045,10.776,10.888,17.963,17.325,32.989,15.186,17.289,34.733,37.3,36.484,36.676,21.43,2.3326,1.7966,3.7442,2.8923,9.5947,7.1474,8.2735,21.898,18.086,20.586,17.748,2.0029,2.2486,9.1929,8.1904
20.467,20.207,27.54,38.625,49.679,25.051,8.5255,9.3928,24.636,19.79,6.904,9.0205,0,0.13648,29.636,30.164,0.92759,3.19,17.222,4.6581,5.0367,4.5197,8.1082,3.4059,3.213,2.9406,71.789,63.267,65.385,24.882,13.893,19.904,19.777,18.903,16.911,29.568,34.133,28.737,37.693,23.568,31.181,54.42,55.769,66.732,52.504,51.388,18.368,18.532,6.429,23.606,9.5965,8.1018,14.548,8.6735,30.3,10.29,31.462,28.885,9.0889,9.4787,9.2155,8.4622,8.8311,6.1271,6.1417,4.6682,8.3437,5.9599,0.99733,1.0938,0.23003,1.2148,0.95806,0.78261,1.688,0.53968,0.35996,0.22635,0.15989,0.18382,0.14718,7.9807,2.3647,15.543,13.708,5.3763,4.2566,5.3635,3.668,5.3615,4.6921,16.331,3.407,4.451,3.9114,3.7051,3.8841,3.8189,3.9187,4.2063,4.5185,3.942,5.0525,5.5425,5.3557,9.5027,12.398,7.3592,7.7447,8.7957,8.0403,7.9386,11.008,6.0702,4.532,4.5261,4.4356,4.6829,5.6473,1.027,2.2351,3.7419,2.5177,2.7512,2.5414,2.045,2.6337,2.5088,2.8803,3.1102,3.6788,3.2979,3.4474,56.767,70.92,104.12,117.95,118.63,102.96,67.992,73.958,89.618,99.656,72.082,42.456,66.331,28.364,29.447,32.531,19.496,28.881,24.868,26.44,23.577,19.502,17.989,22.607,20.07,21.72,32.003,58.019,30.872,4.4775,9.761,11.974,19.204,21.633,8.8141,8.3493,10.869,12.79,8.1972,5.4013,5.9017,5.398,5.2873,7.2394,15.199,0.8657,16.357,1.8446,0.14912,0.13784,0.30155,0.19096,0.29286,0.62907,0.17873,0.50923,0.061626,0.070486,0.035984,0.29893,4.2237,13.798,17.399,13.987,1.044,2.2107,16.826,3.7893,3.3639,2.9695,3.2155,3.9771,4.1592,17.178,16.949,12.648,5.6639,2.4309,5.1693,7.6905,15.849,10.871,6.5286,8.3123,2.8758,8.1839,2.8328,6.1929,2.4048,49.579,46.387,15.842,25.343,6.0946,5.4415,5.8231,6.3577,6.2656,6.6094,0.19583,5.7727,5.1082,17.191,18.121,17.582,18.965,15.868,3.7624,4.7934,3.3431,3.6183,22.483,24.901,15.092,2.7775,5.1984,16.756,17.268,17.418,17.099,5.7976,4.4018,4.5233,3.1581,4.5425,7.1569,0.11726,0.078685,5.8401,3.8516,5.9997,4.2384,4.3573,4.0301,0.077083,0.089839
20.019,20.049,26.772,34.235,47.326,22.693,8.1703,7.5443,21.176,16.741,8.9289,11.031,0.13648,0,27.781,28.788,0.96831,2.2269,17.804,4.8649,5.1214,4.4577,9.6248,4.5958,4.2893,3.8837,76.938,69.273,71.495,28.241,15.283,19.466,19.35,18.011,16.64,25.713,31.313,25.953,34.682,20.477,27.209,50.541,52.12,61.207,47.442,48.996,15.419,17.545,4.704,21.769,8.4532,6.1689,14.408,6.8196,27.116,8.1327,29.33,27.518,11.442,11.877,11.568,10.745,11.163,8.0572,8.0424,6.2744,10.61,7.8647,1.7029,1.2844,0.024368,0.56792,0.68452,0.40496,0.86831,0.21728,0.056963,0.10962,0.38132,0.29144,0.55928,6.2,1.5692,16.277,14.549,3.8038,3.7489,4.115,2.3985,4.0429,3.6996,17.067,3.7483,4.7924,4.2024,3.9582,4.358,4.0402,4.2135,4.468,4.8275,4.3452,5.7098,5.6949,7.0023,10.368,14.294,8.3561,9.5955,10.43,9.5699,9.5059,12.91,8.0259,6.2377,6.2213,6.1092,6.4159,7.4714,1.9122,3.2825,5.1626,3.677,3.5847,3.6534,2.9974,3.6013,3.4424,3.8323,3.9991,4.7493,4.2907,4.4745,61.553,76.536,110.48,125.97,126.63,109.6,73.941,79.489,95.315,106.45,78.237,46.618,71.055,32.295,33.508,35.693,22.8,32.753,28.296,30.003,26.895,19.473,17.843,21.675,19.168,18.439,30.712,55.2,28.188,4.3151,8.7435,10.773,17.22,18.594,11.131,10.601,13.441,15.559,10.446,7.2115,7.7432,7.1608,7.0529,9.2794,18.183,1.022,18.336,2.6498,0.015779,0.085215,0.22879,0.031121,0.064013,0.25317,0.15504,0.15516,0.16008,0.24222,0.24194,0.41972,3.0126,13.772,17.666,14.251,0.67247,1.637,17.431,4.0302,3.6201,3.2095,3.4002,4.2182,4.3217,19.239,19.383,13.987,5.8003,2.1964,5.3831,9.506,17.707,12.499,8.5428,10.402,3.9776,9.7364,3.5197,7.686,3.1253,54.871,51.425,17.935,29,7.9918,7.2718,7.6807,8.3085,8.2216,8.5908,0.12523,4.3794,3.9203,17.872,18.458,18.153,19.445,16.315,5.2971,6.5304,4.3603,4.6803,25.676,28.406,15.728,1.9416,4.1369,17.47,17.736,18.024,17.62,4.3999,6.0846,6.2108,4.6017,6.2534,8.9427,0.42631,0.2042,4.4093,2.7501,4.661,3.1495,6.0228,5.6417,0.093994,0.42382
3.7032,5.3394,2.3068,25.314,2.5891,1.5348,7.682,10.592,18.824,15.784,56.087,67.547,29.636,27.781,0,0.55626,20.838,34.141,11.268,55.203,55.513,52.655,27.488,29.645,27.763,25.957,186.01,139.42,137,100.93,84.07,3.7991,3.8596,2.0745,5.026,24.201,1.9236,2.8092,2.5415,9.6061,25.987,7.5638,6.3882,28.286,27.812,2.9904,16.402,1.8727,25.187,0.45088,5.5997,17.839,6.2648,12.527,5.6383,15.531,0.14176,0.49653,52.074,52.484,50.553,52.253,54.717,53.428,54.927,53.008,55.196,53.057,40.799,40.994,26.188,27.985,35.228,31.834,23.262,30.538,27.532,24.893,34.039,33.648,32.643,34.192,16.88,13.034,14.646,21.019,11.505,37.758,20.996,35.898,40.611,12.904,51.799,55.365,53.277,52.338,54.117,52.527,53.325,54.089,55.399,53.992,58.679,57.562,35.746,72.084,30.336,20.1,35.361,28.898,27.811,28.661,31.766,48.187,46.998,48.139,48.384,44.87,41.394,36.19,30.52,34.721,32.285,24.571,30.847,29.043,27.272,26.996,26.275,24.619,26.487,25.959,26.226,159.53,178.29,233.65,224.02,227.56,227.79,163.42,185.95,214.15,218.59,168.27,135.28,179.3,72.355,77.212,121.81,62.253,68.515,57.334,60.089,55.189,6.2111,5.6087,1.6035,1.8913,21.027,0.92748,4.7722,1.7359,12.287,5.3814,3.9544,2.0382,11.285,51.307,49.75,57.853,58.842,51.682,52.166,55.165,53.939,52.984,58.106,71.191,39.444,29.336,26.785,29.004,30.938,32.861,29.306,29.344,30.167,32.079,29.04,31.718,32.435,31.738,34.989,15.065,7.1764,8.5641,9.2114,19.824,15.934,11.546,52.552,51.154,49.607,50.154,53.193,53.273,30.357,37.835,80.971,57.811,43.322,56.853,34.545,27.526,26.75,52.373,41.318,29.332,28.067,22.21,29.842,23.684,125.79,126.37,87.864,65.295,54.679,51.517,53.983,54.652,53.424,55.497,31.56,35.775,38.1,12.21,9.0374,11.123,10.153,10.298,47.629,49.11,26.294,26.47,52.524,59.918,12.189,34.989,41.252,12.604,10.249,11.464,10.738,35.769,46.713,48.708,40.745,45.26,34.886,33.382,32.285,34.989,34.118,38.29,36.47,47.729,46.413,30.975,29.885
1.9883,3.0981,0.67714,33.026,2.9455,3.7349,6.9864,13.525,24.957,21.102,53.743,65.962,30.164,28.788,0.55626,0,20.833,37.326,7.9993,57.189,57.778,55.079,24.012,27.46,25.712,24.095,181.46,129.92,126.91,97.575,84.832,2.1091,2.1608,1.3849,3.2782,31.287,4.5196,5.8116,5.3552,14.249,33.358,11.485,9.5803,36.687,36.203,3.3383,21.648,1.4196,29.196,1.4674,6.4908,21.631,4.4909,15.679,9.6679,19.495,1.2109,0.015094,48.486,48.793,46.84,48.892,51.403,51.158,52.84,51.571,52.109,50.83,40.793,42.192,27.225,30.11,37.068,33.666,25.385,32.16,28.889,25.623,34.698,34.54,32.751,38.909,18.4,9.68,11.309,24.432,11.792,41.718,23.835,39.877,44.249,9.47,53.306,57.068,54.977,54.069,55.459,54.337,55.019,55.897,57.174,55.484,59.858,59.79,32.822,73.474,25.867,17.317,31.747,25.203,24.335,25.171,27.5,45.455,44.874,46.129,46.45,42.506,38.474,35.407,28.825,32.368,30.446,22.872,29.004,27.47,25.48,25.271,24.423,22.767,24.314,23.955,24.152,154.93,172.11,227.47,212.15,215.97,220.59,155.54,180.34,209.12,210.58,159.97,131.35,175.64,65.179,70.026,119.93,56.437,61.139,50.432,52.964,48.478,3.792,3.5316,0.68282,1.1213,27.142,0.061503,5.7345,4.256,11.815,5.9503,4.6667,3.8595,16.089,47.765,46.274,54.067,54.524,48.377,50.133,53.253,52.154,51.127,55.857,67.147,40.619,24.287,25.393,30.098,31.995,34.102,30.482,30.674,31.877,33.155,30.621,32.49,33.092,32.264,35.944,17.265,5.2667,5.8036,6.7731,20.689,16.877,8.2753,54.321,52.813,51.213,51.912,54.997,55.251,25.136,32.343,81.706,60.085,45.585,58.912,30.955,22.658,22.741,49.795,37.568,27.369,24.547,20.662,26.752,22.205,117.95,119.41,87.135,58.442,52.585,49.384,51.948,52.411,51.083,53.231,32.703,39.885,41.966,8.7845,6.0937,7.838,6.8975,7.3724,46.012,47.057,24.255,24.32,45.978,53.036,9.0298,37.976,45.062,9.1658,7.1609,8.1381,7.5784,39.888,44.63,46.759,38.852,42.988,31.432,33.79,33.037,39.12,37.571,42.451,40.047,45.769,44.501,31.878,29.966
12.688,12.485,18.41,35.964,37.916,18.052,3.8542,6.8089,22.445,17.502,9.6574,13.675,0.92759,0.96831,20.838,20.833,0,5.6166,10.469,9.7259,10.228,9.4029,5.4177,2.4661,2.0598,1.6272,84.162,66.996,68.083,31.56,21.596,12.244,12.144,11.608,9.9176,27.91,25.896,21.729,29.078,19.318,29.689,44.416,44.999,60.274,48.301,39.406,16.381,11.379,7.2498,16.095,5.173,7.3357,8.1335,6.6314,23.996,8.8673,22.635,19.791,10.223,10.567,10.019,9.8384,10.574,8.607,8.954,7.721,10.355,8.4271,3.3377,4.0317,0.7992,2.4427,3.2808,2.5725,2.0614,2.0552,1.2833,0.43522,1.8483,1.9162,1.3425,10.368,1.2866,9.3148,8.0544,5.3975,1.3891,8.4013,3.6893,8.1032,8.1541,9.9129,7.8896,9.4424,8.647,8.3353,8.5893,8.4998,8.6581,9.0791,9.5393,8.6896,10.237,10.969,4.7412,16.26,8.9915,3.9121,6.3412,6.1184,5.4142,5.462,8.1627,7.4752,6.2879,6.5253,6.5267,5.9483,5.9147,2.2299,1.868,3.4996,2.3242,1.3194,2.106,1.5248,1.6202,1.5028,1.6334,1.5535,2.1807,1.8573,1.992,67.236,81.385,118.22,125.45,126.74,115.8,75.674,85.453,103.46,111.14,79.686,51.618,78.928,27.931,29.63,42.1,19.518,27.636,22.674,24.333,21.335,11.953,10.755,14.514,12.514,20.362,22.282,45.537,23.104,1.3358,5.1191,6.803,13.065,18.055,9.8898,9.2773,12.565,14.075,9.55,7.9075,8.877,8.3159,8.0315,10.315,18.251,3.5754,11.855,1.0742,1.2217,1.5124,2.0537,1.3459,1.5121,2.1116,1.7429,1.764,1.4394,1.5089,1.3024,2.2638,2.8703,7.5907,10.418,7.8285,0.35069,0.72393,10.183,8.4593,7.8206,7.2117,7.5804,8.7382,8.988,12.626,13.533,20.033,11.134,6.0458,10.459,6.1732,11.22,7.3478,8.6203,7.7286,2.0786,5.5546,1.0727,4.3903,0.99069,54.121,51.975,23.128,24.403,8.8704,7.7861,8.5578,9.0148,8.6876,9.3519,1.7044,8.4903,8.1988,10.522,11.01,10.738,11.748,9.3437,5.9929,6.8875,1.9334,2.1384,20.062,23.136,8.8932,5.3156,8.7651,10.217,10.427,10.637,10.332,8.5139,6.1521,6.6464,4.2235,5.9398,5.8492,1.5833,1.5371,8.4276,6.2953,9.1178,7.0644,6.3411,5.8748,1.3933,0.82794
30.098,31.051,37.165,25.651,55.068,25.486,15.349,7.4988,15.26,12.32,16.498,16.585,3.19,2.2269,34.141,37.326,5.6166,0,30.314,3.8734,3.5881,2.7452,21.103,13.154,12.683,11.992,85.152,89.335,92.976,36.273,15.576,29.459,29.349,26.085,26.507,17.904,33.824,27.311,36.933,17.943,18.832,51.287,54.437,52.698,38.173,56.829,11.021,25.146,1.5548,26.86,12.703,3.9562,24.122,6.1949,26.39,5.8394,34.781,35.84,21.799,22.435,22.264,20.613,20.819,15.588,15.13,12.114,19.767,15.323,5.2251,2.4418,2.2884,0.65404,0.90394,0.8226,1.2522,1.1062,1.6244,3.048,2.9358,2.4144,4.2706,1.241,3.537,28.758,26.802,1.9986,8.5443,0.28801,1.6212,0.2845,0.30173,29.757,3.8183,4.3361,3.8398,3.5763,4.6476,3.4982,3.8598,3.8641,4.2311,4.3511,6.1258,4.1473,16.773,9.8629,27.798,18.854,20.876,22.296,21.025,20.935,25.857,16.756,13.757,13.453,13.173,14.535,16.932,7.2203,10.765,13.782,11.36,11.444,11.426,10.316,11.482,11.2,11.902,12.175,13.48,12.699,13.015,70.502,88.306,121.01,148.98,148.92,122.38,89.719,89.905,103.87,121.15,94.797,54.806,77.594,49.626,50.642,40.064,37.535,50.721,45.744,47.82,44.017,30.734,28.383,30.439,27.476,12.267,39.94,62.104,30.673,10.565,13.646,15.601,20.394,15.538,21.427,20.829,23.961,27.173,20.222,14.308,14.461,13.671,13.752,16.566,28.697,2.2988,33.259,9.7286,2.0042,2.0349,1.7195,1.8445,1.5768,0.99476,2.0067,1.2064,2.6189,2.8868,3.1806,2.3469,3.8559,23.657,29.343,25.067,3.6802,4.78,29.907,3.5658,3.4282,3.1847,3.061,3.6601,3.427,34.487,34.724,14.438,4.1536,1.2115,4.1855,20.784,32.35,25.219,16.76,21.644,12.09,21.273,11.221,18.166,10.582,71.67,66.281,21.046,45.925,15.105,14.604,14.702,15.726,15.9,16.024,1.8753,0.39252,0.24404,30.633,30.508,30.722,32.09,28.131,11.745,13.806,12.819,13.364,42.562,45.669,27.85,0.030886,0.3965,30.208,29.953,30.645,29.939,0.39951,13.531,13.288,11.946,14.161,19.903,3.508,2.6714,0.42965,0.036253,0.44453,0.082955,13.17,12.75,2.3399,4.3433
2.0641,1.141,4.3298,54.618,20.117,16.004,3.2026,17.739,39.731,33.177,26.052,36.395,17.222,17.804,11.268,7.9993,10.469,30.314,0,39.472,40.764,39.384,5.4308,9.2866,8.532,7.9884,122.51,74.115,71.468,56.73,56.33,1.9829,1.9389,3.9756,1.3331,48.198,21.208,20.988,23.743,28.647,50.893,37.218,34.549,69.954,63.972,21.009,32.739,4.5175,29.036,10.718,7.8144,24.534,1.049,19.368,26.834,24.602,13.838,7.711,20.242,20.291,18.946,20.876,22.669,24.396,25.933,26.419,23.542,24.254,22.511,26.795,16.984,22.188,25.47,23.329,19.528,21.732,18.944,15.151,20.389,20.959,17.656,37.502,13.884,0.10323,0.40255,24.065,7.1734,36.013,21.405,34.957,36.363,0.065842,35.281,38.514,37.032,36.491,36.3,36.923,37.044,38.009,38.81,36.762,38.953,42.071,11.201,49.518,5.4494,3.0582,9.5547,5.8036,5.599,6.0221,6.4534,19.634,20.391,21.465,21.837,18.346,14.73,17.083,11.027,11.899,11.705,7.6337,10.837,10.476,8.895,8.9089,8.1864,7.2816,7.532,7.6425,7.6205,100.44,111.97,158.49,138.69,142.05,151.01,96.027,119.71,144.93,141.39,99.131,82.465,119.36,27.819,31.144,77.434,22.875,25.029,18.324,19.845,17.173,0.77617,0.98361,4.3737,4.0542,39.837,7.893,26.826,19.538,5.1305,6.644,7.1569,12.681,29.442,19.827,18.931,23.748,23.286,20.618,24.16,26.58,26.077,25.21,27.728,32.619,25.693,4.4331,9.6614,18.842,19.877,21.728,19.321,19.917,21.848,20.643,20.679,19.34,19.38,18.498,22.033,15.863,0.834,0.18564,0.3223,12.887,11.275,0.0038276,36.785,35.394,34.127,35.075,37.364,38.084,4.7841,8.2697,53.876,42.43,32.379,40.916,9.122,3.7597,4.2598,22.864,12.9,9.6462,5.6569,6.7635,7.4091,7.7184,66.165,68.27,54.276,23.476,25.74,23.442,25.416,25.324,24.205,25.847,20.568,35.499,35.795,0.01888,0.12977,0.0022672,0.068983,0.054288,22.2,22.009,7.7442,7.5765,15.702,19.962,0.084076,29.982,37.537,0.040037,0.024162,0.0014442,0.0067562,35.532,20.309,22.019,16.869,18.842,9.5832,19.114,19.619,35.125,31.483,37.278,33.476,21.323,20.566,19.347,15.877
44.484,44.25,54.438,48.969,81.677,46.284,25.57,20.923,34.416,30.009,8.4472,6.2601,4.6581,4.8649,55.203,57.189,9.7259,3.8734,39.472,0,0.034909,0.13465,21.679,12.846,13.075,13.093,53.27,64.733,69.239,18.27,3.9146,43.655,43.473,41.588,39.248,37.932,57.914,49.762,62.226,38.197,39.107,81.627,84.831,85.05,65.974,83.86,27.961,40.846,10.333,46.274,25.66,15.48,35.646,18.976,49.52,19.03,56.946,55.381,14.465,14.984,15.34,13.255,12.821,8.2375,7.4853,5.3108,11.692,8.0854,2.7679,1.239,5.5149,4.7753,2.2449,3.2176,7.0869,3.624,4.7926,6.3728,3.1446,3.0082,4.3478,8.3154,11.056,36.688,33.613,11.168,17.144,4.5131,9.6218,5.1427,3.0206,37.905,0.14286,0.037334,0.048865,0.060449,0.18784,0.042555,0.049566,0.018098,0.021009,0.11221,0.37225,0.044638,14.306,1.3791,27.79,22.361,18.586,22.4,21.472,21.053,25.135,10.623,8.1581,7.5967,7.2871,9.4317,12.7,5.4635,10.306,11.73,10.256,13.113,10.801,10.41,12.122,11.962,12.887,13.783,14.317,13.764,13.966,42.355,56.961,82.341,111.97,111.27,84.177,60.497,57.627,68.082,84.028,64.876,30.665,47.078,38.125,37.886,19.284,27.896,40.446,38.34,39.788,37.099,43.222,40.935,47.073,43.339,29.715,59.957,91.392,53.667,18.169,26.385,29.695,38.692,34.772,14.304,14.138,15.095,18.047,13.024,7.3881,6.8456,6.4294,6.7125,8.0617,16.582,1.508,34.267,10.697,4.3354,3.6849,2.9847,4.177,4.0966,3.7593,3.3129,4.1658,3.6823,3.5933,3.9657,2.6051,13.314,34.488,39.996,34.724,9.0924,11.944,38.841,0.048209,0.11285,0.19443,0.13351,0.03002,0.017307,35.245,32.649,3.3604,0.05915,0.81921,0.013321,18.771,33.981,26.382,9.561,17.43,11.947,21.635,13.857,17.745,12.666,48.83,43.137,7.1819,36.104,7.5187,7.804,7.3192,8.0789,8.5206,8.1539,3.4305,5.5684,4.1711,39.303,41.047,40.031,42.207,37.529,6.2248,7.6719,13.753,14.211,36.34,37.445,36.119,3.277,3.2532,38.592,39.656,39.743,39.349,5.5938,8.028,7.31,8.2039,8.9815,17.747,3.651,3.5317,5.9097,4.4224,4.9197,3.9519,7.4469,7.4052,3.7931,5.2817
45.376,45.275,55.3,47.505,82.019,46.188,26.224,20.669,33.354,29.154,9.565,7.1976,5.0367,5.1214,55.513,57.778,10.228,3.5881,40.764,0.034909,0,0.057448,23.049,13.9,14.094,14.063,55.009,67.671,72.321,19.67,4.2764,44.541,44.362,42.224,40.153,36.633,57.71,49.463,61.965,37.5,37.736,81.076,84.461,83.386,64.327,84.202,27.126,41.422,9.8284,46.475,25.912,15.02,36.562,18.671,48.966,18.523,57.126,55.952,15.888,16.432,16.792,14.622,14.178,9.3347,8.5382,6.2005,12.993,9.1717,3.2907,1.4603,5.7621,4.7509,2.2997,3.271,7.0575,3.729,4.9609,6.6955,3.4946,3.2996,4.8342,7.6416,11.17,38.006,34.929,10.81,17.56,4.0352,9.4088,4.6582,2.6267,39.241,0.2956,0.14371,0.15439,0.15743,0.3839,0.11969,0.15656,0.097066,0.1092,0.2705,0.61258,0.020711,15.549,1.5759,29.407,23.551,20,23.826,22.843,22.428,26.704,11.83,9.2137,8.6251,8.2968,10.545,13.948,6.1761,11.239,12.831,11.227,14.041,11.771,11.312,13.076,12.899,13.855,14.749,15.365,14.77,14.989,44.093,59.098,84.503,115.53,114.77,86.589,63.047,59.629,69.95,86.636,67.532,32.223,48.592,40.448,40.215,20.326,29.876,42.814,40.582,42.087,39.292,44.294,41.923,47.762,43.993,28.664,60.622,91.576,53.486,18.776,26.718,29.988,38.698,34.039,15.715,15.531,16.571,19.655,14.377,8.4255,7.8552,7.4065,7.7067,9.1573,18.133,1.7337,36.024,11.551,4.5714,3.9321,3.1878,4.3928,4.2734,3.8416,3.5567,4.2794,4.0016,3.9422,4.3468,2.8817,13.255,35.439,41.158,35.809,9.3752,12.202,40.134,0.13571,0.22713,0.32051,0.2219,0.10932,0.052731,37.046,34.526,3.727,0.023596,0.77496,0.031335,20.177,35.692,27.882,10.734,18.883,12.946,23.017,14.745,19.023,13.538,51.351,45.441,7.9191,38.341,8.5732,8.8658,8.3584,9.1699,9.6356,9.2518,3.6569,5.0502,3.7174,40.636,42.254,41.327,43.492,38.736,7.1552,8.7118,14.767,15.253,38.49,39.684,37.387,3.0425,2.8167,39.928,40.902,41.05,40.613,5.0736,9.0732,8.3235,9.1968,10.072,19.121,4.0633,3.8566,5.3854,4.0691,4.3912,3.5698,8.4625,8.4076,4.079,5.7723
