0,2.4857,36.648,11.805,9.9179,21.845,46.596,131.37,109.1,117.07,112.01,109.23,44.001,41.019,160.13,200.43,181.2,189.35,30.888,41.937,22.953,46.112,46.168,54.612,29.318,21.427,6.9174,22.652,3.3197,18.985,27.711,3.9405,6.2943,14.153,1.7146,13.935,25.961,17.914,25.682,13.941,17.986,23.773,12.817,5.0099,0.54701,4.4937,9.6103,4.6273,20.684,3.5715,2.6743,0.98528,5.1102,2.1178,24.731,0.41474,9.9544,18.282,37.734,35.195,44.936,16.782,34.835,20.725,48.27,182.5,200.14,167.11,118.17,103.34,108.87,112.74,100.14,127.08,90.169,94.821,82.069,79.365,88.597,56.693,55.897,26.936,22.635,28.519,39.832,45.482,52.36,51.883,58.537,30.938,57.574,48.431,55.166,49.816,54.08,49.608,51.262,243.27,168.63,183.68,147.22,134.5,132.28,64.591,114.03,73.447,120.53,36.962,30.657,30.881,32.583,30.474,31.028,35.383,40.935,26.915,21.705,25.072,27.622,31.305,23.87,25.549,24.698,41.213,50.198,34.39,28.082,23.132,23.668,23.746,46.853,46.717,49.726,29.254,29.235,20.961,25.225,29.455,32.627,30.455,29.15,28.108,16.225,10.132,19.244,14.896,12.644,15.225,2.2721,26.606,1.4424,8.088,27.325,20.135,17.541,19.777,16.964,17.376,32.221,61.726,7.4351,3.1257,15.224,0.39156,2.9564,0.44342,15.078,6.1152,66.744,20.636,46.59,18.151,48.239,98.491,125.86,114.7,139.18,78.908,82.052,93.063,85.133,30.241,44.198,55.819,31.591,50.733,50.718,50.989,47.709,50.445,48.831,52.263,50.914,180.65,201.95,98.922,123.06,64.403,54.649,34.082,29.907,48.718,30.734,31.251,23.021,33.572,25.653,26.933,28.282,27.609,27.934,33.155,28.093,37.155,59.468,57.085,46.328,29.34,27.264,37.893,30.659,23.994,33.06,46.768,46.656,29.261,29.101,28.823,31.333,28.116,27.756,30.414,27.916,0.34593,27.419,11.959,28.58,16.73,12.952,48.705,24.031,48.512,23.028,23.932,47.653,48.604,49.811,51.053,49.868,52.263,38.207,28.978,32.013,43.096,45.788,30.091,28.978,48.284,23.662,49.797,51.249,51.093,58.723,53.542,38.383,43.099,36.172,38.336,48.539,41.588,45.573,49.814,49.878,51.383,50.04
2.4857,0,24.877,25.121,19.997,10.696,42.89,100.11,82.548,94.141,95.354,89.351,28.003,34.789,126.24,168.99,144.32,152.74,18.579,27.282,13.797,30.812,31.16,48.032,21.925,37.119,17.666,34.675,9.7759,30.197,35.849,10.326,11.634,23.186,3.4701,5.7173,13.142,8.5309,23.638,5.1616,8.0003,13.513,24.643,14.48,5.3546,12.982,21.736,9.6749,29.514,9.6248,7.8323,5.4263,14.403,8.1524,30.66,4.5096,3.4152,10.447,35.143,34.102,42.565,7.1334,20.2,9.2288,44.665,151.65,169.8,142.36,94.462,81.91,81.827,91.481,72.929,100.44,64.654,79.473,62.318,63.735,75.314,45.172,45.347,13.848,11.073,16.97,30.651,34.001,45.125,44.27,48.072,16.64,50.361,40.853,47.21,41.81,45.398,41.661,43.164,206.63,134.65,149.35,115.55,108.54,105.79,43.21,94.763,57.578,94.211,21.917,18.478,18.638,20.056,18.428,18.548,21.938,26.019,14.132,10.213,15.373,15.157,27.764,11.774,15.51,15.265,27.487,43.068,21.901,16.222,13.771,13.936,14.597,31.426,32.063,34.349,21.85,21.805,15.509,19.37,22.295,25.082,23.321,22.051,21.015,25.585,18.199,30.143,25.448,23.016,20.556,1.8356,32.716,0.95981,4.6917,22.635,15.853,13.264,10.972,15.802,7.4312,18.202,54.355,18.22,8.9291,24.35,3.9922,0.099973,1.2458,23.173,11.841,52.99,9.5618,29.774,18.355,44.72,81.919,104.24,89.863,110.57,56.455,63.143,73.721,65.623,28.25,40.248,47.829,17.131,42.358,42.508,43.08,39.509,42.261,41.172,43.905,42.747,148.6,168.42,82.684,101.59,43.461,38.765,22.168,16.735,40.877,18.299,18.946,13.257,21.228,13.1,14.27,15.849,16.288,15.951,19.077,15.03,24.367,39.423,39.098,29.313,18.213,16.464,24.644,20.227,14.386,20.731,31.481,31.436,21.988,21.658,21.524,24.512,20.928,20.845,22.742,21.128,4.1398,39.486,3.7085,30.749,6.9903,4.2916,45.053,11.507,44.57,10.902,11.444,44.052,44.776,41.649,42.795,41.909,36.174,25.564,15.407,17.744,28.72,30.895,23.691,22.31,44.719,11.254,46.025,43.252,42.971,49.518,45.31,24.405,27.289,23.96,25.115,45.219,39.905,42.074,41.903,41.774,43.415,42.38
36.648,24.877,0,78.847,52.002,5.1073,12.854,38.202,22.797,22.716,23.964,19.939,2.6462,6.156,50.597,65.7,64.448,65.851,1.1243,1.0921,1.6333,1.312,1.0641,10.45,2.0808,80.081,69.08,57.064,61.957,53.563,40.72,39.271,32.287,44.318,25.892,7.3824,6.2395,4.9422,10.211,9.5467,6.5459,1.9166,60.06,64.282,44.413,65.864,69.77,32.586,42.688,38.263,58.246,37,55.877,41.515,32.191,38.515,10.032,3.1822,12.095,14.697,15.13,7.3214,3.7553,8.9725,13.72,55.834,65.524,48.218,23.248,16.909,23.784,21.025,24.374,28.169,19.434,16.507,9.1631,9.2434,15.822,4.2256,5.0074,6.0853,5.552,1.1603,1.8567,1.1324,8.4249,7.6256,6.0739,6.455,10.562,6.4282,8.3435,6.2606,6.8136,6.2765,6.6412,91.629,53.14,59.351,41.9,30.894,30.148,11.04,22.67,6.8167,25.548,3.5268,1.0591,1.0527,0.82555,0.98016,1.2819,1.0662,1.6158,4.7821,6.7234,1.1395,3.1404,8.3343,6.0066,1.1108,1.1882,0.41714,7.7812,0.39398,1.7123,1.6303,1.5923,1.4015,1.3864,0.84985,1.3379,2.0624,2.0336,4.0568,3.5797,2.3479,2.3129,2.4906,2.3865,2.3034,45.32,41.487,51.984,51.406,51.556,29.471,20.969,33.164,23.573,10.584,5.5062,5.6478,5.8318,2.8121,11.326,7.4685,3.8554,12.075,62.152,37.849,44.472,44.393,21.921,35.469,40.019,33.947,5.7604,6.6094,3.5702,14.453,13.89,17.11,27.27,22.318,34.519,11.477,9.0275,13.019,10.079,11.277,11.449,8.5468,6.3902,6.0407,6.2772,6.8298,5.255,6.2178,6.4435,6.6162,6.4113,55.531,67.239,17.636,25.927,9.4431,1.9773,0.15282,3.205,6.1269,1.3371,0.99739,1.8687,0.4441,5.4444,4.3367,2.595,1.2766,1.9719,3.3147,4.5034,0.2098,8.1519,3.9114,4.1635,0.61064,0.98119,0.39709,0.27064,1.4282,0.53716,1.266,1.2146,2.2035,2.0098,2.1381,2.9986,2.2016,2.4775,1.8939,2.6299,44.102,57.207,12.947,21.285,7.826,12.192,13.794,8.2011,13.107,7.7366,8.1776,13.485,13.38,6.0274,6.3247,6.3505,1.9022,0.093025,5.5209,4.9566,0.72979,0.99032,3.3662,2.8763,13.811,8.2363,13.977,6.7897,6.5432,7.8498,7.2843,0.96727,2.5508,0.070151,0.33249,14.44,15.463,12.898,6.4044,6.1371,6.8833,6.8722
11.805,25.121,78.847,0,4.8443,63.06,70.806,216.02,183.36,183.05,164.09,168.47,95.563,70.858,250.33,284.61,277.95,285.37,74.432,90.501,59.615,96.039,95.435,85.043,61.913,4.1331,0.75867,13.071,6.6923,11.221,26.382,6.9923,11.495,11.175,14.897,48.803,70.853,55.257,46.552,50.11,56.709,62.893,3.9414,1.6521,7.305,3.3753,0.3281,10.521,17.992,7.3537,8.8886,8.402,1.9744,6.0384,28.233,8.6489,41.201,52.117,59.619,53.835,66.242,54.789,83.557,62.819,72.241,265.53,281.88,236.66,185.88,166.14,184.24,175.03,176.07,201.26,162.42,144.17,141.38,129.51,133.44,98.007,95.071,72.407,64.766,70.414,76.21,86.872,84.258,84.622,97.49,79.04,89.362,81.137,88.618,83.45,89.147,83.114,85.078,338.75,258.9,274.57,232.53,207.07,206.07,127.95,171.88,124.2,194.09,86.551,73.914,74.275,76.572,73.432,74.954,81.375,90.114,71.676,63.723,62.896,71.624,55.367,67.18,64.122,61.933,87.701,81.895,78.249,70.69,60.249,61.602,60.37,97.049,95.177,99.752,61.878,61.917,49.426,54.495,61.532,65.499,62.458,61.097,60.062,12.492,9.3389,12.144,8.6507,6.8504,20.202,20.247,29.682,19.59,32.352,53.984,46.033,43.484,55.744,36.061,56.038,79.621,93.813,1.0404,7.4675,12.017,9.8529,26.351,15.981,14.094,10.488,112.88,61.739,99.945,34.232,72.022,150.51,188.83,184.99,217.66,144.38,139.47,151.31,143.86,50.919,68.978,89.341,80.042,85.165,84.789,84.393,81.799,84.463,81.71,86.641,84.887,266.39,290.82,150.2,185.73,126.75,105.72,76.654,75.444,81.998,74.567,74.775,61.048,77.125,69.938,71.418,72.186,69.012,70.826,80.655,73.452,81.624,119.88,112.85,100.15,70.262,67.503,83.382,69.991,61.641,76.593,96.651,96.391,61.593,61.812,61.22,62.626,60.282,59.314,63.606,59.198,9.3698,17.646,47.054,40.192,54.952,48.927,72.771,68.341,73.216,66.461,68.165,71.622,73.06,83.787,85.227,83.396,103.84,82.328,75.474,79.995,91.007,94.805,60.473,59.977,72.166,67.721,74.115,84.843,84.965,94.887,87.623,85.505,94.255,79.369,83.751,71.88,61.43,69.346,83.236,83.725,84.911,82.906
9.9179,19.997,52.002,4.8443,0,45.386,39.432,176.17,143.38,136.5,115.98,122.13,69.551,40.8,204.51,224.79,230.84,234.8,51.311,63.747,38.259,67.847,66.881,50.745,36.398,3.1727,5.1327,3.0869,12.519,1.9136,8.9046,1.5993,2.3556,1.337,7.5166,33.898,52.965,38.104,22.793,36.662,40.741,42.088,0.3072,5.5683,7.2006,9.0287,2.7199,2.5474,4.3561,1.896,14.188,4.7705,1.9079,2.8705,9.6972,6.2803,28.268,32.797,31.344,26.945,35.79,39.53,61.511,47.811,40.402,209.19,221.32,179.59,139.63,122.33,145.2,128.53,141.66,155.24,129.2,99.801,102.87,89.316,90.232,63.327,60.44,54.17,47.228,47.898,46.817,56.088,50.552,51.037,62.035,59.937,54.151,48.618,54.045,50.494,54.894,50.223,51.674,274.59,210.26,221.92,187.11,158.28,158.39,99.996,124.09,85.866,149.73,63.667,50.778,51.075,52.647,50.248,51.968,56.888,64.291,52.594,47.15,40.676,51.173,29.081,49.658,41.907,39.721,60.288,48.845,53.214,48.881,38.955,40.303,38.513,68.628,65.994,69.882,36.393,36.447,27.48,30.552,35.908,38.608,36.401,35.595,35.019,1.8944,0.78639,2.1778,0.76315,0.25685,5.3876,11.828,10.577,12.867,18.276,29.101,24.395,23.186,36.235,16.407,40.781,58.435,57.442,1.786,2.2091,1.6663,10.702,19.842,14.548,2.419,1.9539,75.726,45.321,73.73,14.512,40.217,105.57,139.27,140.81,170.31,110.5,100.29,109.05,104.13,25.431,38.265,54.576,60.711,51.931,51.554,51.073,49.518,51.313,49.064,52.933,51.592,211.68,232.56,105.05,136.77,97.791,74.153,51.228,54.439,49.387,51.716,51.415,40.22,52.403,51.617,52.024,51.129,46.824,49.304,58.799,53.872,55.382,92.027,82.587,74.49,46.773,44.956,57.214,45.188,40.014,52.153,68.109,67.829,36.077,36.405,35.903,36.159,35.256,34.392,37.675,34.181,9.9582,5.3931,35.82,17.286,40.03,37.149,40.792,52.117,41.212,50.206,51.952,39.965,41.06,50.835,51.89,50.424,73.54,55.415,56.331,59.626,63.312,66.315,34.475,34.478,40.335,51.608,41.786,51.443,51.614,59.274,53.526,59.912,68.494,53.112,57.316,40.05,32.253,38.336,50.281,50.751,51.47,49.883
21.845,10.696,5.1073,63.06,45.386,0,28.262,46.106,33.816,43.598,50.592,42.503,4.135,18.457,63.756,96.586,77.219,82.792,1.5868,4.2828,2.0351,5.7608,6.1146,27.435,8.3989,72.498,52.225,57.613,40.727,52.82,47.495,30.971,27.662,42.821,16.983,0.91268,0.33105,0.33945,17.857,1.0395,0.19539,0.98694,53.142,47.153,29.006,46.111,56.072,26.43,45.455,29.829,36.811,25.442,43.243,30.422,38.802,25.279,2.3365,2.0585,24.619,26.56,30.311,0.3629,1.5136,0.56396,29.728,83.076,97.96,80.132,43.295,35.572,33.401,42.902,28.532,46.114,23.283,39.628,22.749,27.365,38.898,18.55,19.885,0.41071,0.027938,1.4001,11.535,10.977,24.315,23.137,21.957,1.0229,28.205,20.73,24.783,20.797,22.427,20.776,21.639,124.27,69.506,80.131,55.991,52.472,50.11,11.391,47.29,22.634,41.766,1.9974,1.6205,1.6486,2.081,1.6812,1.4814,2.3951,3.5675,0.27629,0.1275,2.1995,0.41731,17.963,0.1291,1.9517,2.4061,4.9539,22.977,2.9572,0.94018,1.8309,1.566,2.3873,6.0208,6.8506,7.6796,8.3375,8.2757,7.4658,9.0443,8.9375,10.127,9.5975,8.8747,8.2639,44.906,37.896,51.806,48.606,47.147,31.404,11.884,40.547,12.5,6.1833,12.79,9.4348,8.0729,1.2972,14.778,0.32175,1.0067,30.96,49.516,29.028,43.626,27.126,9.1085,19.084,40.056,28.865,21.545,0.096705,4.7822,18.839,29.913,40.136,52.452,39.274,52.764,18.005,23.925,31.202,25.221,20.956,25.94,25.186,1.1195,20.669,21.008,21.848,18.889,20.867,20.841,21.802,21.24,80.136,95.017,41.103,50.514,11.231,9.9642,3.5294,0.67892,20.37,1.408,1.7398,1.2775,2.7361,0.20289,0.2662,0.59372,1.281,0.79016,1.204,0.39731,3.9799,9.2282,9.0703,4.603,2.241,1.7279,3.7933,3.857,1.859,2.5121,6.1272,6.1407,8.5977,8.1722,8.2864,10.776,8.0821,8.4127,8.5177,8.7511,27.258,60.407,2.212,30.588,0.42162,1.8286,29.936,0.55314,29.096,0.37485,0.53967,29.286,29.435,20.462,21.144,20.936,8.2942,4.7307,0.59064,1.0077,5.1836,6.039,10.867,9.6305,29.836,0.53339,30.448,21.846,21.465,24.707,23,3.2403,3.8679,4.22,4.0542,30.618,29.601,28.014,21.001,20.634,22.005,21.705
46.596,42.89,12.854,70.806,39.432,28.262,0,82.279,55.109,37.629,21.416,27.593,26.988,1.2196,93.451,84.436,113.01,109.29,20.109,21.166,15.129,21.119,19.685,0.90448,5.868,58.698,66.758,33.075,72.078,32.444,16.63,35.09,25.848,27.882,30.55,26.893,33.233,24.423,3.0924,32.321,29.039,18.843,44.751,64.517,50.942,70.758,61.497,28.37,21.85,34.817,70.885,39.881,51.409,41.07,12.177,43.878,27.952,16.053,0.49642,1.1967,0.17926,29.898,29.857,36.423,0.01953,77.607,80.608,54.03,40.466,31.665,58.513,31.884,65.489,52.895,57.911,15.562,26.617,14.376,11.29,6.3534,4.8071,33.291,29.899,19.056,5.0465,8.1885,1.253,1.5433,4.6033,35.522,1.3968,1.6335,1.8293,1.959,2.4993,1.9122,1.9862,117.58,92.563,94.481,79.794,50.37,52.37,46.137,26.966,14.94,51.643,29.555,19.705,19.772,19.309,19.234,20.861,21.086,23.532,30.145,32.143,14.858,25.955,1.6388,31.689,15.672,14.261,17.353,1.2002,17.351,21.283,15.712,16.58,14.233,21.21,17.787,19.169,5.9192,5.9729,7.6702,5.6097,5.4219,4.6993,4.9428,5.4658,5.9613,27.097,29.088,30.786,33.746,36.009,15.729,29.685,11.967,34.59,19.29,3.4526,6.7783,8.678,17.829,7.3314,30.778,29.549,1.801,55.056,35.276,27.142,55.126,39.062,50.147,23.525,27.336,10.196,31.201,29.66,7.0087,0.023513,18.43,35.084,44.98,62.389,41.569,23.535,24.623,25.374,1.7959,0.050383,1.8708,35.563,2.2843,2.117,1.819,2.3016,2.1038,1.6839,2.2096,2.0662,82.355,93.138,17.874,34.146,42.162,18.866,15.188,27.045,1.8592,20.98,19.662,17.545,17.449,31.223,29.004,24.547,19.031,22.216,28.288,29.916,16.348,40.085,27.661,31.466,16.211,16.99,17.765,12.462,15.688,17.87,20.589,20.348,5.6956,6.0597,5.9495,4.1497,6.1174,5.8432,5.8308,5.5712,54.022,30.184,37.275,4.8921,31.061,36.826,0.027295,36.614,0.020608,35.131,36.517,0.0092104,0.021199,2.1134,2.1518,1.9106,20.931,15.008,32.746,32.316,18.904,19.412,4.0831,4.901,0.021815,36.507,0.055307,1.8917,2.0156,3.0706,2.0639,20.874,26.751,14.77,17.287,0.047936,0.46219,0.0077553,1.8673,2.0514,1.8608,1.6296
131.37,100.11,38.202,216.02,176.17,46.106,82.279,0,2.9015,16.678,42.279,25.801,24.422,65.8,1.8951,26.01,4.0401,6.3426,37.385,28.071,50.241,25.721,26.596,68.561,57.385,226.27,196.23,188.59,172.45,181.97,156.82,149.04,137.83,164.21,117.55,59.904,40.724,52.836,86.411,59.94,52.14,46.251,191.08,186.44,148.25,184.27,202.2,137.04,161.64,146.73,163.67,139.27,177.18,150.01,139.65,139.49,69.17,57.015,85.982,94.471,89.788,54.26,31.001,48.727,83.514,18.562,30.052,34.663,14.187,16.8,2.0377,21.497,2.1682,7.7125,3.8675,40.074,15.825,31.879,47.474,43.085,47.649,39.509,44.95,40.401,50.039,40.307,64.012,61.745,49.011,35.134,66.171,60.727,61.089,58.873,56.745,59.122,58.88,31.482,3.9972,8.6488,1.8743,12.967,10.185,11.781,30.828,28.601,6.3892,29.146,37.824,37.567,36.206,38.265,36.882,32.848,27.617,39.361,46.433,47.598,38.9,78.608,43.325,46.247,48.685,30.985,63.801,35.876,39.774,49.443,47.963,50.018,25.293,27.733,25.378,57.321,57.191,67.062,64.935,58.554,56.969,58.778,58.836,58.794,166.46,157.67,179.14,177.29,176.79,134.75,104.05,141.3,106.55,81.913,71.36,73.22,73.479,52.861,91.13,53.253,33.534,67.023,189.3,145.36,164.71,143.57,95.66,123.66,156.18,141.02,35.822,47.951,22.157,99.57,84.02,35.886,26.195,8.9372,6.3241,7.8024,18.939,21.12,17.625,87.616,79.945,61.148,34.427,57.21,58.086,59.806,57.14,58.13,60.423,57.828,58.385,13.661,19.45,37.705,25.447,11.853,23.974,37.86,36.191,59.402,37.118,37.264,48.129,36.503,40.951,39.367,38.456,41.422,39.567,32.739,37.97,34.477,14.098,17.775,21.999,41.455,43.14,32.872,43.769,48.267,36.664,25.713,25.921,57.972,57.122,57.816,60.491,58.321,59.681,56.097,60.309,144.02,188.82,65.491,113.92,54.424,63.119,83.403,43.905,81.586,44.985,44.019,83.304,82.3,58.035,57.939,59.147,23.154,34.897,37.03,33.7,28.755,26.97,62.52,61.001,83.764,44.395,83.101,59.421,58.689,55.689,58.975,30.626,25.072,36.579,32.907,85.346,92.849,83.137,59.389,58.37,59.626,60.831
109.1,82.548,22.797,183.36,143.38,33.816,55.109,2.9015,0,6.5747,23.856,12.054,14.532,42.271,5.4887,20.685,10.744,11.258,24.21,16.227,33.962,14.056,14.421,43.667,37.195,188.26,166.52,151.26,148.6,145.9,121.06,120.53,109.01,130.59,93.852,45.205,30.384,38.61,60.431,46.543,39.152,31.552,156.67,158.09,123.9,157.85,169.97,109.07,126.66,118.6,141.17,113.87,147.37,122.86,106.14,115.05,53.254,39.983,58.762,66.007,61.378,41.158,21.122,37.988,56.026,13.99,23.079,22.334,5.1611,6.0251,0.12897,9.372,2.4195,2.3603,2.553,21.633,5.2351,15.546,27.002,24.063,27.462,29.35,33.221,26.555,30.395,22.883,40.167,38.414,28.373,26.086,41.665,37.803,37.758,36.288,34.436,36.493,36.218,30.682,6.5022,9.8966,2.9216,5.6142,3.9529,7.645,15.73,13.346,1.3545,19.412,24.484,24.278,22.958,24.742,23.973,20.483,16.484,28.472,35.027,31.616,27.044,53.387,32.255,30.683,32.382,17.727,40.107,22.112,26.605,33.44,32.41,33.518,13.686,14.861,13.098,37.158,37.067,46.01,43.532,38.034,36.383,38.044,38.292,38.437,132.11,125.77,143.18,142.64,142.91,103.54,82.59,107.33,85.857,61.677,48.136,50.87,51.688,36.934,65.807,40.514,23.266,42.219,158.01,117.61,130.75,121.1,77.961,103.64,122.93,111.98,18.482,36.1,13.179,72.552,56.443,18.694,13.225,2.1633,2.8201,2.4727,7.0355,8.4452,6.2284,60.84,53.354,37.78,25.482,34.957,35.632,36.949,35.078,35.681,37.544,35.355,35.853,11.24,17.34,20.021,12.548,6.7564,11.596,23.228,24.965,36.759,24.211,23.983,32.816,22.695,30.103,28.201,26.305,27.435,26.67,22.259,27.213,20.57,8.372,8.5155,13.5,26.682,28.365,19.558,27.592,32.425,22.957,13.884,14.002,37.636,37.039,37.595,39.2,38.088,39.153,36.071,39.591,121.2,150.47,52.383,83.158,41.575,50.281,55.913,33.907,54.439,34.489,33.983,55.888,55.016,35.642,35.501,36.498,11.561,20.529,27.078,24.081,16.173,14.683,40.912,39.933,56.23,34.303,55.61,36.637,36.079,33.445,36.183,18.446,15.058,21.961,19.446,57.514,64.139,55.871,36.688,35.897,36.79,37.795
117.07,94.141,22.716,183.05,136.5,43.598,37.629,16.678,6.5747,0,6.0586,1.1485,21.758,30.119,16.173,11.217,24.389,20.43,29.318,20.568,36.428,17.67,17.172,27.048,32.128,177.55,169.49,135.42,159.7,132.08,102.22,118.53,104.17,119.4,96.444,53.862,42.414,46.366,49.429,57.756,49.203,36.32,148.6,162.44,130.49,165.71,168.55,106.04,111.3,117.02,153.6,116.86,147.29,124.01,89.354,120.04,61.72,42.871,43.263,49.897,42.987,51.539,30.976,51.429,37.85,7.7298,11.097,6.0911,0.10398,0.42817,8.5449,0.3524,16.535,1.954,15.533,6.2815,3.3626,5.5251,9.927,14.385,16.389,41.373,43.782,31.238,23.441,17.731,25.222,24.179,16.205,38.898,24.918,24.769,22.872,23.382,21.012,23.574,22.921,23.89,13.995,13.204,10.752,0.92838,1.3701,20.643,2.2146,5.8754,2.4348,28.892,29.38,29.193,27.445,29.38,29.495,25.683,22.309,39.043,46.618,33.879,35.529,41.649,43.633,33.459,34.255,19.903,25.779,25.236,32.585,36.288,35.806,35.384,17.22,16.341,14.851,32.146,32.11,42.241,38.016,32.491,29.924,31.953,32.8,33.478,119.54,117.54,129.05,131.47,133.53,92.035,87.239,89.606,92.57,64.095,39.769,45.714,48.101,41.051,58.317,51.34,33.21,24.342,156.65,116.64,118.82,130.61,88.479,114.65,110.98,107.28,9.2332,47.249,21.386,62.94,38.178,4.4896,1.1542,1.2232,3.8008,10.101,3.1071,1.5435,2.5663,47.723,37.018,22.72,38.269,22.272,22.703,23.469,23.256,22.812,24.481,22.09,22.787,8.6896,12.833,5.08,0.95742,17.914,12.109,25.03,33.854,24.009,29.825,28.802,36.815,25.97,41.225,38.226,34.027,32.162,33.171,31.502,37.617,22.721,19.486,13.709,22.664,29.588,31.89,22.486,27.911,35.249,26.543,17.067,17.061,32.39,32.174,32.62,32.158,33.292,34.064,30.932,34.207,130.12,131.89,65.41,66.858,52.488,63.28,37.64,47.454,36.57,47.404,47.489,37.919,36.983,22.973,22.524,23.501,13.873,21.673,38.756,35.358,18.989,17.337,33.79,33.802,38.002,47.807,37.106,23.194,22.88,19.204,22.27,23.142,22.296,23.233,22.018,38.92,46.218,38.513,23.639,23.115,23.255,24.291
112.01,95.354,23.964,164.09,115.98,50.592,21.416,42.279,23.856,6.0586,0,2.0243,31.011,19.297,41.923,22.244,54.406,47.402,34.28,26.92,37.198,24.078,22.8,13.678,26.72,150.12,154.66,107.67,153.45,106.25,75.673,104.05,88.724,96.981,88.569,57.801,52.166,50.665,35.988,63.761,55.437,39.429,125.93,149.5,122.7,155.79,149.84,91.97,86.407,103.07,149.23,107.09,131.7,111.8,65.879,111.81,64.195,42.851,27.413,32.463,25.13,57.711,40.803,61.015,21.116,20.32,19.662,7.4862,7.7465,5.9109,27.38,3.5273,39.111,14.882,36.036,0.72356,9.8565,3.5676,1.628,9.3593,9.7035,51.335,51.597,35.325,18.268,15.537,13.436,13.144,8.7585,50.328,11.973,14.466,11.699,13.503,11.345,13.64,12.867,40.776,37.791,34.638,32.916,10.605,12.805,37.852,0.95512,5.7223,16.051,38.808,34.105,33.981,32.188,33.835,34.856,31.611,29.81,47.842,55.03,34.954,42.753,28.937,52.394,35.131,34.87,24.142,14.3,29.086,37.74,37.462,37.624,35.767,23.678,20.882,20.143,26.782,26.802,36.103,31.094,26.596,23.757,25.69,26.888,27.898,95.986,97.767,103.28,107.86,111.19,72.376,82.419,65.39,89.093,60.23,30.111,37.762,41.138,42.585,46.393,58.032,42.601,10.808,139.06,103.28,95.858,125.65,89.308,112.87,88.837,91.606,6.2644,55.047,31.914,48.581,21.32,0.63682,2.6899,12.376,19.185,24.77,7.6268,4.5275,7.7359,32.9,21.725,11.464,49.812,12.828,12.972,13.149,14.219,13.099,14.225,12.264,12.935,24.585,28.675,0.49413,2.6796,33.608,17.022,27.584,41.899,14.096,35.209,33.578,39.041,29.8,50.189,46.585,40.742,36.093,38.755,40.496,46.536,26.196,34.435,23.266,33.957,32.213,34.644,26.82,28.342,36.606,30.558,23.191,23.054,26.772,26.934,27.196,25.042,27.892,28.256,25.701,28.114,124.62,102.38,72.139,46.695,59.07,70.32,20.883,57.93,20.299,57.163,57.911,21.313,20.519,13.368,12.801,13.527,20.088,24.394,48.886,45.791,24.155,22.813,26.287,27.141,21.203,58.162,20.298,12.968,12.908,9.4381,11.933,29.178,31.407,25.69,26.104,21.694,28.109,22.212,13.593,13.392,12.947,13.756
109.23,89.351,19.939,168.47,122.13,42.503,27.593,25.801,12.054,1.1485,2.0243,0,22.423,22.331,25.911,15.769,36.122,31.142,27.831,20.026,32.936,17.284,16.477,18.53,26.303,159.79,156.78,118.35,150.62,115.78,86.362,106.86,92.425,104.65,87.866,51.17,42.552,44.039,39.91,55.838,47.618,33.805,133.17,150.6,121.28,155.04,154.31,94.792,95.816,105.6,145.39,107.1,134.65,113.14,74.944,110.85,58.203,38.844,33.101,38.912,32.143,49.861,31.529,51.228,27.627,12.65,14.636,6.1576,1.9214,1.0726,14.62,0.22894,23.828,6.0739,21.806,2.1231,3.9638,2.5661,4.457,9.5704,10.84,41.634,43.036,29.311,18.075,13.803,17.346,16.622,10.397,39.885,16.671,17.435,15.345,16.275,14.118,16.437,15.778,31.418,23.133,21.673,18.877,3.874,4.9869,24.983,0.26068,3.5382,6.7042,29.561,27.79,27.637,25.935,27.676,28.171,24.746,22.187,38.871,46.046,30.6,34.79,32.683,43.301,30.442,30.773,18.492,17.977,23.436,31.062,32.968,32.769,31.768,16.877,15.226,14.13,26.337,26.325,35.767,31.38,26.462,23.891,25.801,26.752,27.533,104.37,103.84,112.84,116.02,118.52,78.961,80.1,74.923,85.866,57.896,32.017,38.413,41.112,37.725,49.088,49.891,33.492,15.943,143.06,105.46,103.88,122.56,83.648,108.21,96.527,95.378,5.5501,46.392,22.63,52.647,27.897,1.1343,0.59114,4.3942,9.1227,13.87,2.9026,0.94683,2.6971,37.756,27.325,15.174,39.327,15.382,15.687,16.202,16.457,15.796,17.18,15.076,15.723,14.914,19.36,1.4208,0.42175,21.681,11.377,22.696,33.528,16.855,28.499,27.255,33.915,24.133,41.056,37.89,33.121,30.136,31.81,31.671,37.544,20.867,22.824,14.899,24.193,27.108,29.379,21.003,24.587,32.04,24.761,16.589,16.527,26.472,26.413,26.769,25.669,27.425,28.008,25.223,28.034,121.86,114.25,63.607,54.306,50.959,61.664,27.42,47.757,26.566,47.394,47.767,27.735,26.894,15.986,15.52,16.354,13.597,19.549,39.175,36.023,18.012,16.57,27.088,27.424,27.75,48.046,26.895,15.976,15.768,12.391,15.067,22.354,22.875,20.933,20.451,28.48,35.146,28.404,16.459,16.078,16.004,16.902
44.001,28.003,2.6462,95.563,69.551,4.135,26.988,24.422,14.532,21.758,31.011,22.423,0,16.741,36.592,61.167,47.586,50.936,1.3851,0.35425,4.712,0.50724,0.76889,22.637,9.1702,102.3,83.044,79.298,70.26,74.538,62,52.802,46.378,63.019,34.999,8.495,3.4331,5.7682,22.666,9.3192,6.1132,3.4557,79.061,76.981,53.613,76.604,86.268,45.788,62.951,51.439,65.295,47.445,70.255,53.586,51.411,47.96,12.157,6.8275,26.053,29.735,30.374,6.9445,0.81207,6.3364,28.189,50.337,62.609,50.132,21.245,16.39,14.508,21.981,12.714,22.665,9.1744,23.3,8.0846,13.736,24.458,10.869,12.753,3.1322,4.0373,2.0144,8.7083,5.979,19.573,18.278,14.307,2.5105,22.447,16.617,19.067,16.159,16.545,16.213,16.646,83.119,40.371,48.065,30.282,27.488,25.599,3.0757,26.54,10.151,19.622,0.50608,1.4773,1.4277,1.2147,1.5764,1.281,0.65729,0.13569,2.5827,4.8332,3.9979,1.9566,20.252,3.8656,3.5734,4.3517,1.0673,18.74,1.3522,1.8728,4.442,3.9772,4.7259,0.54349,1.2624,1.2381,9.1233,9.0576,11.706,11.706,9.7583,9.8771,10.135,9.8105,9.5168,64.76,58.461,72.907,70.943,70.272,46.238,28.027,52.863,29.777,16.891,15.428,14.506,14.062,5.4229,22.861,6.7472,1.2191,24.326,77.875,50.642,63.524,51.744,25.273,40.657,58.502,48.2,10.987,5.1297,0.074203,27.601,28.443,22.76,29.249,18.031,27.358,5.0731,9.2443,14.19,9.8533,24.612,24.986,19.321,2.3652,15.646,16.072,17.014,14.61,16.002,16.599,16.464,16.285,47.875,59.544,23.767,27.794,2.4626,2.0934,1.9628,1.4649,16.056,1.3241,1.3764,3.9925,1.422,3.1517,2.4228,1.7359,2.2409,1.854,0.92768,2.2145,1.392,1.6885,0.97474,0.17207,2.4142,2.7188,1.0104,3.5017,4.1116,1.3983,0.64209,0.6774,9.4316,8.99,9.2426,11.201,9.296,9.8444,8.8573,10.184,51.8,80.565,12.285,38.216,7.1846,11.313,28.276,4.9496,27.266,4.9601,4.9619,27.873,27.668,15.744,16.112,16.312,1.1812,1.7607,2.4376,1.6459,0.75994,0.79758,11.835,10.797,28.324,5.0667,28.485,16.91,16.495,17.618,17.463,0.4636,0.0046719,1.9269,1.1047,29.236,30.9,27.097,16.414,15.932,17.056,17.205
41.019,34.789,6.156,70.858,40.8,18.457,1.2196,65.8,42.271,30.119,19.297,22.331,16.741,0,77.297,75.624,95.078,92.912,11.546,12.234,8.2814,12.257,11.187,1.074,1.9884,62.828,65.036,37.932,66.517,36.419,21.451,33.856,25.28,30.402,26.562,18.241,22.237,15.76,2.6045,22.671,19.454,10.938,46.977,61.999,46.44,66.814,61.599,27.124,25.699,33.355,64.539,36.477,50.312,38.699,15.727,39.716,19.809,9.417,1.3549,2.6562,2.0562,20.293,19.101,25.312,1.4969,67.885,72.92,49.243,32.244,24.227,44.935,25.628,49.975,42.351,43.225,12.98,18.391,9.9491,9.8285,2.9059,2.0807,22.227,19.726,10.835,1.3173,3.2501,0.69293,0.64703,2.2628,23.874,1.4403,0.34808,1.0579,0.51706,1.0497,0.49028,0.64968,106.5,77.446,80.657,65.18,41.427,42.586,32.544,22.73,9.6043,40.69,18.814,11.247,11.291,10.894,10.897,12.116,12.191,14.038,19.644,21.647,7.9338,16.231,0.99727,21.103,8.4868,7.5363,9.3862,0.46308,9.3992,12.551,8.6833,9.2708,7.5861,12.34,9.8043,10.903,2.0183,2.0466,3.8762,2.288,1.7621,1.2411,1.4716,1.8054,2.126,30.163,30.37,34.779,36.662,38.282,17.371,24.431,15.878,28.64,13.99,1.3866,3.7556,5.1361,10.527,5.913,20.946,18.927,2.1774,54.779,33.545,29.934,49.331,31.218,43.111,26.047,26.827,6.0118,20.962,18.871,6.6573,1.5528,15.142,29.744,35.092,50.861,29.472,16.215,18.175,17.805,2.024,0.82523,1.1478,23.881,0.67116,0.62882,0.59337,0.44834,0.60212,0.38648,0.79347,0.63472,71.084,82.122,14.918,28.686,29.296,10.877,7.8277,16.998,0.40989,12.216,11.196,10.027,9.4848,20.6,18.716,15.084,10.857,13.278,17.883,19.395,8.6387,27.472,17.56,20.306,8.6924,9.3533,9.6759,5.9875,8.6012,9.8071,11.874,11.691,1.9073,2.0997,2.0642,1.0777,2.2024,2.0994,1.9012,1.9579,48.476,35.96,27.164,7.2824,21.255,26.616,1.5241,25.194,1.3065,24.026,25.12,1.4188,1.3915,0.55151,0.66664,0.51133,12.291,7.6714,21.668,21.185,10.551,10.976,1.1496,1.5671,1.5269,25.132,1.5969,0.63043,0.64009,1.7529,0.89623,12.004,16.55,7.5057,9.3235,1.7396,2.3658,1.2418,0.49829,0.54248,0.63774,0.47838
160.13,126.24,50.597,250.33,204.51,63.756,93.451,1.8951,5.4887,16.173,41.923,25.911,36.592,77.297,0,16.653,0.9297,1.3311,51.784,40.045,66.149,36.78,37.5,77.618,71.245,257.71,229.86,214.37,206.2,207.98,177.75,176.47,162.98,189.58,143.1,79.591,57.981,71.069,102.13,80.355,70.941,62.289,220.39,219.6,178.39,218.25,234.95,162.8,184.83,174.07,196.9,167.37,208.08,178.63,159.61,168.24,90.241,74.284,99.078,108.59,101.7,73.514,45.624,67.82,94.441,11.252,20.454,27.943,13.722,18.074,5.078,21.292,7.7838,6.8953,10.427,42.037,20.356,36.139,50.427,51.117,55.868,56.526,62.61,55.265,61.426,50.536,73.294,71.034,56.781,51.466,74.612,70.62,69.766,68.451,65.483,68.746,68.191,18.829,0.50455,2.8427,0.56978,10.702,8.4552,21.979,30.223,33.869,6.5594,43.23,52.236,51.933,50.119,52.672,51.329,46.294,40.07,55.953,64.647,62.931,54.774,92.666,60.906,61.528,64.067,42.74,73.47,49.171,54.985,65.353,63.809,65.646,36.203,38.341,35.482,71.196,71.071,83.246,79.931,72.391,70.031,72.376,72.751,72.969,191.45,183.6,204.74,204,204.2,156.71,128.66,160.98,132.1,102.86,86.018,89.769,90.782,69.865,109.31,72.459,48.741,74.786,220.9,172.76,189.8,174.05,120.94,152.4,180.36,166.57,42.097,66.32,34.079,117.93,94.981,37.32,24.213,9.4444,4.4357,14.496,23.228,23.609,21.512,102.38,91.448,69.712,50.604,66.571,67.474,69.196,67.066,67.57,70.231,66.926,67.745,7.0701,10.621,39.082,23.823,21.559,33.04,51.029,51.639,69.2,51.649,51.53,64.235,49.997,58.009,55.803,53.995,56.508,54.919,47.559,54.236,47.045,24.57,27.229,34.202,55.841,58.109,45.405,57.531,63.949,50.319,36.578,36.786,71.851,71.034,71.802,73.91,72.489,73.953,69.678,74.548,174.39,213.32,87.236,130.82,73.852,84.491,94.244,62.146,92.365,63.273,62.271,94.334,93.1,67.59,67.261,68.724,32.899,47.111,53.459,49.325,40.246,37.929,76.271,74.988,94.702,62.717,93.725,68.751,68.026,63.577,67.874,43.363,37.415,49.232,45.295,96.325,105.59,94.548,68.983,67.922,68.938,70.428
200.43,168.99,65.7,284.61,224.79,96.586,84.436,26.01,20.685,11.217,22.244,15.769,61.167,75.624,16.653,0,20.422,13.213,75.537,60.627,87.747,55.587,55.026,67.863,81.051,275.68,267.88,220.5,255.08,217,175.59,202.39,183.12,201.5,173.44,112.74,93.435,101.73,105.74,117.53,105.15,87.047,239.95,259.02,218.09,263.04,266.36,185.87,189.31,200.47,247.08,200.49,239.63,209.78,159.34,204.59,124.37,97.648,94.396,104.01,92.13,108.56,75.858,106.77,84.287,0.66361,0.26003,4.6643,10.809,15.993,23.114,13.367,35.653,9.8259,37.632,27.655,26.099,30.855,34.644,49.64,52.71,91.757,96.477,78.868,66.537,57.002,65.956,64.641,51.775,87.133,64.14,66.354,61.968,64.074,59.674,64.394,63.06,2.7888,11.513,6.2549,13.969,6.6822,7.6936,52.442,15.991,32.857,12.335,72.49,75.72,75.401,72.616,75.811,75.672,69.32,63.044,88.886,100.37,83.748,84.307,93.817,95.786,82.978,84.411,60.261,67.292,69.315,80.611,87.456,86.581,86.199,54.771,53.923,50.976,81.087,81.039,96.835,90.152,81.547,77.284,80.593,82.043,83.195,201.21,199.94,212.97,217.15,220.34,165.19,160.88,159.2,167.89,128.87,92.165,101.85,105.61,94.622,119.74,108.05,79.612,62.216,251.38,200.03,200.5,217.93,161.53,196.71,190.23,187.25,39.626,101.6,59.732,125.72,84.74,23.988,10.669,12.845,8.2501,34.737,26.034,20.88,24.314,102.33,84.241,61.583,86.102,62.295,62.898,63.892,64.434,63.12,65.852,61.646,62.964,2.0314,1.0025,24.724,11.231,49.149,45.97,69.313,81.328,65.226,76.189,74.781,88.036,70.52,92.085,87.876,82.22,80.366,81.363,77.16,86.658,65.257,52.783,46.701,61.373,76.668,80.273,64.613,74.379,85.819,71.395,54.641,54.685,81.436,81.153,81.843,80.709,82.927,84.094,79.139,84.27,217.37,214.71,128,128.45,109.76,124.89,83.887,100.48,82.487,100.82,100.57,84.546,83.023,63.507,62.562,64.226,48.814,63.675,87.712,82.333,58.381,55.376,83.26,83.499,84.49,101.07,82.868,63.443,63.047,55.932,61.562,65.093,62.159,66.355,63.904,85.665,97.38,85.906,64.432,63.687,63.493,65.276
181.2,144.32,64.448,277.95,230.84,77.219,113.01,4.0401,10.744,24.389,54.406,36.122,47.586,95.078,0.9297,20.422,0,0.87858,64.957,51.989,81.245,48.424,49.367,95.537,87.865,287.4,255.83,242.42,229.21,235.45,203.9,200.41,186.56,215.65,164.17,94.744,70.362,85.65,122.12,95.011,85.021,76.61,247.76,244.77,200.84,242.62,262,186.09,211.11,197.8,219.11,189.88,233.47,202.15,184.4,190.41,106.33,90.073,119.1,129.48,122.05,87.755,57.171,80.822,114.11,15.104,25.006,35.875,21.398,27.037,9.9314,30.605,12.125,12.622,15.78,55.057,29.966,48.61,64.705,65.815,71.201,68.76,75.789,68.885,77.205,64.922,90.731,88.21,72.242,62.979,92.193,87.727,86.803,85.313,82.014,85.642,85.033,19.545,1.6244,4.0753,2.9296,17.118,14.422,29.596,40.957,46.021,12.35,54.58,65.496,65.156,63.218,66.024,64.378,58.837,51.761,68.463,77.788,77.745,67.612,111.89,73.732,76.118,79.056,55.353,90.918,62.392,68.339,80.309,78.521,80.791,47.784,50.497,47.221,87.805,87.661,100.83,97.426,89.174,86.67,89.213,89.564,89.745,217.81,208.93,232.05,230.91,230.88,180.78,148.37,185.93,151.64,121.11,104.36,108.1,109,85.032,129.52,86.505,60.618,92.364,247.21,196.31,215.98,195.62,138.9,172.32,205.98,190.36,55.539,79.723,44.552,139.05,114.7,49.584,33.551,16.196,8.9784,21.922,33.451,33.815,31.386,122.55,110.79,86.743,62.03,83.216,84.227,86.154,83.742,84.332,87.296,83.622,84.532,9.9911,12.873,51.583,33.206,29.553,44.592,64.663,64.059,86.143,64.715,64.726,78.884,63.286,70.604,68.418,66.907,70.251,68.167,59.457,66.603,60.174,33.059,37.284,44.496,69.824,72.226,58.223,72.087,78.771,63.593,48.261,48.514,88.549,87.611,88.466,90.989,89.2,90.838,86.15,91.523,196.1,241.6,102.05,153.51,88.004,99.08,113.89,74.577,111.82,75.968,74.725,113.99,112.63,84.35,83.991,85.619,44.206,60.393,65.455,60.968,52.455,49.866,93.587,92.084,114.39,75.215,113.32,85.659,84.847,79.881,84.688,55.651,48.511,62.742,58.156,116.18,126.29,114.21,85.909,84.722,85.868,87.525
189.35,152.74,65.851,285.37,234.8,82.792,109.29,6.3426,11.258,20.43,47.402,31.142,50.936,92.912,1.3311,13.213,0.87858,0,68.343,54.491,84.323,50.473,51.136,91.466,88.303,291.16,263.96,243.2,239.61,236.85,202.5,205.45,190.19,217.59,169.96,100.57,76.443,90.827,121.45,101.74,90.986,80.356,251.66,253.15,208.99,252.19,268.67,190.38,211.3,202.94,229.73,196.48,240.01,208.39,183.31,197.74,112.49,93.643,116.46,126.95,118.29,93.937,61.923,87.8,110.13,9.344,17.039,27.534,17.867,23.84,11.077,26.057,15.552,10.273,19.156,49.368,28.696,45.024,58.817,63.37,68.423,74.773,81.578,72.282,76.438,64.33,87.183,84.86,69.039,69.018,87.917,84.874,83.104,82.409,78.734,82.747,81.947,12.157,0.70506,1.3637,2.7098,13.19,11.221,33.986,35.062,43.416,10.683,59.081,68.826,68.479,66.298,69.283,67.89,61.983,54.805,73.958,84.014,80.607,72.334,110.55,79.724,79.107,81.824,57.199,87.648,64.925,72.189,83.492,81.837,83.625,49.769,51.834,48.493,88.262,88.135,102.27,98.056,89.475,86.504,89.296,89.9,90.299,219.27,211.84,233.25,233.23,233.88,181.69,154.46,184.5,158.55,125.57,104.11,109.26,110.8,88.867,130.49,92.796,65.558,87.589,253.58,201.63,217.64,204.67,146.79,181.3,207.38,194.14,52.724,85.87,48.103,139.49,110.7,44.065,27.671,14.067,6.7131,23.864,31.549,30.596,29.445,121.03,107.47,82.964,68.02,80.312,81.263,83.039,81.232,81.399,84.412,80.485,81.523,5.451,7.1745,45.845,27.556,33.301,45.236,66.798,68.775,83.342,68.276,67.995,82.438,65.917,76.38,73.721,71.327,73.722,72.2,64.096,71.963,62.238,37.007,39.322,48.388,72.6,75.334,60.492,73.978,81.885,66.353,50.138,50.357,88.943,88.119,88.965,90.762,89.798,91.384,86.491,91.979,204.96,241.28,109.65,151.7,94.38,106.57,109.86,81.348,107.89,82.579,81.488,110.09,108.66,81.504,80.995,82.689,45.533,62.083,71.21,66.39,54.404,51.623,93.43,92.264,110.4,81.997,109.17,82.537,81.794,76.141,81.318,58.463,51.912,64.588,60.286,112.1,122.88,110.59,82.969,81.844,82.716,84.461
30.888,18.579,1.1243,74.432,51.311,1.5868,20.109,37.385,24.21,29.318,34.28,27.831,1.3851,11.546,51.784,75.537,64.957,68.343,0,0.84578,1.0053,1.5432,1.6236,17.959,4.4964,79.875,63.741,60.027,53.87,55.792,45.932,37.183,31.734,45.833,22.751,3.7161,2.0686,1.9499,14.134,4.8398,2.6409,0.48609,59.52,58.603,38.759,58.802,66.128,31.273,46.152,36.057,49.848,33.075,52.258,38.071,36.959,33.751,6.0751,2.0647,18.194,20.738,22.501,3.1899,0.98692,3.8596,21.27,64.074,76.263,59.645,29.332,22.728,24.464,28.367,22.489,32.788,17.688,25.41,12.902,15.776,25.048,9.6764,10.877,1.9784,1.7692,0.058755,5.5369,4.5071,15.316,14.278,12.425,2.2596,18.272,12.524,15.37,12.395,13.336,12.403,12.974,101.42,55.804,64.007,43.89,37.315,35.729,8.355,31.618,12.238,29.417,1.0214,0.0023443,0.0014303,0.033683,0.010637,0.0069293,0.15566,0.75011,1.2694,2.4539,0.72714,0.50918,12.93,1.9705,0.54007,0.8936,0.95105,14.367,0.21629,0.08877,0.87468,0.66958,1.0462,1.6828,1.9099,2.4362,4.456,4.4076,5.4429,5.8543,4.9284,5.3985,5.3158,4.93,4.6026,47.393,41.868,54.423,52.568,51.94,31.965,17.381,38.321,19.054,8.6818,8.8206,7.4042,6.8704,1.3515,13.446,3.2002,0.90731,20.336,58.78,35.422,46.305,37.674,16.198,28.694,42.091,33.246,11.518,2.4481,2.0445,17.234,21.461,25.765,36.087,26.777,38.949,11.485,13.515,18.962,14.581,16.154,18.236,15.661,2.2428,12.156,12.468,13.204,10.937,12.375,12.571,12.994,12.654,62.346,75.283,26.552,34.492,7.4989,3.756,0.449,0.54785,12.152,0.0097789,0.0038815,0.67784,0.16444,1.628,1.0461,0.30474,0.10372,0.1375,0.69997,1.1298,0.54334,6.0259,4.0258,2.2457,0.22569,0.24003,0.48009,0.91069,0.73854,0.11249,1.6912,1.681,4.6743,4.3446,4.4903,6.1877,4.4477,4.7952,4.4053,5.0545,37.611,61.41,7.2925,26.678,3.4721,6.642,21.399,3.2708,20.593,3.0054,3.2578,20.94,20.915,12.088,12.548,12.515,2.9055,0.85397,1.6798,1.4557,1.117,1.568,6.4968,5.6151,21.376,3.2997,21.715,13.167,12.837,14.863,13.929,0.40688,1.2413,0.67601,0.57156,22.117,22.464,20.051,12.582,12.236,13.296,13.201
41.937,27.282,1.0921,90.501,63.747,4.2828,21.166,28.071,16.227,20.568,26.92,20.026,0.35425,12.234,40.045,60.627,51.989,54.491,0.84578,0,3.2585,0.11024,0.17514,17.368,6.1076,95.023,78.933,71.602,68.216,67.318,54.295,48.393,41.598,56.578,32.061,8.034,4.219,5.3047,17.789,9.399,6.1492,2.5717,72.8,73.295,50.978,73.691,81.17,41.376,55.783,47.152,63.67,44.207,65.792,49.796,44.385,45.134,11.429,5.2678,20.436,23.801,24.202,6.9934,1.4544,7.1952,22.227,50.298,61.463,47.441,20.438,15.171,16.603,20.117,15.866,23.105,11.886,19.472,7.3079,10.913,20.032,7.541,9.0375,3.9539,4.3831,1.2933,5.5507,3.4656,14.699,13.584,10.381,3.6424,17.242,12.136,14.302,11.761,12.145,11.804,12.189,83.783,43.257,50.242,32.91,27.059,25.625,5.2196,23.587,7.8236,20.288,1.1371,0.88165,0.84436,0.59292,0.91564,0.84033,0.29148,0.08661,3.0991,5.3562,2.5823,2.0509,15.448,4.4333,2.298,2.8288,0.1922,13.962,0.47807,1.4294,3.0858,2.7715,3.1625,0.1494,0.38952,0.51451,6.0722,6.0202,8.6102,8.3499,6.5773,6.5833,6.8516,6.6303,6.4322,58.023,52.689,65.675,64.297,63.975,40.25,25.765,45.641,27.895,14.633,11.394,10.997,10.837,4.2201,18.499,6.9179,1.7927,18.939,72.975,46.499,56.935,49.806,24.408,39.378,52.053,43.391,8.0453,5.5147,0.71928,22.665,22.453,19.309,26.882,18.126,28.323,6.3919,7.9787,12.445,8.7191,19.344,19.405,14.529,3.5151,11.338,11.697,12.497,10.435,11.635,12.124,12.048,11.88,48.674,60.193,20.137,25.494,4.2124,1.2151,0.76966,1.7302,11.662,0.89396,0.78424,2.9008,0.55535,3.7362,2.8239,1.6875,1.4961,1.5223,1.3823,2.7395,0.38301,3.3065,1.2353,1.0181,1.3128,1.6841,0.2058,1.8352,2.7853,0.58592,0.16507,0.16881,6.32,5.971,6.1838,7.7011,6.2543,6.7112,5.8201,6.9802,49.728,72.367,12.62,31.797,7.3425,11.7,22.304,5.9696,21.406,5.8108,5.9698,21.949,21.763,11.41,11.735,11.891,0.65726,0.54921,3.2635,2.4954,0.090906,0.17058,8.263,7.4415,22.347,6.0629,22.487,12.412,12.06,13.143,12.913,0.08021,0.33515,0.67887,0.23165,23.159,24.719,21.269,11.976,11.569,12.538,12.65
22.953,13.797,1.6333,59.615,38.259,2.0351,15.129,50.241,33.962,36.428,37.198,32.936,4.712,8.2814,66.149,87.747,81.245,84.323,1.0053,3.2585,0,4.3264,4.2004,14.764,2.1705,63.271,50.599,45.498,43.612,41.822,33.677,26.544,21.641,33.28,15.088,2.3387,3.6098,1.2547,8.3503,3.888,2.3881,0.22897,45.363,46.286,29.361,47.198,52.003,21.417,33.587,25.635,40.426,23.784,39.906,27.748,26.12,24.737,3.6663,0.26669,12.599,14.209,16.677,2.7415,3.5664,4.6384,16.207,76.031,87.725,67.555,36.968,28.958,34.572,34.378,32.883,42.363,27.011,27.608,18.224,18.319,25.93,9.7217,10.284,3.6836,2.4946,0.58684,4.2421,4.6743,12.574,11.79,11.745,4.7289,15.458,10.054,13.07,10.19,11.526,10.161,10.812,116.89,70.116,78.403,56.805,46.337,45.146,15.155,36.27,15.009,38.847,3.8386,0.92162,0.96013,1.1517,0.83969,1.13,1.8575,3.3702,2.7409,3.17,0.046847,1.7194,8.0354,3.0486,0.083662,0.037801,2.7267,11.581,1.2672,0.84814,0.0067593,0.045626,0.016882,4.5406,4.2297,5.2062,2.1393,2.1085,1.9741,2.575,2.445,3.1205,2.7991,2.4109,2.0971,34.595,30.001,40.635,39.088,38.628,21.661,11.123,27.341,12.89,4.1583,4.7376,3.1763,2.6902,0.1854,7.2372,2.9473,3.1137,17.582,45.476,25.172,33.671,29.108,11.607,21.885,30.087,22.921,12.941,2.8949,5.902,10.123,16.343,28.748,42.223,35.236,49.774,18.765,18.258,23.873,19.699,10.269,13.444,13.376,4.8105,10.183,10.386,10.921,8.8857,10.279,10.148,10.992,10.542,75.154,88.933,29.307,40.553,13.971,6.7955,1.1057,2.2025,9.8506,1.1084,0.99733,0.093615,1.1318,2.9768,2.4273,1.4704,0.49336,0.98881,2.9193,2.7674,1.7455,11.949,8.5005,6.2556,0.43856,0.27278,1.989,0.61511,0.020547,1.0811,4.4522,4.3972,2.2698,2.056,2.1102,3.4487,2.006,2.1745,2.2471,2.3491,28.908,46.766,6.0764,18.151,3.0965,5.6751,16.361,4.6806,15.745,4.1523,4.6448,15.881,15.993,9.9855,10.495,10.278,6.1282,1.9351,3.6682,3.857,3.3103,4.0719,3.4977,2.8126,16.287,4.6374,16.743,10.939,10.693,13.347,11.828,2.4182,4.4533,1.4981,2.0516,16.866,16.235,14.95,10.314,10.095,11.047,10.765
