0,3.9906,6.2106,14.922,21.016,23.471,25.52,38.199,47.215,0.89441,6.0662,109.79,75.426,40.917,33.657,26.759,18.147,9.9795,35.413,31.001,56.438,46.684,45.346,47.318,44.162,50.011,54.052,51.379,4.4387,9.6816,6.4157,1.0597,1.951,6.8199,3.0779,17.229,5.474,12.459,10.316,22.728,8.8176,35.4,29.627,29.884,38.189,36.822,29.795,33.322,26.352,7.2373,9.2865,4.7057,4.7809,5.4301,5.8295,5.022,9.043,12.365,114.06,124.07,100.89,93.051,67.194,75.106,78.735,68.869,39.802,50.887,37.807,37.092,39.35,32.281,34.391,28.056,32.276,30.078,33.175,16.203,14.83,12.279,13.204,14.096,11.587,12.654,13.662,39.852,38.719,37.832,41.288,35.89,37.501,35.043,31.387,33.125,26.026,52.985,48.029,39.551,49.203,45.036,43.987,44.206,52.101,49.835,48.454,67.348,51.703,50.837,50.599,52.172,51.258,3.0284,13.351,2.8113,42.4,30.589,31.059,40.33,11.235,7.6246,3.9412,1.6091,0.074746,3.248,2.6806,1.7469,0.24303,9.0524,4.7162,2.7569,9.3774,12.6,11.142,10.421,93.329,109.1,87.997,100.34,105.88,127.22,38.307,51.587,50.637,60.42,36.528,37.659,38.402,39.168,33.183,33.022,26.674,14.933,13.651,6.378,17.204,15.761,36.733,36.987,39.908,41.127,35.545,37.968,40.141,40.389,37.703,37.464,38.873,33.477,48.927,35.539,37.39,30.846,30.893,31.398,34.797,42.145,28.711,45.483,53.01,58.878,56.63,47.202,47.379,44.656,45.443,46.689,50.383,52.899,51.93,48.117,49.22,50.666,50.349,50.846,50.607,51.683,52.624,36.856,37.364,40.121,35.521,101.39,96.109,82.894,79.338,73.005,63.526,43.754,48.137,53.448,38.607,37.528,38.108,37.918,37.178,30.693,30.544,50.285,51.555,47.115,54.749,3.2435,2.3298,3.1778,5.5543,38.116,39.009,36.917,37.145,38.141,40.794,37.508,36.088,34.676,37.671,39.721,35.909,38.497,36.957,34.226
3.9906,0,0.43161,4.7607,12.542,12.161,18.104,18.026,78.448,4.1296,13.548,75.129,44.928,19.665,20.311,16.984,5.8384,8.2425,15.661,15.77,34.731,23.694,22.769,24.136,24.673,28.273,33.922,32.201,14.577,20.966,14.235,1.5427,4.2626,0.92854,0.37118,8.5135,0.68844,6.5163,2.864,9.5466,1.2114,15.921,14.864,13.065,21.717,17.075,55.242,60.364,50.622,18.564,21.476,12.381,12.891,3.8754,4.6469,0.16337,3.1179,8.7454,79.068,85.759,65.266,58.662,38.444,49.907,52.968,43.703,18.81,26.57,17.565,16.93,18.538,19.746,21.023,17.561,20.416,18.201,14.351,10.159,13.96,9.9408,12.592,13.288,9.7467,12.321,12.901,18.795,18.073,17.448,19.701,16.056,17.145,15.525,16.174,17.612,9.6824,32.331,26.81,22.257,25.737,22.728,21.87,22.082,29.785,28.103,31.434,43.088,33.291,32.983,31.771,33.611,33.036,13.895,15.426,5.9035,20.375,12.633,55.33,67.417,21.003,15.823,12.967,6.5332,3.0145,12.398,10.479,9.7029,6.0257,3.3263,5.9147,3.3805,12.013,13.641,11.728,10.224,60.237,73.68,55.11,65.635,72.47,89.745,18.215,27.049,26.198,33.56,16.597,17.374,17.88,18.364,20.435,20.39,15.15,6.7813,4.3231,2.163,12.237,12.147,16.698,16.974,18.857,19.682,15.869,17.428,19.025,19.107,17.299,17.177,18.167,14.558,25.358,15.988,17.002,15.397,15.197,13.957,18.046,22.294,11.52,25.809,33.944,37.641,36.717,24.082,24.148,22.277,22.799,23.824,28.561,32.97,32.736,30.352,31.35,32.558,32.35,32.696,32.503,33.501,33.967,17.029,17.472,18.847,16.359,69.026,60.962,52.407,47.913,48.993,36.697,23.538,24.479,28.266,19.041,17.527,17.9,17.438,16.944,15.498,15.297,28.445,29.551,28.357,34.947,0.87677,0.51495,4.0613,0.16718,18.027,18.649,17.134,17.314,17.71,19.533,17.267,16.322,15.392,17.506,19.067,16.152,18.382,17.162,15.257
6.2106,0.43161,0,5.2919,15.2,13.807,21.776,16.056,87.588,5.2892,18.765,72.561,40.337,17.191,22.35,19.83,3.2266,11.886,12.863,16.379,34.927,18.868,18.015,19.276,24.616,27.538,34.773,33.281,19.559,27.243,19.568,2.4598,4.8254,0.12831,0.59268,10.452,0.16721,8.9202,3.9183,9.9025,0.23035,11.973,15.533,12.218,22.677,15.161,63.21,67.93,58.124,20.537,23.367,17.315,14.179,3.0526,7.6676,0.72829,1.4829,12.103,76.731,81.826,60.153,53.125,33.134,50.068,53.158,43.189,16.237,21.651,15.326,14.45,16.067,22.009,23.142,20.249,22.995,20.503,10.735,13.156,18.605,13.749,17.096,17.854,13.618,16.831,17.422,16.115,15.574,14.96,16.72,13.488,14.492,13.102,16.858,18.394,7.0097,32.745,26.139,22.921,20.453,17.798,17.149,17.279,28.955,27.344,33.333,42.983,34.82,34.71,32.956,35.112,34.617,17.904,20.7,6.3242,16.756,10.555,59.882,77.341,27.426,16.531,17.79,10.162,4.9273,14.565,14.832,11.972,8.4506,1.6655,9.4866,6.222,16.857,18.54,16.289,14.442,56.725,70.373,50.676,61.643,70.417,86.92,16.39,23.62,21.991,29.724,14.249,14.983,15.445,15.806,22.706,22.698,17.169,8.5761,2.0264,1.1309,15.806,16.013,14.26,14.724,16.225,16.945,13.433,14.649,16.396,16.256,14.679,14.665,15.636,10.901,22.517,13.803,14.142,15.836,15.48,12.933,18.312,21.631,9.7412,25.828,35.266,38.401,37.971,19.192,19.328,17.583,18.088,18.846,27.824,33.802,33.869,31.83,32.895,34.136,33.95,34.27,34.076,35.148,35.465,15.016,15.569,15.757,14.731,67.248,54.779,49.692,43.036,49.638,33.938,22.886,20.983,24.299,17.869,15.537,15.846,14.785,14.355,16.076,15.815,27.678,28.867,29.166,36.06,0.86096,0.98463,7.1278,0.48985,16.139,16.725,15.208,15.411,15.304,16.98,14.875,14.042,13.224,15.33,17.009,13.781,16.591,15.235,13.388
14.922,4.7607,5.2919,0,3.4826,2.1166,7.3698,6.352,107.83,17.333,20.08,43.77,26.255,7.9991,5.9691,5.3784,7.949,6.0681,7.2694,3.2016,13.829,16.973,16.435,17.238,7.8883,10.304,13.272,12.233,25.826,29.768,20.899,11.419,18.002,6.8027,7.72,1.3992,7.3174,2.0445,0.46745,0.84344,5.1077,11.618,2.802,2.7913,6.1688,5.8525,79.748,88.535,74.869,41.227,45.69,20.108,32.95,16.289,5.2967,3.2023,11.617,4.6815,46.473,53.325,40.623,37.217,24.687,23.902,26.026,19.913,7.8443,18.165,6.6498,6.9071,7.5175,5.8937,6.3926,5.3906,6.5576,5.2062,9.9627,3.6358,9.871,6.3439,9.3424,9.544,6.6906,9.4635,9.371,8.0771,7.3893,7.1219,9.1596,6.7996,7.3863,6.281,3.3862,4.0669,5.97,12.296,9.4159,6.4304,19.775,17.359,16.112,16.576,11.262,10.222,12.064,19.338,13.027,12.919,11.991,13.215,12.889,29.347,13.71,21.262,11.225,4.6119,89.031,88.1,27.081,37.875,23.061,14.343,13.363,31.193,20.249,26.39,18.973,12.205,8.349,7.2987,12.516,11.589,10.079,8.5058,34.239,43.554,32.373,38.77,41.318,55.005,6.1968,13.54,15.333,17.893,6.4948,6.8841,7.1737,7.6326,6.238,6.2517,3.5906,0.9679,9.8691,11.28,5.4862,6.4588,6.7275,6.4367,7.9942,8.5683,6.426,7.7964,8.0565,8.6045,7.366,7.0725,7.496,10.161,11.409,5.9287,7.8586,3.0439,2.9811,3.3258,4.3075,6.9128,3.6795,8.504,13.366,15.63,15.098,17.372,17.047,16.043,16.224,17.78,10.474,12.678,12.572,11.218,11.845,12.594,12.476,12.678,12.559,13.203,13.435,6.0082,6.0022,9.1205,5.0972,38.558,40.457,27.736,28.774,23.212,17.621,7.5728,12.5,15.523,5.7171,6.1743,6.4449,7.4929,7.1622,3.0797,2.9928,10.427,11.024,9.8842,13.947,9.4931,8.3982,7.6456,3.1943,6.2152,6.5474,5.8987,5.936,7.044,8.1033,6.842,6.2499,5.6781,6.5034,6.9589,6.3793,6.2174,5.9122,5.0569
21.016,12.542,15.2,3.4826,0,0.65696,0.72393,12.926,105.08,26.956,17.066,43.396,36.17,15.794,1.7289,0.35544,21.947,3.1394,17.242,3.1688,11.242,32.552,32.006,32.824,7.6659,11.214,9.2109,7.9075,25.39,25.161,17.661,20.209,29.294,18.033,17.112,0.48198,18.196,1.1299,3.6954,3.0688,15.931,26.106,2.841,7.2507,4.0172,12.482,77.755,89.074,73.89,52.92,58.242,18.286,45.184,30.361,5.0761,9.9284,25.981,1.6389,45.014,55.789,49.255,48.235,38.436,19.221,20.877,17.806,16.174,33.251,14.197,15.416,15.58,1.3208,1.8366,0.5082,1.2188,0.90438,23.615,0.41558,3.7096,2.4129,3.8807,3.7208,2.8376,4.1527,3.7468,16.771,15.663,15.522,18.658,15.846,16.425,14.985,3.077,3.2,17.633,9.55,10.417,4.8742,36.784,33.767,31.848,32.616,12.164,11.227,6.0187,16.262,7.4921,6.9936,7.4924,7.6919,7.2798,33.051,7.0406,33.587,22.855,13.004,99.202,79.756,20.962,52.361,22.515,15.707,19.951,40.768,20.699,34.82,25.432,26.794,7.5586,8.904,7.8324,5.6849,5.1601,4.3855,38.428,45.491,40.18,43.749,39.788,53.809,12.274,22.853,27.653,27.269,14.651,14.98,15.281,16.027,1.4979,1.4488,0.58479,0.95178,24.571,24.453,0.78766,1.495,15.157,14.171,16.511,17.232,15.075,17.193,16.522,17.804,16.252,15.625,15.852,23.909,19.114,13.709,17.658,3.5122,3.8861,8.0601,4.6026,8.7526,11.425,7.877,8.1953,11.206,9.6502,33.111,32.449,31.511,31.587,34.016,11.339,8.8139,8.0345,6.2876,6.5959,7.0712,6.9363,7.1382,7.0545,7.37,7.86,12.965,12.502,19.228,11.021,36.655,53.435,30.567,39.183,17.459,22.942,9.1346,22.628,26.462,9.6631,12.934,13.316,16.452,16.037,3.1852,3.2918,11.391,11.572,6.8509,9.1044,19.998,17.419,8.5655,10.5,12.532,12.827,12.553,12.475,15.098,16.187,14.966,14.256,13.566,13.86,13.561,14.73,12.149,12.563,12.016
23.471,12.161,13.807,2.1166,0.65696,0,2.39,7.7932,117.88,28.416,22.564,35.274,27.12,10.064,1.0401,0.94121,17.651,5.7635,11.507,0.99016,7.6083,24.607,24.19,24.818,4.2093,6.8162,6.3827,5.4309,31.155,32.18,23.312,20.996,30.109,16.32,16.782,0.51159,16.901,2.0176,3.2233,1.0382,13.775,19.483,0.7917,3.6121,1.9103,7.4689,88.597,99.864,84.149,56.44,61.845,23.587,47.591,29.379,7.2886,9.5058,23.583,3.7046,37.023,45.924,38.893,37.742,29.101,14.956,16.537,12.997,10.409,25.001,8.8329,9.8696,9.9286,0.95474,1.2091,0.84103,1.2269,0.68401,17.375,1.7687,7.2989,5.0667,7.3992,7.2562,5.629,7.7249,7.254,10.908,10.017,9.9306,12.457,10.285,10.705,9.5961,0.96299,1.1135,12.59,6.2758,6.1612,2.3844,28.383,25.855,24.139,24.84,7.5895,6.8109,4.5811,11.943,5.5134,5.272,5.1615,5.6642,5.3758,38.15,11.651,34.421,16.059,8.1664,107.06,92.474,27.837,54.31,27.959,19.47,21.974,44.07,25.548,37.999,28.363,24.409,10.631,11.283,12.189,9.8106,8.9325,7.7434,29.808,36.635,30.844,34.459,32.301,44.992,7.2732,15.778,19.961,19.461,9.2524,9.4848,9.71,10.307,1.102,1.1026,0.19451,0.96188,21.046,22.841,2.7928,3.9762,9.6669,8.838,10.688,11.255,9.6487,11.338,10.689,11.763,10.55,10.031,10.17,17.62,12.685,8.509,11.764,1.1577,1.3614,4.1699,1.8825,4.7394,6.9637,4.4499,5.9353,8.113,7.1878,25.091,24.467,23.779,23.796,25.968,6.9251,6.0056,5.5984,4.379,4.7235,5.1842,5.0867,5.2416,5.1647,5.5269,5.8138,7.8565,7.4719,12.993,6.3418,29.574,42.285,23.046,29.739,13.793,16.018,5.0682,15.651,18.837,5.2845,7.8143,8.1085,10.71,10.39,0.98769,1.0364,6.9505,7.1701,4.226,6.5463,19.533,17.445,11.172,9.7889,7.4805,7.6998,7.5235,7.4558,9.5662,10.392,9.4779,8.9407,8.4252,8.5609,8.2732,9.3429,7.1725,7.5307,7.1732
25.52,18.104,21.776,7.3698,0.72393,2.39,0,18.574,104.6,33.059,17.383,46.513,43.703,22.027,2.3036,0.44435,30.595,3.85,24.385,5.6877,12.875,42.314,41.749,42.597,10.265,14.402,10.127,8.6691,26.751,24.623,17.865,26.047,36.175,25.201,23.341,2.3564,25.165,2.8985,7.3649,6.5133,22.985,35.248,5.3737,11.829,5.6414,18.138,77.834,90.217,74.465,59.63,65.302,19.126,52.26,38.627,6.97,15.054,34.546,2.3714,47.661,60.309,56.414,56.409,47.607,20.057,21.526,19.785,22.635,42.845,20.281,21.924,21.915,1.7162,2.2717,0.68733,1.2476,1.3951,32.36,1.1625,2.9489,2.7008,3.4211,3.108,3.1411,3.7496,3.2208,23.397,22.086,21.991,25.661,22.581,23.176,21.555,5.4723,5.3588,25.398,11.071,13.627,6.7951,47.2,43.871,41.646,42.55,15.372,14.458,5.9321,17.776,7.6862,6.9923,8.1638,7.8972,7.4334,36.226,5.9404,40.897,30.824,19.376,104.74,76.946,19.809,60.434,23.871,18.071,24.715,46.62,22.545,40.209,30.029,35.45,9.1072,11.54,7.5939,4.9647,4.8958,4.5067,43.514,49.664,46.867,49.248,42.342,56.668,17.698,29.888,36.021,34.421,20.994,21.31,21.625,22.509,1.8271,1.7457,1.6384,3.2052,33.417,32.421,0.83549,1.3728,21.625,20.33,23.057,23.859,21.627,24.111,23.047,24.664,22.938,22.157,22.314,32.7,25.396,19.87,24.75,6.2625,6.8401,12.785,7.326,12.283,17.48,10.303,8.5768,12.004,9.9409,42.949,42.142,41.201,41.24,44.066,14.511,9.8095,8.7024,6.7259,6.8963,7.2588,7.1123,7.3202,7.2504,7.4223,8.0457,18.77,18.106,26.491,16.342,39.003,62.51,34.948,46.971,17.772,28.29,12.555,29.992,34.245,14.119,18.658,19.098,23.173,22.711,5.7643,5.9589,14.609,14.61,8.1712,9.6599,26.709,23.448,10.887,15.904,18.062,18.352,18.222,18.095,21.414,22.549,21.306,20.526,19.764,19.856,19.24,21.152,17.51,18.231,17.789
38.199,18.026,16.056,6.352,12.926,7.7932,18.574,0,165.74,39.166,48.974,20.724,6.7797,0.14749,9.5643,13.457,10.122,23.671,0.93121,3.8713,6.9543,5.8473,5.8145,5.8755,3.377,2.8735,8.5429,8.7068,57.588,63.548,50.239,30.008,38.459,17.234,22.318,10.169,19.153,14.206,10.171,3.686,13.501,4.9464,4.0334,0.85425,5.6321,0.012941,130.47,140.83,124,72.653,78.044,49.061,60.361,31.606,23.178,15.562,21.545,19.998,23.182,25.39,15.066,12.818,6.7841,13.062,14.562,8.7343,0.23154,5.4871,0.069771,0.28383,0.16417,10.53,10.008,12.569,12.133,10.608,4.216,16.014,29.012,23.359,28.696,28.711,24.304,29.135,28.566,0.33167,0.20763,0.24291,0.64657,0.49668,0.44732,0.41617,4.117,4.5141,3.5511,6.7305,2.608,4.7998,7.855,6.9454,6.0301,6.4402,3.1255,2.7847,11.432,9.4107,10.617,11.25,8.9184,10.619,10.722,61.389,36.528,42.521,1.8612,0.70361,136.52,141.76,59.23,65.062,53.478,39.461,35.283,60.268,49.017,54.174,44.389,22.343,29.227,27.12,35.727,33.03,30.818,28.169,12.435,19.237,10.287,14.877,19.97,28.634,0.017843,1.4435,2.9152,2.9473,0.20554,0.17064,0.16882,0.24025,10.639,10.804,9.2331,10.294,15.585,23.476,19.4,22.066,0.26983,0.10954,0.28186,0.35217,0.37488,0.57837,0.27222,0.50968,0.39091,0.28974,0.22866,4.2855,0.73541,0.15965,0.76817,3.3715,2.9437,0.58843,3.069,1.6539,0.80297,3.8249,10.101,9.5995,10.839,6.0636,5.6506,5.679,5.5529,6.7097,2.9475,8.1663,9.0568,9.5098,10.055,10.555,10.572,10.588,10.521,11.119,10.73,0.023194,0.0049632,0.90037,0.078482,18.548,14.842,9.3192,8.0921,13.983,3.3111,1.9079,1.3613,2.399,0.49589,0.0055779,0.0064281,0.41315,0.39624,3.7722,3.5928,2.8634,3.3219,6.6809,9.7352,24.343,24.142,27.886,14.822,0.0047986,0.010617,0.01151,0.0074293,0.15783,0.1981,0.17859,0.18474,0.22007,0.04651,0.014881,0.27375,0.030246,0.010787,0.12187
47.215,78.448,87.588,107.83,105.08,117.88,104.6,165.74,0,52.259,37.459,282.1,238.75,172.6,133.52,114.42,123.08,71.972,163.14,139.07,184.78,187.76,185.05,189.03,166.26,180.1,176.49,170.54,28.228,27.728,36.585,61.159,57.155,89.187,74.031,103.29,84.011,89.332,94.123,125.06,96.679,164.33,136.18,145.32,149.39,162.97,2.1149,1.536,3.0444,32.744,32.334,36.015,41.204,74.747,67.247,81.865,92.983,80.545,286.96,309.82,280.6,269.79,226.51,214.06,219.35,208.91,170.87,196.13,166.03,165.49,169.7,129.3,134.18,118.17,126.7,125.04,159.54,92.336,72.44,75.798,70.284,71.66,73.49,68.882,71.162,171.31,168.62,166.92,174.88,163.46,166.79,161.4,139.27,141.74,143.24,177.77,176.43,153.75,192.52,184.23,182.24,182.62,184.1,179.94,159.65,203.93,167.76,164.86,168.51,168.73,166.65,26.335,60.964,55.909,178.43,151.63,12.946,4.2504,33.599,44.805,31.369,43.523,51.003,34.984,34.642,36.906,41.687,92.437,57.975,59.039,56.056,63.996,64.505,66.753,262.58,285.01,258.25,275.3,273.52,308.49,165.34,194.87,194.99,211.43,164,166.28,167.81,169.65,130.83,130.25,121.07,99.547,109.03,84.093,89.077,83.028,164.68,164.53,171.26,173.85,162.41,168.04,171.69,172.82,167.08,166.3,169.01,160.2,188.25,161.58,167.14,139.88,140.94,149.02,148.06,166.41,146.91,168.01,171.4,184.81,177.7,188.78,189.17,183.65,185.27,187.65,180.73,174.76,171.04,162.31,163.61,165.71,165.03,166.03,165.65,166.83,169.47,163.42,163.94,172.96,159.4,265.37,276.27,242.88,245.96,207.52,212.55,169.1,188.88,199.63,162.91,164.58,165.9,167.59,165.99,138.71,138.83,180.73,182.35,165.48,175.73,73.589,70.153,58.279,84.42,165.25,167.03,163.2,163.53,167.22,172.64,165.99,162.94,159.88,165.54,168.86,162.9,165.55,163.28,157.95
0.89441,4.1296,5.2892,17.333,26.956,28.416,33.059,39.166,52.259,0,11.559,114.49,74.824,41.275,40.047,33.501,15.226,15.549,34.642,35.27,62.094,43.097,41.758,43.73,48.584,53.886,60.439,57.889,8.5819,15.936,12.018,0.62593,0.21779,5.2261,2.3792,21.864,4.045,17.057,12.822,25.82,7.4535,32.323,33.854,31.884,43.555,37.755,34.532,36.747,30.587,5.1823,6.7818,9.5877,2.4917,2.3307,10.011,5.7105,5.8519,18.017,119.31,127.37,101.01,91.938,64.615,81.876,85.751,74.326,39.884,47.569,38.279,37.072,39.567,38.83,40.942,34.736,39.207,36.48,30.516,21.977,22.036,18.367,20.05,21.129,17.629,19.419,20.593,39.749,38.826,37.871,40.783,35.592,37.213,34.916,35.798,37.823,24.348,58.709,51.85,44.625,44.894,41.017,40.309,40.373,55.987,53.661,55.812,73.288,58.82,58.145,57.192,59.284,58.41,5.0515,20.777,0.54136,40.813,30.6,29.61,48.283,18.28,4.1867,8.1551,4.9025,0.7314,2.3008,6.4028,1.3991,0.92796,5.7444,9.157,5.9839,15.784,19.65,17.695,16.577,95.681,112.63,88.502,102.31,111.15,132.37,39.526,51.214,48.731,60.046,36.685,37.852,38.591,39.215,39.82,39.69,32.411,19.101,10.332,3.7721,23.718,22.392,36.752,37.36,39.896,41.045,35.448,37.501,40.156,40.031,37.494,37.424,38.939,30.77,49.361,35.882,36.715,34.863,34.69,33.266,38.919,45.521,29.041,50.114,59.949,65.465,63.721,43.536,43.886,41.118,41.961,42.765,54.282,59.183,58.548,54.916,56.184,57.772,57.462,57.961,57.704,58.948,59.764,37.623,38.365,39.301,36.805,106.83,94.007,85.904,78.497,80.306,65.219,47.277,47.338,52.255,40.906,38.398,38.924,37.673,36.972,34.891,34.645,54.133,55.618,52.961,61.53,1.9729,1.8087,6.751,5.9543,39.213,40.128,37.838,38.125,38.357,41.005,37.685,36.319,34.961,38.238,40.679,35.965,39.791,37.88,34.98
6.0662,13.548,18.765,20.08,17.066,22.564,17.383,48.974,37.459,11.559,0,114.22,92.185,53.421,29.574,21.078,36.991,5.5869,50.421,32.567,55.867,69.343,67.926,70.019,46.21,53.875,51.346,48.177,1.1881,0.9527,0.0088946,11.136,14.886,21.068,14.458,16.569,19.089,11.332,14.692,26.807,22.842,56.082,31.204,37.41,37.281,47.594,21.974,28.438,20.016,19.149,22.141,0.11743,17.925,22.543,4.7735,13.39,27.267,8.1476,117.17,132.72,116.89,111.87,88.514,72.476,75.608,69.494,52.939,73.147,49.826,50.315,52.119,27.639,29.911,22.674,26.549,25.667,52.687,12.172,6.195,6.7191,5.4113,5.8793,6.041,5.0055,5.6894,53.461,51.727,50.955,56.006,49.739,51.428,48.404,32.6,33.682,42.598,52.035,51.921,39.538,73.755,68.629,66.697,67.303,56.054,53.819,42.707,66.592,46.839,45.383,47.119,47.349,46.267,4.8992,3.573,16.923,59.894,43.291,38.847,24.185,0.84742,23.606,0.74013,1.5249,6.9443,12.847,0.94978,10.098,6.4673,27.527,2.5343,3.7073,2.0199,3.9662,3.8339,4.2574,103.28,116.59,102.49,111.56,108.63,131.09,48.437,66.572,69.414,75.879,49.266,50.381,51.178,52.356,28.364,28.104,23.845,15.318,32.881,22.802,11.117,9.1092,49.835,49.204,53.292,54.764,48.864,52.38,53.471,54.677,51.445,50.764,51.996,53.126,61.71,47.736,52.287,33.084,33.725,39.378,37.036,46.867,40.463,47.051,48.719,55.902,52.131,70.085,69.856,67.072,67.77,70.159,54.204,50.408,48.463,43.909,44.626,45.765,45.408,45.932,45.729,46.401,47.751,48.056,47.996,55.559,45.3,103.49,117.54,90.677,96.88,68.816,73.844,48.186,64.005,70.602,45.949,48.508,49.265,51.766,50.877,32.428,32.533,54.236,55.006,45.479,50.997,15.976,13.088,3.2159,14.746,48.549,49.442,47.727,47.818,50.833,53.665,50.256,48.607,46.963,49.434,50.612,48.863,48.449,47.765,45.283
109.79,75.129,72.561,43.77,43.396,35.274,46.513,20.724,282.1,114.49,114.22,0,10.522,20.418,28.485,38.816,58.882,69.364,27.701,25.142,10.53,34.197,35.034,33.826,15.269,11.675,13.252,15.047,132.41,134.5,115.87,98.19,114.33,75.501,84.601,44.01,79.249,53.97,52.987,32.751,67.492,39.139,26.412,25.536,21.042,21.729,235.61,253.22,228.17,168.38,176.92,116.52,150.04,103.44,74.156,69.213,84.487,61.499,0.10783,1.1596,5.9191,9.9213,20.065,6.0076,5.5872,5.65,21.867,30.254,22.12,23.962,21.778,30.677,28.404,36.606,32.562,32.573,38.54,52.07,71.661,66.25,72.956,72.002,68.377,74.218,72.26,22.381,22.496,23.283,22.78,25.687,24.514,25.765,25.004,23.918,40.159,12.311,12.661,19.356,37.353,38.006,36.479,37.336,10.685,11.745,19.777,6.792,16.761,17.994,15.745,16.463,17.158,144.04,84.694,121.63,26.29,28.915,257.58,240.79,124.66,158.34,125.76,105.88,105.37,148.14,120.18,137.76,120.36,86.05,84.426,84.72,88.099,80.147,78.457,75.345,1.966,0.38565,5.7335,2.1601,0.15788,0.64939,20.163,16.996,23.234,13.638,23.843,22.961,22.471,22.374,30.078,30.398,33.914,46.704,71.775,88.264,55.516,60.668,24.097,22.933,22.074,21.526,25.301,24.792,21.848,22.845,24.125,23.768,22.513,38.553,15.922,24.039,25.92,24.933,24.642,24.361,21.591,15.896,29.669,14.707,15.4,11.396,13.911,34.377,33.216,35.163,34.314,36.322,11.502,13.603,15.041,17.953,17.79,17.367,17.593,17.285,17.37,17.304,16.289,22.065,21.216,24.626,21.978,0.413,13.295,2.3528,10.601,7.841,7.926,14.948,20.029,19.04,18.536,21.378,21.106,24.094,24.475,25.328,25.33,11.532,11.01,15.875,13.962,89.038,87.767,85.003,68.222,20.519,19.89,21.689,21.409,22.572,20.887,23.105,23.947,24.832,21.974,19.755,24.576,19.904,21.657,24.001
75.426,44.928,40.337,26.255,36.17,27.12,43.703,6.7797,238.75,74.824,92.185,10.522,0,5.3577,26.82,35.337,25.482,55.284,7.644,18.021,13.415,7.5087,7.9954,7.2937,12.209,8.6801,17.243,18.649,103.69,111.82,93.914,62.354,72.663,41.142,50.551,32.66,44.513,40.18,33.523,20.014,35.326,11.209,18.758,12.219,18.593,7.3177,196.07,208,187.95,118.12,124.44,92.306,101.69,60.465,55.012,41.558,44.861,49.265,12.755,10.097,2.0703,0.95486,1.5282,15.5,16.37,10.763,5.6743,5.5657,6.592,6.7387,5.8798,28.862,27.291,33.521,31.448,29.721,11.449,42.266,62.282,54.392,62.168,61.998,55.949,62.93,61.878,5.6295,6.0946,6.4377,5.1368,7.2678,6.5653,7.6455,18.336,18.455,14.25,14.541,9.0523,16.623,8.6667,9.3183,8.7596,9.1077,8.2078,8.5826,24.389,12.747,21.734,23.137,19.331,21.546,22.09,107.67,73.587,77.525,5.4271,9.95,198.51,210.54,105.86,106.1,98.196,78.69,71.102,103.37,92.018,95.973,83.803,45.87,64.153,60.904,73.142,68.656,65.699,61.925,3.4001,7.6728,0.8746,3.6765,11.538,15.036,6.9871,2.2575,3.3269,0.83287,7.0119,6.5428,6.2413,5.9079,28.733,29.056,28.562,33.336,34.566,49.15,47.264,51.676,6.8968,6.8871,5.6179,5.1673,7.4141,6.4012,5.5356,5.4365,6.4754,6.5798,6.0256,11.383,3.0495,7.5094,6.7124,17.158,16.345,11.125,15.251,9.6693,11.125,12.495,20.332,16.972,20.055,7.5332,7.0387,8.1259,7.6863,8.4128,8.6564,17.085,19.016,21.334,21.803,22.052,22.21,22.036,22.02,22.579,21.546,7.1707,7.1508,5.6768,8.2432,11.501,1.6818,3.7955,0.06056,18.101,1.9464,9.5128,3.1391,2.1188,8.4997,6.9691,6.6902,6.3884,6.6959,17.942,17.663,8.5326,8.8586,16.924,18.985,52.807,53.56,62.116,40.052,6.9361,6.6075,7.2668,7.2229,6.3535,5.3463,6.6014,7.2249,7.8867,6.6999,6.1858,7.2642,6.9946,7.2514,8.3479
40.917,19.665,17.191,7.9991,15.794,10.064,22.027,0.14749,172.6,41.275,53.421,20.418,5.3577,0,12.043,16.422,9.967,27.153,0.61161,5.5226,8.3199,4.3506,4.3615,4.3578,4.6166,3.7104,10.293,10.595,61.923,68.627,54.755,31.958,40.222,18.158,23.848,12.627,20.245,16.949,12.137,5.2097,14.31,3.9764,5.7222,1.6663,7.4734,0.19611,136.62,146.77,129.87,75.288,80.639,53.349,62.581,32.551,26.31,17.27,21.995,23.302,23.005,24.279,13.307,10.828,4.9667,14.381,15.893,9.6701,0.030539,3.9271,0.063935,0.14185,0.021928,13.142,12.531,15.439,14.93,13.248,3.4393,19.094,33.069,26.929,32.675,32.723,27.914,33.12,32.553,0.069271,0.050801,0.094243,0.20854,0.30768,0.20562,0.31136,5.8116,6.2615,3.3297,8.2287,3.4849,6.4666,6.0941,5.3947,4.5999,4.9636,3.9037,3.6079,13.802,10.586,12.766,13.515,10.869,12.751,12.902,65.177,40.966,44.209,1.0575,0.80706,140.72,149.04,64.38,66.953,57.714,42.985,37.817,62.996,52.977,56.951,47.237,22.78,32.691,30.164,39.924,37.246,34.838,31.988,11.605,18.505,8.9346,13.761,19.966,28.16,0.24846,0.72805,1.7583,1.9824,0.1403,0.077865,0.049847,0.048989,13.254,13.441,11.714,12.675,15.632,24.282,22.813,25.659,0.15274,0.099222,0.046702,0.054182,0.2619,0.26379,0.038094,0.14806,0.16715,0.12825,0.053237,3.4847,0.36184,0.19018,0.40877,4.9248,4.406,1.2949,4.5139,2.5461,1.0827,5.1061,12.128,11.29,12.82,4.5294,4.1553,4.2619,4.1243,5.1271,3.7825,9.9077,10.975,11.635,12.218,12.733,12.765,12.765,12.697,13.337,12.86,0.14902,0.19272,0.40306,0.42819,18.709,12.479,8.9629,6.5001,15.586,2.9587,2.8041,0.61447,1.3727,1.1011,0.14301,0.10567,0.17051,0.19173,5.4064,5.1925,3.6815,4.1857,8.4183,11.637,25.741,25.82,31.06,16.388,0.19976,0.18306,0.18724,0.1955,0.056286,0.0062424,0.086252,0.15915,0.26213,0.077359,0.10848,0.19731,0.28016,0.18576,0.33608
33.657,20.311,22.35,5.9691,1.7289,1.0401,2.3036,9.5643,133.52,40.047,29.574,28.485,26.82,12.043,0,0.79889,25.845,9.5159,15.08,1.3202,4.3793,29.746,29.473,29.891,2.923,5.2744,3.0017,2.2621,40.369,39.777,30.334,31.238,42.22,25.465,26.174,2.7437,26.271,5.2433,7.9217,3.1987,22.109,25.348,1.324,5.5561,0.76635,9.4193,102.53,115.6,98.157,71.972,78.104,31.245,62.236,41.457,12.555,16.832,34.239,6.7277,29.588,39.205,36.134,36.584,31.289,9.4592,10.61,8.7626,12.741,29.424,11.052,12.585,12.194,0.043147,0.0077986,0.50966,0.18488,0.13999,23.068,3.8379,9.7909,8.1168,10.324,9.9345,8.8954,10.822,10.046,13.393,12.445,12.514,15.143,13.379,13.608,12.637,1.1646,0.93712,18.205,3.3462,4.8505,1.2354,34.046,31.64,29.666,30.512,5.8379,5.318,1.3493,7.5616,2.031,1.7995,2.0342,2.1343,1.9252,49.636,14.95,47.313,19.624,11.615,126.49,103.91,34.157,70.08,36.721,27.692,32.024,57.794,34.355,50.74,39.369,35.245,16.473,18.083,16.654,13.111,12.549,11.468,25.797,30.696,28.664,30.254,25.397,36.794,8.8319,17.318,22.997,20.201,11.879,11.955,12.101,12.736,0.032958,0.044815,0.40656,3.8336,30.649,33.53,4.5292,6.0677,12.389,11.23,13.089,13.586,12.606,14.349,13.042,14.413,13.362,12.722,12.616,23.326,13.791,11.089,15.026,1.6527,1.9807,6.0252,1.8277,4.3255,10.372,2.9005,2.396,4.1597,3.2108,30.26,29.433,29.082,28.953,31.471,5.3314,2.7922,2.3207,1.4224,1.5741,1.8166,1.7501,1.8509,1.8076,1.9821,2.2241,9.9373,9.3073,16.087,8.1593,22.864,41.808,19.306,29.347,8.2003,14.798,4.3884,17.902,20.937,5.996,9.7371,10.011,13.53,13.257,1.3975,1.5215,5.3993,5.3577,1.8353,2.903,29.588,26.976,17.732,17.208,9.1567,9.2611,9.4731,9.3324,11.964,12.508,11.978,11.553,11.153,10.715,9.886,12.126,8.652,9.4743,9.5626
26.759,16.984,19.83,5.3784,0.35544,0.94121,0.44435,13.457,114.42,33.501,21.078,38.816,35.337,16.422,0.79889,0,26.257,5.1366,18.8,2.9781,8.9181,34.934,34.477,35.166,6.4815,9.8424,6.8303,5.6646,30.697,29.576,21.686,25.917,36.093,23.001,22.279,1.4888,23.312,2.7505,6.1202,3.9514,20.408,28.965,2.7734,7.9426,2.9698,13.123,86.02,98.387,82.173,61.822,67.572,22.668,53.524,37.069,7.9399,13.888,31.803,3.1886,40.063,51.181,46.935,46.844,39.042,15.549,16.951,14.848,17.007,35.204,14.98,16.481,16.379,0.47863,0.81504,0.032391,0.31563,0.28242,26.389,1.3804,5.0106,4.0018,5.431,5.1283,4.5582,5.806,5.2194,17.69,16.557,16.508,19.679,17.131,17.593,16.246,2.8139,2.7177,20.409,7.4146,9.1866,3.8086,39.453,36.527,34.466,35.316,10.664,9.8836,3.7807,13.239,5.0864,4.6039,5.2796,5.2564,4.8955,39.657,8.8531,40.842,24.366,14.525,110.55,86.638,24.626,61.338,27.547,20.357,25.597,48.607,25.733,42.081,31.671,32.721,10.792,12.669,10.314,7.4789,7.1243,6.396,35.448,41.377,38.239,40.629,35.166,48.38,12.686,23.172,28.819,27.091,15.671,15.905,16.157,16.919,0.56274,0.52224,0.39689,2.3308,29.734,30.325,1.5846,2.5181,16.228,15.057,17.382,18.056,16.286,18.418,17.364,18.812,17.368,16.674,16.755,26.689,19.205,14.709,19.028,3.4106,3.8502,8.6902,4.1658,8.0545,12.938,6.5403,5.745,8.4811,6.9366,35.508,34.729,33.998,33.987,36.606,9.9368,6.5317,5.7297,4.1912,4.3886,4.736,4.6207,4.7892,4.7254,4.9332,5.3889,13.677,13.075,20.487,11.598,32.163,52.415,27.789,38.28,13.755,21.658,8.2794,23.365,27.085,9.6067,13.554,13.921,17.57,17.187,3.0403,3.1884,10.013,10.043,5.0558,6.5816,25.547,22.682,12.199,14.502,13.011,13.236,13.192,13.073,15.978,16.893,15.908,15.271,14.654,14.608,13.994,15.841,12.517,13.199,12.919
18.147,5.8384,3.2266,7.949,21.947,17.651,30.595,10.122,123.08,15.226,36.991,58.882,25.482,9.967,25.845,26.257,0,23.334,5.8432,16.77,31.629,7.1816,6.6326,7.445,21.97,22.782,33.233,32.546,38.67,48.903,38.133,10.725,13.402,2.7305,6.278,15.971,3.7225,16.466,8.6612,10.866,1.7451,3.3011,16.237,9.6044,23.029,9.5159,94.156,99.004,87.794,35.543,38.651,35.193,26.61,7.661,18.41,5.9332,2.7751,22.221,63.255,64.31,42.075,34.97,17.984,45.074,47.941,37.164,8.9842,9.1946,8.9423,7.7313,9.0551,26.233,26.75,26.093,28.027,25.098,2.8847,21.573,32.013,25.168,30.406,31.168,25.369,30.283,30.69,8.666,8.5965,8.1229,8.5525,6.7879,7.4138,6.7737,17.375,18.921,1.7892,30.281,21.726,22.428,7.831,6.27,6.0362,6.0361,23.78,22.554,34.881,38.017,35.141,35.599,32.548,35.318,35.107,35.85,36.471,15.048,7.3939,5.4966,84.98,112.09,48.598,28.103,36.132,24.72,15.892,28.847,31.868,25.851,21.548,3.0112,22.205,17.537,32.223,33.24,30.253,27.505,42.32,55.19,34.937,45.734,58.126,71.518,10.72,13.369,10.58,17.75,7.843,8.3427,8.6275,8.6644,26.843,26.946,21.49,14.138,0.69121,4.1627,25.618,26.923,7.6655,8.4314,8.8527,9.2238,7.0109,7.2888,8.9971,8.435,7.628,7.8366,8.5809,2.9427,13.635,7.8293,6.7286,15.861,15.146,9.753,17.457,17.874,5.5082,23.212,34.959,36.2,37.158,7.3449,7.5365,6.387,6.7428,6.9806,23.025,32.329,33.208,32.376,33.495,34.674,34.576,34.785,34.61,35.76,35.623,9.1781,9.8711,7.5684,9.8034,55.877,35.266,37.75,27.299,45.952,23.65,18.977,11.043,12.911,13.457,9.6531,9.7645,7.6479,7.4326,16.436,16.057,22.826,24.066,28.208,35.081,6.3383,7.4745,18.914,5.0704,10.373,10.776,9.5261,9.7411,8.5749,9.6317,8.2566,7.8183,7.4016,9.0821,10.712,7.4229,10.962,9.5454,8.1774
9.9795,8.2425,11.886,6.0681,3.1394,5.7635,3.85,23.671,71.972,15.549,5.5869,69.364,55.284,27.153,9.5159,5.1366,23.334,0,26.588,11.406,26.12,43.157,42.239,43.602,19.824,25.074,23.099,21.012,10.729,10.709,5.9429,11.548,18.225,14.426,11.165,3.0724,13.69,1.2039,3.8989,8.7714,14.002,33.853,10.632,15.585,14.015,22.824,49.67,58.784,46.569,33.551,37.833,6.275,28.572,21.968,0.62321,6.732,21.467,0.24186,71.607,84.224,73.404,70.55,54.816,37.896,40.206,35.68,27.137,45.209,24.713,25.571,26.46,8.4717,9.7378,5.8996,7.9863,7.3763,31.018,1.2713,0.75063,0.11916,0.47791,0.60486,0.068373,0.45247,0.52846,27.683,26.329,25.912,29.81,25.544,26.598,24.498,11.382,11.943,23.381,23.521,23.778,15.44,47.394,43.505,41.615,42.298,26.551,25.053,17.679,33.604,20.263,19.375,20.33,20.595,19.901,16.491,1.562,21.501,33.767,21.194,68.543,52.083,8.337,34.995,8.8973,5.239,9.7203,24.008,7.8968,19.486,12.66,22.032,1.1157,2.2657,1.2502,0.91521,0.50819,0.20533,61.609,71.458,62.093,68.157,64.97,82.579,23.094,36.739,40.549,43.243,24.703,25.371,25.884,26.8,8.8919,8.7558,6.3487,2.761,23.043,18.743,1.1086,0.66826,25.222,24.424,27.471,28.506,24.749,27.427,27.556,28.769,26.514,25.881,26.548,31.369,32.602,23.529,27.633,11.798,12.265,16.876,14.121,20.622,19.113,20.325,21.451,26.208,23.757,43.787,43.327,41.596,41.944,44.311,25.289,22.461,21.217,18.29,18.789,19.562,19.333,19.673,19.537,20.021,20.866,23.281,23.014,29.915,21.043,60.996,75.851,51.791,58.99,35.376,40.102,21.419,35.472,40.446,20.644,23.467,24.004,26.762,26.149,11.349,11.445,25.328,25.781,19.187,22.929,13.41,10.774,1.8966,7.6098,23.277,23.83,22.92,22.921,25.634,27.467,25.308,24.203,23.111,24.363,24.734,24.566,23.035,22.943,21.553
35.413,15.661,12.863,7.2694,17.242,11.507,24.385,0.93121,163.14,34.642,50.421,27.701,7.644,0.61161,15.08,18.8,5.8432,26.588,0,7.4767,12.972,2.4896,2.3929,2.5455,7.7821,7.0513,15.079,15.226,57.238,65.21,51.748,26.376,33.205,13.362,18.893,13.171,15.285,16.75,10.778,5.7631,10.125,1.5873,7.524,2.3503,10.56,0.84504,128.42,137.19,121.61,65.708,70.504,49.847,53.658,25.521,24.575,13.897,16.024,23.284,30.787,31.47,17.45,13.74,5.3381,20.759,22.598,15.067,0.37076,2.6079,0.49898,0.19238,0.41494,16.088,15.694,17.956,17.984,15.915,1.1905,19.791,33.492,26.903,32.764,33.002,27.725,33.078,32.744,0.28934,0.3197,0.24514,0.26721,0.067804,0.10808,0.11585,7.8656,8.606,1.1676,12.659,6.6516,9.5483,3.821,3.0384,2.4464,2.6969,7.4015,6.9109,18.504,16.106,17.648,18.396,15.471,17.669,17.762,58.734,40.792,36.594,0.42857,0.31103,128.25,142.8,61.939,57.156,53.369,39.017,32.409,54.797,48.584,49.504,41.116,16.672,30.533,27.256,38.851,37.06,34.403,31.461,16.747,25.12,12.656,19.037,27.352,36.508,1.198,1.6465,1.5155,3.4987,0.26203,0.31709,0.34818,0.31456,16.32,16.5,13.798,12.728,10.445,18.303,23.781,26.364,0.19944,0.40204,0.33217,0.38967,0.12972,0.080705,0.36046,0.23731,0.13994,0.19573,0.30711,1.225,1.6277,0.35209,0.032445,6.7485,6.1306,2.0415,6.7512,5.0304,0.62582,8.4741,17.048,16.509,18.071,2.6431,2.4258,2.2794,2.2522,2.9846,7.1627,14.566,15.691,16.116,16.847,17.53,17.539,17.579,17.486,18.271,17.823,0.69583,0.92939,0.14777,1.1864,25.955,14.854,13.92,8.8486,22.049,5.9971,5.4911,0.98961,1.8498,2.7142,0.81068,0.78658,0.13632,0.12341,7.2988,7.026,7.0286,7.734,12.449,16.63,20.274,20.766,28.341,12.937,1.0581,1.1279,0.83638,0.90082,0.35067,0.51117,0.3033,0.29341,0.31211,0.56355,1.0103,0.19932,1.2909,0.83941,0.65203
31.001,15.77,16.379,3.2016,3.1688,0.99016,5.6877,3.8713,139.07,35.27,32.567,25.142,18.021,5.5226,1.3202,2.9781,16.77,11.406,7.4767,0,3.7918,18.541,18.319,18.66,1.2258,2.6679,3.4439,2.9653,42.179,44.122,33.494,26.626,36.376,18.72,20.851,2.6774,19.855,5.4922,5.6105,0.8109,15.402,15.173,0.015912,1.4652,0.52564,3.743,106.99,118.78,101.89,66.927,72.661,33.573,56.511,33.569,12.948,12.801,25.683,8.4686,26.833,33.809,27.49,26.706,20.481,9.6796,11.036,7.5032,5.9421,18.352,4.7904,5.7781,5.5704,1.6477,1.5076,2.5258,2.308,1.6635,13.449,5.4043,13.644,10.516,13.802,13.599,11.307,14.246,13.601,6.3772,5.7184,5.7441,7.6029,6.2993,6.4734,5.7908,0.005656,0.065445,10.016,2.9702,2.2503,0.55752,21.962,20.035,18.47,19.14,3.1692,2.657,3.2903,6.9642,3.5189,3.5765,2.8769,3.598,3.4777,49.143,19.432,40.963,10.805,5.1267,123.8,112.22,39.2,63.067,38.468,27.869,28.963,53.721,35.387,47.19,36.706,26.583,17.466,17.629,20.055,17.034,15.852,14.221,20.002,25.935,20.808,23.821,22.863,33.604,3.4348,9.5473,13.505,12.129,5.3017,5.3724,5.4847,5.9222,1.7096,1.771,1.2234,3.3124,21.509,25.856,7.0707,8.9165,5.642,4.8868,6.1757,6.5436,5.7734,6.9873,6.1513,7.0802,6.3099,5.8761,5.8353,13.641,7.0579,4.7717,7.4491,0.018656,0.066867,1.7049,0.14481,1.3982,4.3439,1.4153,3.5989,4.6843,4.477,18.949,18.302,18.01,17.912,19.901,2.7412,3.144,3.1442,2.6355,2.9591,3.3324,3.288,3.3713,3.313,3.6684,3.707,4.0635,3.6894,8.2318,2.9564,20.665,30.713,14.593,20.158,9.1739,9.0665,1.5796,9.762,12.155,1.8872,3.9569,4.1432,6.4274,6.2308,0.0016852,0.0081631,2.7493,2.9293,1.8416,3.8333,23.663,21.969,17.704,12.782,3.6219,3.7165,3.7783,3.6985,5.3885,5.8205,5.3839,5.0815,4.8043,4.5724,4.1219,5.4566,3.3358,3.7801,3.7853
56.438,34.731,34.927,13.829,11.242,7.6083,12.875,6.9543,184.78,62.094,55.867,10.53,13.415,8.3199,4.3793,8.9181,31.629,26.12,12.972,3.7918,0,24.331,24.492,24.274,0.91555,0.92127,0.25418,0.51007,69.499,70.039,56.978,50.377,63.325,37.947,41.971,12.048,39.909,17.462,18.625,7.8626,32.781,23.604,4.2886,6.4349,1.8962,7.2574,147.73,162.51,142.13,102.56,109.61,57.762,89.451,58.546,29.789,30.322,46.739,21.351,11.267,17.457,17.319,19.108,19.788,1.3716,1.9182,0.75476,9.3002,22.604,8.3861,10.02,8.9382,5.2689,4.3589,7.8756,6.1071,6.063,21.998,15.91,27.251,24.072,28.068,27.465,25.375,28.861,27.63,9.891,9.367,9.7137,11.097,11.167,10.848,10.752,3.6488,3.0974,19.707,0.069606,1.046,1.511,28.155,26.956,25.17,26.014,0.87788,0.9733,1.8367,0.48889,1.0634,1.4119,0.64743,1.0097,1.1558,79.603,35.497,69.257,15.155,11.366,170.65,150.72,62.8,97.427,64.679,51.372,53.708,86.057,61.04,77.728,64.039,47.958,36.2,37.247,37.824,32.585,31.562,29.671,9.5665,11.981,12.711,12.342,8.7336,15.864,6.2989,10.167,16.002,10.61,9.5508,9.254,9.1512,9.4946,5.0322,5.1656,6.7228,13.746,39.579,47.807,17.708,20.664,9.9551,8.8088,9.5895,9.6756,10.553,11.401,9.4736,10.684,10.549,10.027,9.4765,22.158,7.6307,9.1535,12.246,3.9025,3.9798,6.256,2.7069,1.9727,10.917,0.69063,0.74689,0.24211,0.66745,24.711,23.76,24.306,23.898,26.198,0.88929,0.2595,0.54762,1.1458,1.1812,1.1694,1.2173,1.1587,1.1647,1.2518,0.9978,7.6976,6.9913,12.381,6.6012,7.2977,23.569,5.7906,14.976,1.3426,5.1694,1.6466,11.69,13.137,3.9789,7.3112,7.3699,10.638,10.622,3.9087,3.9809,0.94033,0.71949,0.54678,0.48717,45.762,43.704,37.157,30.152,6.6312,6.4498,7.2739,7.0811,9.1079,8.7809,9.3232,9.396,9.5,8.1277,6.7712,9.9835,6.0911,7.2624,8.2254
46.684,23.694,18.868,16.973,32.552,24.607,42.314,5.8473,187.76,43.097,69.343,34.197,7.5087,4.3506,29.746,34.934,7.1816,43.157,2.4896,18.541,24.331,0,0.011142,0.0024033,17.93,15.798,27.927,28.507,74.899,86.262,70.921,34.768,40.188,18.355,26.045,26.51,20.815,30.776,21.344,15.654,14.996,0.781,18.651,9.674,22.893,5.8256,151.04,158.32,143.18,74.63,79,67.929,61.378,29.474,39.265,22.501,18.675,39.472,38.009,34.945,16.999,11.818,2.7811,32.81,34.858,25.21,3.7759,0.15587,4.6734,3.6706,4.0638,31.203,30.589,33.807,33.836,30.991,1.1695,35.51,52.685,44.07,51.5,51.958,44.958,51.771,51.564,3.4072,3.8524,3.749,2.6547,3.2267,3.1434,3.6083,19.139,20.221,3.2435,24.397,15.459,21.234,0.14793,0.10075,0.056437,0.078299,16.01,15.588,33.602,27.195,32.02,33.198,28.968,31.995,32.236,73.492,61.094,43.002,1.1192,4.4231,141.52,170.56,83.741,63.222,70.836,54.042,43.051,64.756,65.004,60.02,52.559,19.205,46.239,41.035,57.813,56.536,53.031,49.3,20.233,29.707,13.499,21.534,35.019,42.917,6.5046,3.4389,1.0935,4.6682,4.0598,4.0719,4.0357,3.7183,31.506,31.761,27.996,25.536,11.999,22.266,40.867,43.984,3.7678,4.4936,3.5835,3.4338,3.6237,2.8036,3.6341,2.9227,3.2768,3.6103,3.7636,1.1094,4.8584,4.5241,2.4928,17.385,16.381,9.0062,17.193,13.553,5.4095,18.878,30.986,29.352,32.006,0.0023802,0.0075949,0.023321,0.0090226,0.036357,15.922,27.317,29.126,30.198,31.141,31.969,32.017,32.02,31.912,32.922,32.164,5.4132,5.9709,2.1587,6.8376,34.159,11.283,19.065,8.1158,35.194,10.194,14.13,2.3938,2.2715,9.7385,5.6315,5.4728,3.1998,3.3109,18.269,17.839,15.709,16.684,24.872,30.142,26.682,28.416,42.695,20.978,6.1871,6.217,5.7895,5.9277,4.1006,4.0327,4.0486,4.2441,4.4707,4.8992,5.7863,3.8956,6.6996,5.792,5.5805
45.346,22.769,18.015,16.435,32.006,24.19,41.749,5.8145,185.05,41.758,67.926,35.034,7.9954,4.3615,29.473,34.477,6.6326,42.239,2.3929,18.319,24.492,0.011142,0,0.023892,17.942,15.919,28.02,28.552,73.307,84.658,69.488,33.588,38.879,17.491,25.031,25.946,19.895,30.062,20.661,15.294,14.23,0.61494,18.403,9.4847,22.765,5.769,148.64,155.8,140.83,72.827,77.139,66.487,59.743,28.341,38.284,21.635,17.775,38.657,38.876,35.946,17.779,12.502,3.1267,33.186,35.27,25.552,3.7662,0.24502,4.6325,3.6138,4.0476,30.89,30.322,33.388,33.497,30.64,0.97801,34.829,51.759,43.197,50.552,51.025,44.056,50.805,50.626,3.3967,3.8247,3.7055,2.6632,3.1456,3.0906,3.5142,18.921,20.025,2.9415,24.503,15.55,21.144,0.16765,0.064894,0.018391,0.036945,16.162,15.707,33.55,27.5,32.038,33.19,28.996,32.021,32.245,71.811,60.014,41.637,1.1257,4.248,139.03,168.14,82.238,61.555,69.305,52.711,41.764,63.097,63.528,58.439,51.12,18.291,45.136,39.934,56.679,55.503,52.011,48.313,20.929,30.557,14.141,22.309,35.802,43.917,6.4734,3.6097,1.2226,4.9642,3.9947,4.0267,4.0032,3.6977,31.207,31.457,27.61,24.931,11.279,21.288,40.146,43.192,3.7051,4.4381,3.5748,3.4446,3.5388,2.7566,3.6296,2.9182,3.2285,3.5597,3.7381,0.92188,4.9961,4.4429,2.4326,17.169,16.173,8.8473,17.051,13.56,5.2007,18.905,31.035,29.51,32.104,0.018664,0.033999,0.0027225,0.0040248,0.032782,16.048,27.397,29.174,30.174,31.126,31.97,32.013,32.024,31.912,32.931,32.196,5.3569,5.9236,2.1429,6.7577,34.89,11.985,19.636,8.6469,35.518,10.537,14.16,2.507,2.4576,9.7044,5.587,5.4382,3.1548,3.2535,18.044,17.614,15.834,16.824,24.879,30.227,25.636,27.358,41.588,20.135,6.1528,6.1978,5.7345,5.8767,4.0639,4.0405,4.0007,4.1718,4.3738,4.8565,5.7791,3.8187,6.6714,5.7377,5.4777
