0,2.1624,3.3685,3.7682,10.412,68.063,51.432,51.951,2.295,150.8,119.04,106.61,38.22,53.188,88.031,45.714,25.616,24.315,29.046,100.66,90.889,46.251,24.137,34.074,49.288,48.343,48.035,47.486,80.284,58.467,29.745,29.447,54.734,109.87,65.884,54.024,0.54064,4.2164,4.4133,1.0135,9.73,6.3744,7.5415,41.441,40.836,46.294,50.634,50.941,50.983,54.359,51.444,55.958,52.786,53.347,54.014,54.821,50.775,60.269,3.4015,1.742,3.3993,0.049875,0.62558,171.49,171.16,175.96,164.91,133.96,145.89,154.67,144.78,123.55,111.82,185.96,126.19,104.92,108.25,106.42,105.01,90.29,88.57,63.966,68.281,29.93,10.469,28.13,32.894,13.286,25.086,16.336,29.146,26.023,26.995,11.079,26.39,19.812,26.016,111.06,101.56,95.641,98.944,102.8,96.016,93.504,84.283,72.527,50.989,50.016,52.431,42.38,56.878,45.094,43.036,45.505,64.592,39.538,43.302,67.579,51.268,90.64,67.027,46.914,55.67,58.356,55.532,44.324,36.312,38.838,29.773,28.671,34.923,30.481,30.331,29.324,265.66,284.61,209.5,205.7,241.21,165.84,175.56,189.91,130.07,135.41,154.01,148.5,150.03,140.29,140.8,114.01,4.9083,3.0037,0.086391,1.3747,13.884,2.0833,6.6866,9.4024,23.084,7.018,19.716,11.93,3.0308,10.375,12.363,17.739,51.599,47.069,49.81,52.588,52.992,50.883,58.969,48.299,54.885,59.43,63.489,63.776,59.979,14.07,6.8046,5.428,8.6242,109.13,145.12,99.696,96.628,114.05,116.5,63.473,65.15,46.098,27.942,30.463,35.179,99.957,114.6,108.61,103.91,92.509,91.431,102.48,104.08,43.579,48.647,54.055,22.739,106.07,63.878,54.329,68.932,81.316,62.427,46.206,72.321,30.831,33.892,34.559,36.004,31.698,27.914,29.994,29.881,53.788,54.617,53.835,53.879,55.438,53.574,230.15,271.14,276.85,259.12,211.03,309.95,221.05,222.9,210.1,122.72,125.86,128.71,131.54,138.27,145.51,89.227,106.41,36.757,23.513,30.152,36.98,57.081,50.879,52.524,53.406,52.936,51.818,53.033,51.708,53.467,52.396,55.754,113.67,93.351,33.388,28.188,30.5,41.052,55.283,35.559,57.009,51.946
2.1624,0,4.8591,5.7661,13.665,57.962,42.433,43.127,6.8897,155.78,118.75,100.96,31.621,52.45,76.645,36.093,24.272,16.481,20.426,92.292,81.64,50.902,26.83,37.414,47.365,46.504,45.796,46.513,69.724,48.502,32.645,32.269,52.697,100.41,64.57,50.765,4.6238,1.1843,2.9199,1.4278,15.855,6.6634,6.0154,32.698,29.533,37.465,41.283,41.735,42.27,45.874,41.939,46.479,43.754,44.138,44.729,44.61,42.32,49.618,10.323,7.1021,4.2402,2.6485,4.7361,176.21,160.65,166.86,152.65,130.79,139.92,145.24,140.62,113.64,104.19,176.34,128.91,95.19,97.878,109.62,101.75,93.282,89.783,64.794,57.442,20.664,16.99,21.553,22.393,16.751,30.121,8.7811,19.445,17.322,17.618,8.0294,17.296,13.71,16.333,101.93,91.548,87.923,90.427,94.58,87.427,85.041,75.61,78.711,54.364,50.954,50.672,46.039,58.523,50.498,46.703,51.297,53.023,45.167,48.74,64.644,47.636,80.773,65.301,45.371,59.327,53.787,52.116,48.082,41.439,40.357,33.635,34.335,35.84,33.145,33.339,32.441,260.29,281.2,204.94,199.36,239.69,159.62,177.55,178.98,129.16,136.13,142.48,150.84,137.73,127.91,132.8,112.61,7.008,4.7252,1.9314,0.9848,5.6382,8.483,12.289,12.09,13.404,13.334,10.519,17.032,1.7299,15.209,18.561,21.32,43.318,38.21,41.574,43.901,44.005,42.039,50.109,40.181,46.159,49.191,52.283,52.188,49.723,5.6128,14.276,0.9321,2.1625,107.79,137.81,97.04,95.326,103.84,121.93,59.04,64.362,38.835,20.062,20.605,25.788,93.664,105.4,100.15,95.781,83.896,83.886,92.828,95.318,44.041,45.344,42.546,25.057,99.899,60.567,59.314,74.384,69.412,67.503,47.746,62.863,32.919,37.243,33.724,39.538,34.771,30.693,33.029,32.887,52.152,52.881,52.097,51.828,53.332,51.79,233.7,268.66,264.77,245.54,198.61,300.3,207.99,227.08,208.33,127.88,122.3,123.61,119.06,127.13,134.12,91.193,98.144,28.08,29.864,31.76,31.73,47.722,42.018,43.665,44.271,43.907,42.596,43.959,42.826,44.577,44.607,48.174,104.07,84.827,35.079,26.677,32.398,43.777,60.646,34.551,55.263,49.046
3.3685,4.8591,0,0.043982,2.2755,43.6,30.903,31.162,10.664,110.02,82.403,72.424,20.498,29.788,59.525,27.416,10.525,13.119,16.353,68.262,60.768,25.429,9.7064,16.415,26.958,26.256,26.072,25.572,53.097,36.499,13.385,13.171,31.011,76.076,39.465,30.636,2.9772,2.9637,1.0457,1.1511,3.4676,0.5538,1.4391,23.949,25.875,27.247,30.572,30.691,30.416,32.681,31.238,34.4,31.876,32.38,32.898,34.078,30.119,38.244,4.2872,2.8822,13.075,4.0942,5.8708,127.67,127.57,131.33,122.81,94.869,105.18,113.28,104.04,87.418,77.112,140.02,88.739,72.161,75.098,72.402,70.824,59.194,57.534,38.044,44.203,17.497,4.0389,14.14,20.496,3.6797,11.009,9.7169,17.603,14.89,16.166,3.376,15.53,9.3243,16.146,76.929,69.577,64.024,66.926,69.942,64.602,62.554,55.342,45.905,28.582,27.481,29.269,22.343,32.705,24.84,22.818,25.283,42.001,20.949,23.558,40.888,28.665,60.828,40.365,25.186,32.159,34.134,31.787,23.773,18.503,19.423,13.644,13.569,16.63,13.829,13.8,13.153,209.23,226.05,159.77,156.59,187.63,122.16,130.65,143.75,91.599,96.207,113.35,107.51,110.3,102.2,101.25,78.191,0.19835,0.015085,2.4098,1.4753,11.389,5.7965,2.1898,1.7033,15.066,2.8684,13.343,3.7133,1.1913,2.9033,4.5678,6.0888,30.602,27.795,29.317,31.532,31.995,30.424,36.214,28.194,33.19,37.368,40.946,41.428,37.773,12.088,4.1388,9.7657,11.234,74.158,104.74,66.443,63.914,79.742,81.271,37.973,38.89,26.202,15.053,18.456,20.568,67.137,79.842,74.72,70.813,61.814,60.606,70.166,71.146,22.733,26.682,34.553,8.7647,72.08,38.088,31.519,42.848,54.657,37.698,24.732,46.457,13.965,16.293,16.375,17.798,14.733,12.151,13.58,13.499,30.272,30.9,30.314,30.373,31.545,30.123,178.51,214.09,220.03,204.75,162.4,249.05,171.29,172.26,160.29,86.379,88.099,90.62,94.997,100.04,106.17,58.162,72.875,20.908,10.65,13.447,19.04,35.13,30.432,31.587,32.376,31.981,31.314,32.076,31.026,32.273,30.913,33.237,79.217,62.453,15.646,12.192,13.715,21.182,32.36,17.074,32.7,29.037
3.7682,5.7661,0.043982,0,1.7824,43.739,31.16,31.379,11.081,107.16,80.494,71.359,20.633,28.804,59.563,27.899,10.162,13.838,17.074,67.662,60.428,23.927,8.8724,15.287,26.195,25.498,25.373,24.715,53.117,36.785,12.398,12.199,30.171,75.523,38.356,29.974,3.0711,3.7228,1.4701,1.562,2.7313,0.59029,1.6885,24.372,26.791,27.579,30.904,30.992,30.634,32.797,31.58,34.65,32.112,32.635,33.153,34.475,30.298,38.613,3.9176,2.7283,14.057,4.4826,6.1451,124.65,126.51,130.02,122.06,93.167,103.72,112.22,102.36,86.769,76.265,138.7,86.394,71.71,74.702,70.22,69.454,57.23,55.801,36.695,44.462,18.318,3.2411,14.516,21.477,3.0634,9.8996,10.701,18.538,15.724,17.106,3.7147,16.432,9.8697,17.189,76.311,69.213,63.391,66.368,69.292,64.093,62.06,55.007,43.827,27.138,26.34,28.43,21.019,31.367,23.279,21.481,23.674,42.451,19.468,22.026,39.968,28.102,60.587,39.292,24.414,30.607,33.584,31.121,22.402,17.137,18.412,12.55,12.313,15.769,12.853,12.788,12.151,206.67,223.11,157.55,154.63,184.76,120.55,127.91,142.57,89.649,94.001,112.61,104.98,109.72,101.74,100.13,76.478,0.076815,0.054526,2.7816,1.9862,12.731,5.6787,1.6358,1.311,16.229,2.2462,14.553,2.9793,1.6913,2.2522,3.7217,5.3238,30.737,28.116,29.479,31.715,32.219,30.666,36.307,28.366,33.335,37.682,41.352,41.895,38.08,13.491,3.4665,11.078,12.684,72.494,103.48,65.057,62.392,79.251,78.725,37.322,37.725,26.279,15.668,19.381,21.262,66.243,79.193,74.032,70.136,61.356,60.003,69.734,70.56,21.763,26.119,35.197,8.0084,71.095,37.275,29.844,40.899,54.882,35.886,23.584,46.422,13.049,15.167,15.745,16.609,13.685,11.218,12.573,12.497,29.395,30.022,29.45,29.549,30.703,29.269,175.13,211.12,218.3,203.37,161.25,246.75,170.15,168.87,157.7,83.795,86.533,89.23,94.648,99.412,105.5,56.331,72.186,21.431,9.4523,12.602,18.989,35.34,30.676,31.8,32.617,32.214,31.601,32.315,31.258,32.472,30.953,33.182,78.638,61.97,14.723,11.791,12.829,19.988,30.629,16.446,31.784,28.361
10.412,13.665,2.2755,1.7824,0,35.933,25.649,25.617,20.23,82.018,60.327,55.03,16.115,18.008,49.461,24.185,5.3793,14.346,16.854,53.653,48.353,12.776,2.941,6.8557,16.614,16.053,16.174,15.045,43.602,30.659,5.0443,4.9344,19.669,60.982,25.693,20.191,8.3026,9.225,4.8905,6.6575,1.1071,1.597,3.2223,20.868,26.064,23.03,25.857,25.757,24.982,26.283,26.494,28.615,26.349,26.902,27.348,29.297,24.482,32.72,6.9414,6.5508,25.608,11.422,13.317,97.492,105.58,107.8,102.87,72.44,82.985,92.391,80.887,70.784,60.358,115.79,64.461,57.995,60.97,50.478,52.169,39.604,38.924,23.525,37.218,18.537,1.3429,12.582,22.212,0.17548,3.2811,14.277,19.547,16.62,18.483,4.7433,17.675,10.18,19.354,61.401,56.148,49.667,52.684,54.905,50.858,49.096,43.522,28.037,15.394,15.478,18.206,10.808,19.086,12.223,11.141,12.486,36.53,9.4796,11.311,27.761,19.012,48.973,26.624,15.101,17.984,23.744,21.152,11.795,7.8897,9.4856,4.973,4.7324,7.8622,5.3898,5.2718,4.8425,174.78,188.96,129.99,128.21,153.31,97.856,101.08,120.02,68.451,71.647,94.132,80.743,92.181,85.381,81.01,57.318,1.134,2.458,8.8257,7.3763,19.446,10.875,1.4463,0.05785,19.679,2.0137,18.953,0.40525,6.0965,0.30224,1.0038,0.97028,24.615,23.421,23.688,25.713,26.378,25.141,29.195,22.798,26.905,31.599,35.321,36.151,31.903,20.647,3.8046,21.046,22.235,53.9,83.509,48.181,45.351,64.652,57.258,26.539,24.963,20.516,15.018,20.131,20.018,51.116,63.878,59.026,55.547,48.629,46.761,56.297,56.337,12.263,17.342,31.399,2.5435,55.107,25.843,17.179,25.774,46.269,21.852,13.219,37.387,5.6663,6.773,8.611,7.7199,5.8421,4.3271,5.1278,5.0851,18.876,19.403,18.969,19.203,20.11,18.854,143,177.64,188.81,176.18,137.59,213.45,145.95,137.19,128.97,61.66,66.884,69.967,79.4,82.456,87.878,39.135,57.349,19.042,3.1534,5.5226,13.783,28.984,25.166,25.949,26.812,26.418,26.196,26.536,25.594,26.456,24.297,25.725,63.694,49.067,6.8903,6.4462,5.5788,10.266,17.736,9.1724,20.758,18.768
68.063,57.962,43.6,43.739,35.933,0,1.2087,1.0998,95.327,52.533,25.273,10.459,4.3132,10.145,1.3039,2.8241,13.706,13.17,10.293,5.4224,2.6107,25.295,23.803,22.565,7.7882,7.9818,7.2708,9.7279,0.55436,0.46398,22.334,22.188,7.5386,6.7508,9.7573,5.4108,69.242,42.64,37.998,52.551,48.976,34.343,30.363,3.6595,7.2456,2.2408,1.4495,1.3444,1.2441,0.78614,1.3484,0.63956,0.99733,0.94238,0.85951,1.0544,1.2644,0.51531,72.365,68.221,93.174,71.727,80.366,60.776,27.415,31.264,23.103,24.144,23.486,21.922,26.365,10.313,9.2229,35.023,35.908,5.2723,5.6396,30.638,14.185,25.48,20.029,14.561,0.081915,10.758,49.943,8.8645,11.108,33.531,31.354,23.702,12.483,13.189,13.845,24.249,13.75,15.295,15.935,7.377,4.2821,4.9231,4.8771,6.099,4.1557,3.7354,1.9,32.314,20.997,14.091,8.0458,22.284,16.126,28.037,22.248,29.437,0.5819,29.494,28.317,6.7781,4.893,2.192,9.032,8.6166,21.99,3.5667,5.1737,22.439,28.197,16.402,25.405,32.336,15.533,21.4,22.487,23.134,83.188,98.207,55.005,49.636,78.428,31.331,54.475,35.166,27.736,33.877,19.46,43.577,17.363,13.877,18.425,20.919,41.253,45.234,63.357,50.976,35.832,80.937,51.669,35.372,20.248,54.948,24.385,41.258,43.018,42.019,45.782,30.253,1.1479,2.0606,1.4234,0.99745,0.9611,1.2769,0.35131,1.6912,0.71102,0.44455,0.4713,0.67057,0.39522,37.556,63.109,62.443,54.505,19.48,21.049,13.865,15.921,7.2765,40.992,3.9916,10.819,2.2152,10.079,11.633,7.2135,7.7127,8.2996,7.3745,6.476,3.4039,4.1984,4.7484,5.8854,13.194,5.499,2.2524,23.357,9.5305,5.7567,26.347,29.195,0.65247,27.147,15.773,0.21753,19.63,22.64,11.693,22.785,22.305,22.562,22.674,22.618,8.2949,8.1132,8.0955,7.4979,7.4244,8.0032,86.266,92.685,77.89,66.407,43.339,100.48,47.508,84.357,61.532,42.24,20.397,18.531,10.981,14.079,16.427,22.249,6.9865,5.5463,37.459,18.511,5.2316,0.49726,1.2801,1.0164,0.92109,0.97464,1.1911,0.9666,1.1448,0.88571,1.136,0.91683,7.669,3.6504,17.88,12.366,19.196,19.528,27.704,11.132,8.17,6.0097
51.432,42.433,30.903,31.16,25.649,1.2087,0,0.0098089,75.451,60.491,31.753,16.443,1.1121,9.1896,5.0209,0.45315,8.1351,6.4702,4.5743,10.848,6.888,21.978,17.185,17.671,6.4229,6.4643,5.7492,7.9682,3.3849,0.23329,16.776,16.595,6.9824,13.149,10.611,4.8687,52.818,29.496,25.799,38.045,37.15,23.238,19.721,0.68461,3.2607,0.16297,0.034777,0.012229,0.0099252,0.14439,0.041768,0.095439,0.010821,0.017504,0.031631,0.17007,0.037577,0.43129,56.349,52.32,73.183,54.639,62.345,70.502,39.548,43.755,34.68,32.501,33.233,32.627,35.816,18.11,15.833,48.339,42.353,11.125,11.822,35.054,19.772,28.27,23.081,14.775,1.1945,4.9993,38.145,3.541,5.5346,24.046,24.144,14.358,6.2915,6.5983,7.1946,14.77,7.0699,7.9044,8.7904,13.91,9.7463,9.7947,10.11,11.76,9.0566,8.3524,5.4116,32.034,18.792,12.365,7.1251,18.686,15.212,24.272,18.753,25.589,0.97187,24.746,24.256,8.0564,3.9674,6.3971,10.092,6.8459,20.365,3.7158,4.8603,19.116,23.09,12.809,19.556,25.603,11.403,16.047,17.009,17.433,101.75,117.65,69.632,64.21,94.735,42.795,65.278,48.831,35.363,41.643,30.097,52.088,27.607,23.2,27.849,27.126,29.216,32.284,47.372,36.624,24.263,63.403,38.928,24.934,12.053,41.891,15.175,30.711,29.919,31.094,34.813,21.909,0.085014,0.11677,0.067802,0.036207,0.016726,0.0029315,0.3832,0.095759,0.11881,0.31362,0.77407,0.92625,0.34843,25.731,49.017,46.371,39.741,25.196,30.826,18.821,20.346,14.088,45.718,4.8433,11.495,0.35826,4.3471,5.7317,2.7118,13.03,15.201,13.657,12.258,7.901,8.5912,10.335,11.679,10.589,4.1565,0.87946,16.542,15.49,6.5868,24.103,28.731,3.4077,25.977,13.344,2.1137,14.495,17.71,7.7928,18.169,17.061,16.686,17.123,17.055,7.5544,7.5037,7.3747,6.8211,6.9761,7.2508,100.62,111.12,97.793,85.168,58.649,122.29,63.566,98.039,75.736,47.646,28.062,26.639,19.439,23.274,26.293,25.193,13.036,1.6278,29.342,13.364,1.9286,0.15568,0.0024689,0.01622,0.019511,0.013561,0.0060439,0.01376,0.0037915,0.036462,0.26757,0.60055,14.464,8.2479,13.307,7.3371,14.046,15.991,25.46,7.4312,7.8981,5.1353
51.951,43.127,31.162,31.379,25.617,1.0998,0.0098089,0,76.072,58.961,30.651,15.702,1.1301,8.6839,4.7973,0.58924,8.0188,6.83,4.9063,10.313,6.4932,21.33,16.906,17.221,6.0197,6.0677,5.3768,7.5382,3.1795,0.22635,16.404,16.23,6.5241,12.605,10.002,4.4828,53.206,30.061,26.198,38.506,37.063,23.447,20.003,0.81411,3.6212,0.22907,0.081478,0.043921,0.0045543,0.080008,0.089509,0.083237,0.005618,0.0182,0.029458,0.22791,0.016113,0.45428,56.535,52.591,74.038,55.167,62.853,68.852,38.628,42.723,33.908,31.43,32.223,31.752,34.72,17.486,15.163,47.275,41.074,10.638,11.348,33.901,18.917,27.254,22.152,14.085,1.1373,5.3732,38.033,3.72,5.9684,23.94,23.77,14.904,6.7246,7.0018,7.6434,15.055,7.5039,8.213,9.2953,13.335,9.3069,9.2626,9.5978,11.198,8.5745,7.8844,5.0409,31.061,18.135,11.817,6.678,18.118,14.56,23.612,18.177,24.912,1.0138,24.148,23.617,7.5117,3.6332,6.045,9.4918,6.4509,19.646,3.3557,4.4663,18.522,22.55,12.369,19.148,25.155,11.041,15.673,16.624,17.058,100.03,115.74,68.164,62.854,92.956,41.668,63.709,47.819,34.211,40.382,29.353,50.674,26.939,22.607,26.986,26.112,29.387,32.548,47.86,37.122,25.02,63.737,38.943,24.947,12.638,41.887,15.809,30.588,30.376,31.016,34.656,21.709,0.040511,0.17441,0.043031,0.0083848,0.0056344,0.008426,0.2898,0.082277,0.065049,0.3155,0.80087,0.97954,0.34488,26.52,49.023,47.247,40.635,24.217,29.894,17.978,19.462,13.557,44.407,4.4212,10.867,0.31339,4.6357,6.1521,2.997,12.378,14.603,13.061,11.681,7.4512,8.0852,9.864,11.139,10.137,3.8344,1.0526,16.301,14.782,6.0991,23.352,27.815,3.2889,25.138,12.814,1.9136,14.139,17.262,7.5181,17.687,16.655,16.345,16.743,16.677,7.0861,7.0315,6.9111,6.3729,6.5137,6.7923,98.69,109.23,96.373,83.925,57.601,120.58,62.499,96.118,74.133,46.299,27.066,25.702,18.918,22.617,25.599,24.226,12.447,1.8255,28.958,13.038,1.8734,0.12077,0.0092589,0.0016725,0.013966,0.0062872,0.027481,0.008542,0.0014208,0.012234,0.1787,0.45691,13.898,7.7851,12.932,7.1894,13.702,15.475,24.686,7.1516,7.4006,4.7532
2.295,6.8897,10.664,11.081,20.23,95.327,75.451,76.072,0,182.59,150.32,138.63,59.195,75.458,118.69,68.462,42.369,41.301,47.434,132.68,121.71,64.277,38.597,50.49,71.351,70.197,69.984,68.827,109.65,83.929,45.455,45.134,77.818,143.35,90.52,77.431,2.6128,12.091,13.064,6.3544,16.938,15.925,18.113,63.228,62.02,69.204,74.488,74.86,74.9,78.947,75.47,80.913,77.087,77.767,78.572,79.542,74.637,86.081,5.2655,4.1378,1.8984,1.6757,0.7278,205.52,211.94,216.83,205.44,168.28,182.61,193.43,180.68,158.85,145.1,227.97,156.69,137.79,141.68,134.31,135.95,116.23,115.27,87.281,95.61,48.428,17.614,46.492,51.928,24.034,38.236,30.006,47.222,43.36,44.426,23.457,43.714,35.517,42.917,144.62,134.03,126.81,130.75,135.07,127.44,124.54,114.02,93.899,70.698,70.922,74.998,60.309,78.604,62.382,61.088,62.595,91.216,55.562,60.219,93.14,74.297,121.52,92.019,68.384,76.021,82.938,79.258,62.566,52.021,57.306,44.886,42.249,52.882,46.502,46.112,44.804,313.05,332.59,251.86,248.44,284.88,204.73,211.59,232.68,162.92,168.02,193.21,181.62,188.94,178.09,177.63,145.25,12.862,9.9297,3.2539,7.1066,24.993,2.2136,12.901,19.173,38.693,12.667,33.96,20.964,10.529,19.011,20.606,29.858,75.618,70.151,73.459,76.834,77.334,74.784,84.478,71.624,79.593,85.083,89.916,90.24,85.739,24.916,10.894,10.071,15.365,139.75,182.21,129.7,125.65,148.22,144.2,88.883,89.435,68.889,46.128,48.935,55.253,131.32,148.63,141.69,136.3,123.44,121.97,135,136.64,63.525,71.082,78.499,37.05,138.19,88.983,73.588,90.261,110.93,82.982,66.098,100.27,47.263,50.262,53.237,52.714,47.752,43.264,45.68,45.559,76.546,77.561,76.643,76.819,78.672,76.354,270.16,317.65,327.57,308.8,256.19,362.4,267.29,261.92,251.24,151.33,159.42,163.2,168.29,175.6,183.73,115.61,139.16,57.368,35.219,46.69,57.492,82.255,74.78,76.765,77.836,77.268,75.923,77.386,75.781,77.9,76.532,80.516,147.67,124.38,50.61,45.649,46.961,59.289,74.449,54.525,80.37,74.855
150.8,155.78,110.02,107.16,82.018,52.533,60.491,58.961,182.59,0,5.0612,18.19,62.076,28.942,47.502,70.825,58.258,94.139,90.134,28.838,35.882,30.205,54.377,41.516,34.242,34.791,35.997,33.628,47.225,59.488,46.666,47.061,30.52,30.528,22.317,34.133,141.82,132.75,116.12,133.06,89.069,98.573,100.92,70.481,91.232,65.027,63.425,62.223,59.299,54.82,63.524,58.906,59.335,59.814,59.61,64.488,58.054,62.066,129.45,132.14,198.84,154.66,160.74,0.68598,27.735,23.126,34.457,8.3366,14.097,24.196,9.804,29.273,23.228,25.268,1.6122,33.007,34.784,4.0996,12.512,7.989,9.6858,20.117,56.597,93.866,88.011,77.042,99.161,74.65,53.734,116.46,99.801,97.737,101.9,96.28,100.61,91.465,107.89,28.887,35.314,27.982,29.941,27.637,31.2,31.592,36.235,14.891,26.45,28.747,31.515,33.294,23.402,31.591,32.717,31.559,64.143,36.85,33.171,24.932,37.284,38.757,22.524,35.275,23.23,35.079,33.505,31.613,39.715,37.557,46.615,49.368,42.206,45.837,45.915,47.149,27.224,28.56,14.72,18.077,15.361,14.59,2.0486,29.884,4.7843,2.4644,32.053,0.80419,35.568,37.037,20.267,7.3785,101.51,111.81,144.4,134.53,142.9,148.02,98.782,84.908,117.4,100.24,124.28,79.866,124.69,83.773,81.274,65.168,56.295,64.324,57.812,57.574,58.879,60.147,52.825,58.711,55.639,60.275,62.744,64.988,59.888,146.9,108.04,174.03,168.94,8.1002,17.862,12.46,10.725,32.542,2.2958,31.372,21.765,56.468,86.468,98.265,84.683,21.792,28.342,26.939,26.985,32.567,28.805,33.428,29.333,34.466,38.396,74.269,56.686,19.842,27.921,24.352,16.154,54.082,19.397,31.051,46.286,45.723,41.716,45.546,39.435,44.259,49.049,46.325,46.471,30.287,29.93,30.475,31.147,30.199,30.758,8.7634,23.623,47.138,48.421,36.974,48.708,40.488,7.2077,10.05,1.4729,9.8413,13.099,38.851,31.949,32.164,8.8702,26.795,76.731,58.095,46.94,57.09,57.189,60.249,58.6,59.324,59.176,61.419,59.34,59.538,57.869,52.987,49.039,30.135,31.893,43.066,55.027,46.265,34.673,23.906,44.816,28.36,34.669
119.04,118.75,82.403,80.494,60.327,25.273,31.753,30.651,150.32,5.0612,0,4.1418,34.434,13.365,21.558,39.586,35.649,59.963,56.031,9.8293,13.997,19.879,36.654,27.074,16.284,16.763,17.344,16.624,21.394,30.54,30.664,30.893,13.454,11.108,8.2344,15.186,113.32,97.526,84.533,101.38,69.802,71.196,71.336,39.809,55.252,35.404,33.868,32.999,30.969,27.627,33.869,30.3,30.839,31.124,30.931,34.295,30.136,32.247,105.89,106.31,160.59,122.97,130.17,7.6862,14.259,12.307,17.54,1.2697,4.5137,10.511,2.6544,11.008,6.9395,14.729,1.1662,12.457,13.674,1.728,1.6582,3.149,2.4295,8.5165,28.064,58.707,69.396,46.634,62.329,54.342,38.868,79.223,63.395,62.358,65.394,65.863,64.503,59.066,70.257,10.168,13.804,9.2567,10.451,9.1713,11.163,11.374,14.232,10.953,15.612,14.755,14.399,21.058,11.579,21.843,20.628,22.304,33.524,26.155,23.087,8.892,17.253,15.817,8.0743,17.372,13.595,15.012,14.617,19.895,27.767,22.003,31.722,36.107,25.009,29.739,30.185,31.294,30.215,35.76,13.77,14.289,21.353,6.8933,6.2189,17.778,0.27348,0.67811,15.014,2.5078,16.813,16.939,7.1088,0.21796,75.709,84.224,112.99,101.81,101.66,121.65,77.494,62.135,78.385,79.642,84.668,60.698,92.209,63.691,63.252,46.545,28.865,34.832,30.064,29.646,30.507,31.563,25.939,30.828,28.139,31.032,32.573,34.162,30.731,104.99,87.874,132.66,126.25,0.38091,6.2411,1.7084,1.3726,12.511,3.8062,12.444,8.2638,29.569,53.498,61.997,50.989,5.8689,9.9919,8.9316,8.8196,11.959,9.7176,12.65,10.203,18.576,18.324,41.416,38.121,4.9572,10.705,15.961,10.839,26.064,12.564,17.068,20.933,29.018,27.244,25.932,25.662,28.94,32.438,30.543,30.627,13.6,13.261,13.655,13.899,13.168,13.825,20.062,30.936,41.482,38.934,24.727,49.35,28.229,18.595,12.887,3.4559,1.2659,2.7151,17.473,13.619,14.329,2.6392,8.7777,44.917,44.073,29.475,31.409,29.036,31.634,30.354,30.781,30.717,32.364,30.822,31.07,29.774,26.576,23.68,11.024,11.555,26.488,32.873,29.245,21.067,16.104,25.197,12.121,15.842
106.61,100.96,72.424,71.359,55.03,10.459,16.443,15.702,138.63,18.19,4.1418,0,20.898,10.361,7.0522,22.352,27.735,41.57,37.343,1.2216,3.1053,22.702,33.733,26.604,11.191,11.66,11.652,12.576,7.3231,14.669,28.972,29.056,8.9003,1.7519,5.9668,8.8541,103.88,80.54,70.621,88.249,67.361,60.847,58.734,23.335,34.151,19.585,17.864,17.279,16.055,13.563,17.732,14.868,15.675,15.755,15.536,17.494,15.607,15.502,100.96,99.199,143.3,110.78,119.38,21.985,8.3712,8.7894,8.6173,2.8237,3.181,4.9562,3.7242,2.2188,0.45447,11.17,9.669,2.2396,2.8062,9.1707,0.67352,8.8703,5.7767,8.8259,12.087,39.04,67.561,31.28,41.016,50.051,38.858,58.933,42.714,42.791,44.786,52.046,44.283,42.605,48.771,1.4219,2.8245,1.1222,1.4627,0.98752,1.7814,1.9288,3.5151,18.666,17.538,13.532,9.934,22.184,12.098,25.377,21.854,26.333,15.849,29.161,26.414,4.6232,10.042,3.9579,5.3842,12.481,16.439,7.3674,8.2557,21.406,29.726,20.001,31.182,37.433,21.66,27.88,28.719,29.793,37.454,46.638,18.757,16.622,32.258,6.6992,17.452,12.613,4.5075,7.4273,6.326,12.268,6.6534,5.8571,2.5272,2.4831,67.196,74.361,100.67,87.638,78.415,114.63,73.491,55.875,55.987,76.407,62.092,57.877,77.794,60.148,61.667,43.418,14.734,19.086,15.742,15.008,15.445,16.423,11.914,16.47,13.767,14.848,15.352,16.342,14.595,81.215,85.427,110.98,102.83,2.3019,2.977,1.0545,2.2354,2.4255,14.791,5.6124,6.6102,16.234,35.882,41.337,32.235,0.20876,1.4566,0.94889,0.87366,2.189,1.42,2.3151,1.3445,15.891,11.231,22.292,34.481,0.036707,5.4942,20.207,17.322,9.96,17.88,16.114,7.6599,26.506,26.758,20.22,25.718,27.774,30.29,29.055,29.086,9.4715,9.1007,9.3946,9.2184,8.6074,9.4696,36.69,42.295,40.074,34.342,18.816,53.168,22.03,35.557,21.601,14.634,1.656,1.2364,5.507,4.2496,5.1768,6.9928,0.87257,27.716,45.196,26.251,19.759,13.957,16.466,15.432,15.541,15.578,16.748,15.625,15.99,14.937,13.333,11.224,1.8119,2.0033,23.887,25.187,26.442,20.879,20.905,19.406,8.2407,9.7477
38.22,31.621,20.498,20.633,16.115,4.3132,1.1121,1.1301,59.195,62.076,34.434,20.898,0,7.2423,10.248,1.0569,3.4412,3.5787,2.6241,16.004,11.643,16.402,10.239,11.586,4.6728,4.5831,4.0211,5.5929,7.7166,2.3546,10.434,10.262,5.7995,19.359,10.058,4.1722,38.993,20.567,16.879,26.889,25.498,14.331,11.82,0.55519,3.4772,0.64707,1.151,1.1253,0.99421,1.4226,1.2883,1.8242,1.2793,1.3948,1.5012,1.9649,0.92574,2.9147,41.679,38.334,58.316,40.963,47.475,73.328,49.872,53.763,45.326,37.524,40.245,41.608,41.928,25.398,21.464,59.082,43.841,17.085,18.245,35.041,23.036,27.288,22.963,12.972,4.5249,3.2747,26.358,1.0485,4.412,14.946,15.902,9.6497,4.4571,4.116,4.937,8.2148,4.6828,3.8909,6.3334,20.076,15.568,14.337,15.197,17.01,13.957,13.021,9.4475,27.822,14.432,9.2654,5.5983,13.316,12.361,18.112,13.445,19.224,4.1198,17.863,17.892,8.4097,3.1685,11.347,9.8333,4.6856,16.269,3.9769,4.3727,13.885,16.171,8.2756,12.651,17.424,6.7584,9.9301,10.676,10.914,114.22,129.92,79.248,74.489,104.25,51.013,69.868,60.309,39.028,44.76,39.854,55.057,37.41,32.439,35.444,30.068,19,21.624,34.702,25.883,18.385,47.956,26.889,15.521,8.9147,29.37,11.194,20.286,20.343,20.528,23.687,13.501,1.0109,0.69917,0.78724,1.1867,1.2952,1.0123,2.243,0.61437,1.5227,2.6062,3.7243,3.9948,2.7019,19.77,35.376,36.119,31.102,27.799,38.381,21.442,22.095,20.856,45.033,5.5053,10.621,0.37406,2.0994,4.1464,1.8485,17.303,21.634,19.399,17.55,12.55,12.756,16.092,17.224,7.1068,2.9598,2.8646,9.6147,20.131,6.7975,19.089,24.685,8.2154,21.622,9.555,5.4114,8.743,11.598,3.9799,12.189,10.856,10.186,10.734,10.669,6.096,6.1691,5.969,5.5661,5.8899,5.8425,106.9,122.38,113.75,100.97,71.772,138.53,77.424,103.63,83.987,47.507,32.786,32.25,28.154,31.946,35.496,24.71,18.553,0.86267,19.999,7.7923,0.22423,1.9685,1.0161,1.2084,1.3829,1.2977,1.2206,1.3207,1.1141,1.3383,1.1276,1.7359,20.984,12.927,8.0745,3.0586,8.3585,11.024,20.299,3.8147,6.7854,4.0836
53.188,52.45,29.788,28.804,18.008,10.145,9.1896,8.6839,75.458,28.942,13.365,10.361,7.2423,0,14.003,12.29,5.3657,19.167,17.912,11.342,10.57,3.5863,6.7268,3.8906,0.28066,0.30604,0.47046,0.18109,11.536,10.461,4.6922,4.721,0.19582,14.961,0.68529,0.74711,50.136,38.785,30.674,41.286,24.919,22.999,22.948,11.262,20.562,9.9402,10.223,9.792,8.6027,7.5836,10.45,9.6028,9.0275,9.3533,9.4264,11.659,8.0557,11.999,46.997,46.263,81.543,55.944,61.367,37.558,37.324,38.054,36.89,18.369,23.704,29.615,22.63,19.355,13.388,42.867,17.427,14.116,15.854,11.305,8.8816,6.7708,5.191,0.86,11.855,19.796,25.015,11.964,22.833,15.06,9.2063,29.364,22.519,21.076,23.219,20.052,22.508,17.569,26.031,14.835,13.8,9.468,11.135,11.667,10.603,9.9377,8.678,6.9315,1.9664,0.35243,0.13214,2.7771,0.75494,4.7242,2.7139,5.2828,14.028,5.7894,4.9592,1.2135,1.0851,11.513,0.84121,0.3183,2.2817,1.7,0.82928,2.6862,5.6292,1.5846,5.6876,8.7611,2.0901,4.255,4.6022,5.0331,81.166,91.791,51.625,50.169,68.206,31.909,37.144,45.835,17.069,19.611,31.765,25.697,31.398,28.187,23.121,11.493,26.038,30.943,49.111,41.457,43.238,56.87,28.853,18.703,30.446,30.601,33.631,19.31,35.365,20.696,21.475,11.41,7.5392,9.8115,7.7481,8.2703,8.8896,8.9251,7.8998,7.7834,8.0291,11.031,13.132,14.172,11.01,45.451,36.338,62.099,58.333,9.98,24.197,7.3074,6.4533,17.075,16.727,1.7529,0.61329,6.4598,16.077,21.985,16.395,9.0869,15.884,13.388,11.833,9.9475,8.4117,13.448,12.622,0.58901,1.0139,15.75,7.1214,10.57,1.0642,3.7941,5.433,14.589,4.284,0.78688,8.8813,3.7243,3.9454,2.0642,3.6575,4.2534,5.2201,4.7353,4.7446,0.093075,0.11691,0.11552,0.1999,0.22194,0.12723,65.129,84.337,90.431,82.343,57.101,107.49,62.602,61.907,52.064,18.503,15.533,16.998,25.576,25.671,28.499,5.773,12.604,13.102,12.523,3.658,5.2144,9.1761,8.9657,8.669,9.1669,8.9976,9.6597,9.0867,8.8632,8.5905,6.4312,5.697,16.14,9.9884,2.7852,4.3365,3.7078,2.0617,4.3214,1.861,0.15984,0.59155
88.031,76.645,59.525,59.563,49.461,1.3039,5.0209,4.7973,118.69,47.502,21.558,7.0522,10.248,14.003,0,7.7998,22.253,22.63,18.722,2.4852,0.81359,31.763,33.568,30.594,12.021,12.373,11.652,14.398,0.18577,3.2422,31.025,30.91,10.941,2.7804,11.747,8.7542,89.067,58.854,53.306,70.285,64.185,48.599,44.079,9.284,13.807,6.9465,5.4589,5.2749,5.0928,4.0385,5.2418,3.7556,4.5815,4.4571,4.2724,4.4908,5.1151,3.1185,91.88,87.559,116.52,92.177,101.82,53.932,17.553,21.087,13.743,18.405,16.228,13.557,19.474,4.899,5.1037,23.985,32.339,1.8495,1.8568,29.158,11.272,25.653,19.868,17.283,1.4567,19.205,65.136,16.966,19.319,46.251,41.808,35.871,21.355,22.505,23.199,36.723,23.144,25.524,25.78,3.2818,1.2451,2.5758,2.1319,2.9266,1.7464,1.6205,0.90559,35.739,26.282,18.797,11.831,29.001,20.03,34.99,28.862,36.488,2.6675,37.458,35.572,8.2751,8.6139,0.44588,10.796,13.277,26.694,6.1562,8.2778,28.878,36.509,23.036,34.429,42.327,22.693,29.872,31.1,31.979,66.953,81.147,42.817,37.434,64.637,22.309,46.431,23.725,22.827,28.886,11.087,37.885,9.3633,6.8149,11.42,17.441,56.527,61.427,82.654,68.522,50.247,101.98,67.792,49.036,31.168,71.42,36.357,55.122,59.251,56.259,60.117,41.813,4.8377,6.6283,5.4137,4.5685,4.5039,5.1614,2.9022,5.9306,3.904,3.1108,2.6592,2.8925,2.975,52.226,80.68,81.593,72.248,16.505,13.708,11.618,14.267,2.857,39.278,5.8688,13.011,6.753,18.549,20.204,14.373,4.9635,3.8257,3.5597,3.1838,1.4058,2.3462,1.6,2.5585,18.78,9.6577,6.1398,33.31,6.1297,7.6972,31.732,32.78,0.31118,31.44,21.219,0.84338,27.859,30.705,18.553,30.537,30.68,31.572,31.361,31.318,11.901,11.581,11.677,11.023,10.714,11.616,74.65,76.689,60.038,49.665,30.163,80.77,33.544,73.454,49.878,39.823,15.351,12.976,4.7982,7.1921,8.8454,22.226,3.4165,12.137,48.89,26.734,11.32,3.411,5.1677,4.6209,4.4148,4.5329,4.9709,4.5148,4.8922,4.335,4.6453,3.8703,3.2886,1.5531,25.519,20.354,27.433,26.148,33.102,17.782,11.293,9.7055
45.714,36.093,27.416,27.899,24.185,2.8241,0.45315,0.58924,68.462,70.825,39.586,22.352,1.0569,12.29,7.7998,0,8.1993,3.8799,2.3535,15.592,10.658,25.243,17.819,19.566,8.9125,8.8852,8.0471,10.5,5.8648,0.99971,18.128,17.902,9.938,18.166,14.656,7.4642,47.809,24.37,21.72,33.114,35.598,20.373,16.595,0.12305,1.3029,0.12989,0.25446,0.3266,0.53329,1.1028,0.28157,0.81482,0.59139,0.5829,0.63417,0.45814,0.64345,1.0818,52.447,48.019,64.99,48.771,56.355,81.853,47.794,52.647,42.057,40.625,41.37,40.316,44.319,23.857,21.534,57.583,51.07,15.724,16.432,42.662,26.158,34.811,29.248,19.07,2.5279,2.5588,36.731,2.1805,2.8366,23.14,25.119,10.217,3.4525,3.8139,4.1692,11.903,4.1114,5.409,5.3675,19.111,14.018,14.393,14.69,16.695,13.411,12.569,8.8814,37.638,22.36,15.494,9.9392,21.479,19.056,27.487,21.61,28.87,1.6387,27.421,27.299,11.875,6.2136,9.9357,14.141,9.1996,24.376,6.344,7.55,22.109,25.392,14.958,21.018,27.061,13.04,17.454,18.442,18.761,115.52,132.55,81.212,75.221,108.27,51.921,76.469,57.897,43.718,50.578,37.11,61.971,34.144,29.143,35.176,34.453,26.321,28.71,41.958,31.547,18.538,58.405,36.653,23.204,7.9807,39.636,10.622,29.642,25.342,29.71,33.813,21.743,0.84495,0.15755,0.66008,0.73623,0.63672,0.46244,1.6451,0.57517,1.0355,1.0592,1.4962,1.5043,1.1409,19.783,46.471,38.992,32.578,32.237,38.58,24.998,26.602,19.135,54.192,7.947,15.588,0.93396,2.3414,3.0242,1.0108,18.333,20.607,18.905,17.295,11.998,12.946,14.794,16.532,13.031,6.244,0.47435,16.941,21.228,10.015,28.131,34.001,5.4357,30.697,16.22,4.3482,15.863,19.586,9.0432,20.295,18.659,17.804,18.521,18.436,10.517,10.517,10.319,9.6978,9.9776,10.161,114.49,125.68,110.37,96.588,68.284,136.78,73.47,111.67,87.899,56.458,35.643,34.028,24.82,29.514,32.872,31.519,18.198,0.50282,30.151,14.58,2.2173,1.0365,0.45462,0.64049,0.6217,0.61048,0.40636,0.6023,0.53393,0.7447,1.2958,2.0331,19.684,12.434,14.904,7.6858,15.347,18.539,29.603,8.753,11.117,7.6339
25.616,24.272,10.525,10.162,5.3793,13.706,8.1351,8.0188,42.369,58.258,35.649,27.735,3.4412,5.3657,22.253,8.1993,0,6.681,7.059,25.542,21.585,7.5004,1.8839,3.3553,3.8921,3.6373,3.5094,3.5851,18.392,10.905,2.363,2.2597,5.5329,30.559,9.6822,5.2484,24.391,15.318,10.404,17.218,10.883,6.4373,6.133,6.4467,11.677,7.0657,8.4591,8.3151,7.6935,8.1585,8.8178,9.6918,8.4456,8.7838,9.0197,10.469,7.3462,12.284,24.173,22.59,45.534,27.662,32.072,70.639,64.98,67.508,62.07,42.798,49.248,54.849,48.803,37.758,30.76,73.792,41.761,28.309,30.327,31.453,27.066,23.142,20.887,9.9473,14.677,8.395,11.324,3.4415,10.971,4.3652,4.7041,11.173,9.844,8.2187,9.7487,4.7515,9.1714,4.7691,11.242,30.972,26.92,22.894,24.8,26.499,23.478,22.268,18.392,18.71,7.4589,5.1864,4.8525,5.3622,7.9016,8.1722,5.5316,8.821,14.72,7.2028,7.7722,10.009,4.4667,21.928,10.007,3.2943,9.268,6.8165,5.7303,5.9561,5.8861,2.6618,3.3899,5.7683,1.5427,2.2165,2.527,2.5373,126.82,140.79,89.063,86.227,111.55,61.113,70.688,76.613,41.473,45.486,55.357,54.38,53.565,48.24,46.508,32.375,8.6793,11.276,22.755,17.165,19.59,30.288,12.404,5.3296,13.312,13.952,14.576,7.4044,13.225,7.7569,9.4047,3.3433,7.3195,7.2151,6.9063,7.989,8.4333,7.8347,9.7129,6.4895,8.5445,11.504,13.887,14.551,11.658,21.081,18.198,31.057,28.818,29.806,48.862,24.511,23.429,33.068,39.152,8.5346,9.585,5.1887,5.7192,9.8457,7.7118,24.518,32.79,29.441,26.999,21.904,20.892,27.102,27.366,3.1237,3.6978,12.55,1.5733,27.522,8.5923,10.339,16.283,20.323,13.291,4.4789,14.433,1.7634,3.3384,0.78838,3.8815,2.7489,2.0947,2.5196,2.4797,5.3029,5.5484,5.297,5.2575,5.7509,5.2054,107.72,131.75,134.32,122.62,90.497,157.36,97.213,103.44,90.542,42.252,38.145,39.506,43.635,46.324,50.472,21.76,28.273,6.2267,6.9254,1.3313,2.1424,9.8024,7.8552,8.1792,8.702,8.4739,8.4994,8.5497,8.0424,8.4157,6.9937,7.6401,32.526,22.232,1.7998,0.061538,1.579,4.1205,11.137,0.90822,6.3379,4.6064
24.315,16.481,13.119,13.838,14.346,13.17,6.4702,6.83,41.301,94.139,59.963,41.57,3.5787,19.167,22.63,3.8799,6.681,0,0.21425,33.666,26.607,28.101,14.597,19.501,14.989,14.69,13.825,15.908,19.128,8.7427,16.838,16.546,17.476,37.95,24.785,14.968,26.881,9.0422,8.1777,15.482,23.102,8.9031,5.8749,2.9509,2.1755,4.5796,5.881,6.1098,6.5179,8.1725,6.0965,8.0132,7.0096,7.1042,7.3277,7.0042,6.654,9.0574,32.395,28.102,37.436,26.566,32.531,108.36,77.922,83.494,71.094,64.266,67.392,67.908,69.895,46.154,41.792,89.899,71.53,34.506,35.78,59.468,44.772,48.658,43.485,28.143,12.663,0.31474,24.307,0.85616,0.86936,14.76,20.94,1.5583,0.40337,0.089977,0.30319,3.216,0.20513,0.36113,0.59195,39.155,32.082,31.494,32.407,35.204,30.523,29.172,23.471,46.074,27.171,21.056,16.83,23.78,26.123,29.57,24.096,30.821,10.429,27.733,28.848,22.695,13.004,25.724,24.625,14.56,30.252,15.037,15.461,24.914,25.029,17.163,19.247,23.777,14.243,16.526,17.302,17.222,157.55,176.27,116.15,109.98,146.4,81.045,104.79,90.781,66.144,73.337,64.477,86.159,60.76,54.085,60.515,54.281,13.249,13.962,21.714,14.157,5.8108,35.577,22.473,13.058,1.2992,24.918,2.1261,19.416,10.179,18.785,22.876,15.435,7.1612,4.8488,6.4478,7.2169,7.1334,6.3687,9.9177,5.9338,8.1833,8.9697,10.146,10.05,9.2032,6.5812,29.933,18.284,14.146,51.178,64.594,42.498,43.204,39.632,71.668,17.921,25.42,5.8602,0.21428,0.49287,1.0395,36.31,41.315,38.528,36.027,28.377,29.188,33.097,35.254,16.976,12.295,6.0717,13.344,40.376,20.004,32.95,42.069,18.497,37.466,20.537,15.971,15.3,19.457,10.578,20.745,17.949,15.932,17.252,17.142,17.74,17.973,17.573,17.016,17.708,17.356,149.33,167.62,154.51,138.58,104.08,184.5,110.59,145.32,122.21,75.153,58.01,57.123,48.19,54.287,58.849,45.596,37.409,1.6234,24.389,13.974,4.6201,8.608,6.3534,7.0423,7.1889,7.0749,6.4553,7.0795,6.6793,7.4186,7.9884,9.7367,40.181,28.999,15.343,7.1414,14.749,20.906,34.442,10.641,19.185,14.553
29.046,20.426,16.353,17.074,16.854,10.293,4.5743,4.9063,47.434,90.134,56.031,37.343,2.6241,17.912,18.722,2.3535,7.059,0.21425,0,29.402,22.684,28.188,15.717,20.048,13.779,13.543,12.644,14.926,15.617,6.4036,17.589,17.302,15.96,33.233,22.818,13.338,31.707,12.038,10.965,19.282,26.43,11.449,8.09,1.7233,1.0896,3.0164,4.0292,4.2407,4.6567,6.115,4.1914,5.8319,5.0296,5.086,5.2673,4.8822,4.8131,6.6038,37.325,32.85,43.278,31.503,37.944,103.68,71.016,76.582,64.236,59.392,61.762,61.62,64.533,40.887,37.161,82.64,67.878,29.965,31.061,56.6,40.903,46.366,40.939,26.6,9.7558,0.057994,27.659,0.67916,0.43499,16.995,22.483,2.7635,0.26602,0.18723,0.36246,4.871,0.30038,0.98158,0.80438,34.419,27.658,27.49,28.2,30.866,26.431,25.195,19.879,45.188,26.739,20.231,15.472,23.881,25.065,29.887,24.161,31.203,7.7206,28.429,29.276,20.429,11.482,21.773,22.545,13.532,29.633,13.039,13.734,24.924,25.812,17.073,20.189,25.202,14.295,17.18,18.033,18.044,148.75,167.33,108.86,102.55,138.77,74.765,99.483,83.279,61.738,69.025,58.027,81.718,54.385,48.04,54.822,50.349,16.296,17.31,26.182,17.829,7.7679,41.015,26.089,15.573,1.8962,28.712,3.1364,22.185,13.312,21.669,25.896,17.264,5.2759,3.234,4.6734,5.2583,5.142,4.5104,7.5808,4.2575,6.0864,6.5698,7.5017,7.3893,6.771,8.6133,34.208,22.22,17.43,47.431,58.833,38.912,39.933,34.698,68.885,15.677,23.564,4.3554,0.070618,0.23556,0.31223,32.27,36.437,33.943,31.653,24.43,25.374,28.66,30.82,16.431,10.954,4.013,14.502,36.112,17.868,32.674,41.184,14.895,36.806,20.023,12.9,15.824,20.018,10.391,21.207,18.6,16.788,18.012,17.904,16.327,16.503,16.143,15.543,16.146,15.934,142.86,159.12,144.62,128.98,95.843,174.13,102.02,139.16,115.32,72.097,53.354,52.169,42.453,48.399,52.693,43.156,32.925,0.74642,26.381,14.459,3.8225,6.3633,4.495,5.0827,5.1688,5.0858,4.531,5.0834,4.7691,5.4011,6.0756,7.6407,35.306,25.024,15.626,7.3066,15.261,20.902,34.2,10.365,17.591,13.077
100.66,92.292,68.262,67.662,53.653,5.4224,10.848,10.313,132.68,28.838,9.8293,1.2216,16.004,11.342,2.4852,15.592,25.542,33.666,29.402,0,0.5292,26.493,34.067,28.452,11.01,11.455,11.135,12.902,2.8793,8.8948,30.089,30.092,9.105,0.25062,7.5595,8.1151,99.553,72.597,64.428,82.189,67.316,56.683,53.428,16.905,25.138,13.613,11.874,11.451,10.667,8.6995,11.686,9.2887,10.184,10.164,9.9416,11.145,10.424,9.2808,99.077,96.172,134.36,104.91,114.14,33.471,9.4142,11.137,7.9783,7.364,6.3554,6.0024,8.1403,1.19,0.50627,13.596,17.672,0.21377,0.47476,16.362,3.5258,14.948,10.624,11.711,6.4191,30.572,67.84,25.16,31.696,49.307,40.669,49.697,33.655,34.276,35.71,46.236,35.409,35.643,39.167,0.26169,0.34628,0.084576,0.014854,0.020112,0.084132,0.16294,0.93807,25.428,20.988,15.366,10.141,25.039,14.957,29.491,24.775,30.701,9.1911,32.876,30.382,5.2033,8.7887,0.85851,6.7773,12.359,20.448,6.0147,7.5289,24.5,32.84,21.193,32.876,40.011,22.07,28.933,29.966,30.994,46.262,57.489,25.887,22.334,42.74,10.689,27.438,14.227,10.384,14.658,5.6971,21.192,5.1942,3.7947,3.9344,7.1393,63.895,70.231,94.853,81.044,67.338,111.46,72.503,53.968,45.77,75.789,51.656,57.785,71.225,59.626,62.181,43.432,9.7832,13.169,10.655,9.8001,10.014,10.911,7.154,11.333,8.7456,8.9194,8.9245,9.5906,8.7027,69.823,85.102,100.18,91.272,6.7152,5.128,4.0057,5.9284,0.58689,23.904,4.7774,8.5078,11.61,28.509,32.324,24.406,0.54145,0.45346,0.16413,0.047449,0.23612,0.23737,0.19463,0.034445,16.839,9.9896,14.648,34.408,0.84114,5.5187,24.887,23.407,4.426,23.259,18.005,3.5266,27.238,28.594,19.401,27.879,29.208,31.126,30.282,30.282,9.8801,9.5082,9.7353,9.341,8.8215,9.7559,49.979,53.278,44.447,36.883,20.235,60.553,23.387,48.941,30.661,23.932,5.4929,4.1333,2.8688,3.0826,4.2073,12.362,0.10066,20.785,47.498,26.603,15.855,8.59,10.938,10.068,10.021,10.104,10.993,10.121,10.525,9.6376,8.8783,7.2559,0.43572,0.17855,24.64,23.181,27.018,23.043,25.88,18.57,8.8385,9.0943
90.889,81.64,60.768,60.428,48.353,2.6107,6.888,6.4932,121.71,35.882,13.997,3.1053,11.643,10.57,0.81359,10.658,21.585,26.607,22.684,0.5292,0,26.177,30.915,26.644,9.5405,9.9187,9.4494,11.528,0.94098,5.2085,27.694,27.646,8.1136,1.0046,7.738,6.6847,90.614,63.159,56.16,73.138,62.077,49.77,46.148,11.904,18.551,9.1569,7.6528,7.3355,6.7947,5.2912,7.4768,5.5794,6.3544,6.3087,6.1213,6.9492,6.6513,5.4378,91.44,88.037,121.94,94.997,104.18,41.557,13.467,15.935,11.036,11.68,10.537,9.5334,12.798,2.6788,2.0689,18.732,22.916,0.5208,0.7587,20.481,6.0315,17.947,13.14,12.263,3.2753,23.592,62.765,19.445,24.384,44.597,37.995,41.042,26.238,26.969,28.117,39.144,27.901,28.775,31.145,1.2255,0.2981,0.4973,0.36674,0.75532,0.19712,0.13957,0.12793,27.624,20.92,14.713,9.0176,24.181,15.084,29.165,23.985,30.463,5.3162,32,29.878,5.0608,6.9757,0.056531,6.9376,10.768,20.856,4.5486,6.188,23.854,31.55,19.554,30.646,37.874,19.865,26.583,27.661,28.586,56.325,68.836,33.719,29.479,52.765,15.883,35.213,19.109,15.061,20.024,8.4147,27.626,7.3767,5.3558,7.1659,10.721,57.047,62.657,85.376,71.797,57.001,102.65,66.485,48.362,37.074,69.83,42.486,52.993,62.449,54.493,57.52,39.497,6.1797,8.7881,6.8794,6.1128,6.2272,6.9653,4.041,7.4468,5.2812,5.1969,5.1263,5.6225,5.028,59.244,78.901,88.329,79.537,10.003,8.8392,6.3269,8.4039,1.3335,29.042,3.8124,8.7644,7.869,22.054,25.036,18.188,1.7623,1.6261,1.2129,0.89335,0.080798,0.40638,0.35964,0.65671,15.448,8.0293,9.6627,30.993,2.5195,4.9504,25.383,25.218,1.9468,24.478,17.121,1.3919,24.817,26.767,16.703,26.322,27.079,28.482,27.941,27.923,8.9171,8.5928,8.7476,8.2668,7.874,8.731,60.611,64.317,52.915,44.069,25.629,71.137,29.025,59.37,39.247,29.406,9.2236,7.5838,3.8421,5.0187,6.4822,15.084,1.0701,15.203,44.723,23.999,11.923,5.0548,6.9841,6.2926,6.2078,6.2913,6.9658,6.2969,6.6514,5.948,5.5795,4.3881,1.3939,0.12036,22.435,19.51,24.518,21.882,26.515,15.936,8.1362,7.5824
