0,0.3563,17.573,39.118,51.641,42.699,33.707,38.267,347.4,193.97,63.95,42.828,45.017,95.331,80.496,52.534,19.463,16.549,60.506,28.792,90.486,86.619,53.496,57.824,50.792,5.418,35.202,37.561,0.27983,2.5411,7.3657,11.582,18.94,38.579,42.735,41.867,64.677,61.767,56.782,49.289,39.549,39.828,46.669,52.214,42.881,31.8,38.454,39.865,288.6,294.14,254.67,303.5,273.77,291.21,196.69,189.96,190.1,238.8,140.86,155.39,149.57,139.18,46.427,50.166,39.13,46.151,40.968,48.518,96.438,96.155,96.912,84.212,101.37,109.21,116.79,94.77,121.05,89.617,81.812,119.6,121.27,139.96,145.62,118.44,108.42,91.335,48.047,47.934,48.816,26.63,16.091,17.537,14.869,17.518,16.744,15.557,11.472,15.62,12.965,14.185,58.475,62.284,65.315,60.25,69.341,45.87,47.827,90.009,93.363,87.358,87.609,85.157,43.57,64.596,55.1,49.287,46.798,52.771,51.76,52.31,2.5992,1.9676,23.717,24.17,37.401,53.997,29.795,27.437,16.256,37.644,36.474,33.897,37.046,35.261,289.66,271.45,259.45,221.27,186.73,213.1,163.33,167.65,59.793,40.358,43.46,38.936,43.408,41.831,43.991,100.11,104.53,98.701,98.21,101.09,97.412,103.25,130.99,115.87,79.097,85.492,99.379,102.95,90.702,105.39,131.33,66.77,70.023,108.71,83.302,84.602,87.131,49.869,47.628,44.789,52.842,66.363,40.654,15.012,16.481,58.936,58.128,62.656,62.689,61.441,62.089,54.824,28.939,77.655,82.601,78.562,66.22,62.881,52.264,45.258,47.36,52.899,40.594,46.329,36.522,39.134,36.144,38.138,37.276,38.183,38.825,37.526,37.526,35.433,44.198,43.21,43.893,43.319,43.662,58.371,82.359,84.299,15.078,15.92,58.568,36.231,36.891,84.339,88.395,83.787,61.782,61.333,37.368,36.468,38.705,39.703
0.3563,0,12.926,32.391,43.836,35.328,27.132,31.262,325.88,177.77,55.028,35.472,37.485,84.075,70.979,45.091,14.844,12.516,52.256,23.63,79.626,76.001,45.123,49.103,42.669,3.026,30.678,32.074,0.010089,1.0119,4.5854,8.325,14.538,32.265,35.591,34.535,55.441,52.838,48.731,41.311,32.427,32.654,38.917,44.012,35.523,25.426,31.408,32.704,268.87,276,236.31,284.44,254.74,271.51,180.35,175.31,174.64,222.83,127.42,141.38,136.64,125.75,38.709,42.373,32.273,38.399,33.812,40.661,85.096,84.839,85.561,73.618,89.758,97.101,104.31,83.507,108.79,79.543,72.039,106.9,108.48,126.45,131.7,105.81,96.353,80.283,40.687,40.57,41.395,20.933,11.937,13.084,10.73,13.193,12.44,11.35,8.0452,11.461,9.1326,10.258,50.335,53.854,56.108,51.339,59.907,39.178,39.939,79.19,82.351,76.701,76.93,74.613,36.214,55.78,46.696,41.31,39.003,44.486,43.552,44.055,1.8671,0.85634,19.418,19.594,30.553,46.325,24.076,21.548,11.809,30.69,29.654,27.353,30.169,28.549,270.06,253.86,241.49,204.83,171.04,196.24,148.94,152.55,50.919,33.151,36.769,32.091,36.013,34.555,36.509,88.582,92.717,87.224,86.77,89.461,85.986,91.474,117.93,103.45,69.547,75.38,87.843,91.193,79.743,93.49,118.07,57.736,60.467,96.697,72.875,74.091,76.444,42.358,40.336,37.907,44.965,57.097,33.577,10.909,12.193,50.754,50.008,54.14,54.194,52.468,53.08,46.404,22.918,67.627,72.236,68.495,56.881,53.828,44.015,37.591,39.877,44.822,33.859,39.033,29.67,32.035,29.334,31.131,30.363,31.17,31.785,30.578,30.578,28.704,36.729,35.831,36.46,35.941,36.247,49.786,72.065,73.816,10.964,11.777,50.466,29.417,30.003,73.839,77.659,73.32,53.365,52.956,30.438,29.624,31.645,32.541
17.573,12.926,0,6.5491,11.448,5.8339,2.6316,4.0561,210.67,95.007,15.989,6.0369,6.9653,31.561,28.019,16.007,1.8065,2.9419,18.267,7.0547,29.63,27.452,9.748,11.693,8.9651,3.6239,19.41,14.881,13.443,6.9217,2.7756,3.4604,2.7424,9.8935,7.2684,5.3341,14.977,14.387,14.769,8.5057,4.7339,4.4922,7.4667,9.8965,6.0741,2.1487,4.0643,4.7534,164.66,180.32,140.23,183.43,154.56,167.38,96.808,100.99,95.793,140.24,61.035,71.472,72.816,59.445,7.1376,10.132,5.7192,6.7692,5.5554,8.2004,32.015,31.94,32.473,24.961,35.081,39.337,44.484,30.725,49.394,33.197,27.611,45.564,46.528,59.718,62.629,44.778,38.706,28.786,11.969,11.822,12.322,1.9095,1.7132,1.1075,0.70736,1.9191,1.3447,0.88537,2.236,1.2518,0.95854,1.4476,16.98,18.767,15.97,12.768,18.483,13.264,7.5938,29.444,31.468,27.929,28.016,26.488,7.286,18.271,11.409,8.5162,7.2355,9.807,9.3186,9.5429,12.809,9.3785,9.2212,7.6699,4.6054,15.825,4.3013,1.2165,0.052662,3.9803,3.7898,3.1717,3.961,3.1129,166.48,161.67,147.37,119.88,91.172,109.34,76.725,76.709,12.542,4.7321,10.942,5.618,6.3302,5.6206,6.3338,34.435,36.844,33.342,33.125,34.615,32.286,35.683,53.906,43.481,26.448,28.954,33.382,35.456,28.641,36.93,53.044,17.953,17.791,39.725,24.896,25.601,26.908,12.742,12.039,12.135,13.098,16.631,6.3253,1.0603,1.2032,17.143,16.779,18.515,18.699,13.648,14.065,10.962,1.6087,22.615,25.192,23.272,15.833,14.574,9.5389,6.5596,9.4631,10.902,7.8971,9.6994,3.435,4.2886,3.3371,3.9527,3.722,3.9612,4.3347,3.7541,3.754,3.1686,6.6031,6.242,6.5393,6.3445,6.4386,12.856,24.81,25.489,1.0508,1.6303,17.361,3.3778,3.549,25.427,27.792,25.111,18.349,18.177,3.7139,3.4252,4.1407,4.4494
39.118,32.391,6.5491,0,0.87166,1.464,4.1315,2.2488,155.6,63.636,3.3907,1.148,1.1181,22.408,7.7087,26.552,3.4002,5.1482,25.64,2.276,24.028,22.42,5.2175,7.1553,7.9924,15.857,42.828,33.195,32.9,23.773,12.615,8.6256,3.8463,22.143,0.15303,2.0771,9.7989,13.055,1.7232,8.5096,6.5252,3.2443,8.0831,9.8735,1.1197,4.5351,4.1775,6.0664,118.79,120.3,95.95,124.91,107.66,119.07,65.876,57.542,56.91,87.158,32.128,38.819,36.562,31.735,2.0254,0.80523,0.14245,4.1896,0.78184,1.6886,21.826,22.228,23.076,15.55,25.036,25.942,32.688,17.563,22.657,10.635,7.8441,29.674,29.346,32.356,36.429,27.895,22.329,16.486,20.374,20.098,20.639,9.3899,5.0418,4.3248,6.0173,4.3134,4.6841,5.4694,8.2545,5.3193,7.2485,6.1946,24.203,25.344,13.607,7.3041,16.868,1.7951,6.4396,24.143,25.974,22.965,22.864,21.245,11.409,21.891,11.591,8.5621,6.5868,8.4393,7.8963,7.963,36.162,29.172,28.117,24.803,8.8467,25.036,0.71238,5.5049,6.5958,5.6588,6.5841,7.1951,6.5755,2.3418,117.73,105.52,97.102,74.322,56.546,72.101,42.879,53.311,6.8278,2.4474,0.91442,0.15558,1.0499,1.2011,1.49,24.961,25.883,22.886,23.077,23.114,19.785,22.213,28.197,23.511,7.083,8.9505,18.723,20.966,13.662,22.879,30.856,3.7901,6.4851,29.68,10.053,10.491,11.547,20.839,20.872,23.169,19.23,14.528,11.313,5.7326,4.8435,24.214,24.002,24.384,24.817,10.268,11.041,10.182,2.1486,19.129,20.662,20.101,11.004,11.909,8.0421,5.7728,0.40786,1.3404,0.10553,0.32385,2.9873,2.6991,2.6965,2.8168,2.3625,2.9182,1.7876,2.8631,2.8671,2.3035,1.1366,1.0618,1.038,0.97478,1.0445,2.643,9.0286,10.275,5.6944,5.1315,25.056,2.5416,2.9823,10.474,11.574,10.327,24.745,24.709,2.7191,2.8529,2.7692,3.2945
51.641,43.836,11.448,0.87166,0,1.8677,6.1841,3.3937,133.4,50.511,0.98347,1.5041,1.152,17.75,3.6529,28.737,7.7126,10.21,26.501,5.1676,20.268,19.01,4.449,5.9867,7.9574,24.058,49.976,38.598,44.443,33.542,20.07,14.949,8.3465,25.839,0.47355,2.665,7.9582,12.048,0.26099,8.7624,7.9848,4.2653,8.6716,9.866,1.4656,6.9289,5.5144,7.4209,99.801,101.37,78.739,105.11,89.35,99.823,52.647,44.695,43.696,71.59,22.495,28.067,26.595,22.255,1.9369,0.10471,0.98541,4.3785,1.3822,1.266,16.938,17.43,18.278,11.619,19.852,19.77,26.294,12.395,14.643,5.6582,3.5623,22.515,21.92,22.831,26.578,20.685,15.84,11.668,22.387,22.09,22.572,13.199,10.104,9.0305,11.345,9.0631,9.5766,10.628,14.49,10.469,13.051,11.696,25.171,25.899,12.151,5.802,15.246,2.0918,6.6506,20.468,22.053,19.518,19.369,17.893,12.892,21.633,11.377,8.8217,6.9686,8.168,7.7063,7.7001,47.661,39.79,34.96,31.106,10.928,26.791,3.112,8.6935,11.724,7.2984,8.5167,9.5982,8.4202,3.9521,98.541,87.716,79.594,59.151,43.615,57.494,31.539,42.452,5.3355,3.2998,1.3924,1.0274,1.3127,1.7088,1.706,19.946,20.36,17.811,18.095,17.731,14.512,16.42,19.392,16.157,3.1077,4.2497,13.055,15.067,8.6161,16.869,22.257,1.0586,3.5115,24.045,5.6363,5.9435,6.7651,22.641,23.016,26.059,20.366,13.037,13.224,11.022,9.7911,25.115,24.994,24.752,25.239,8.9543,9.7304,9.8278,4.7179,16.589,17.604,17.556,9.0889,10.593,7.7959,6.2834,0.096911,0.28381,0.81206,0.18824,4.4776,3.7626,4.2115,4.0435,3.6691,4.1495,2.8,4.1873,4.1917,3.8834,1.2911,1.3545,1.229,1.2444,1.2697,0.92135,4.6465,5.7468,10.967,10.228,26.127,4.0261,4.416,5.9587,6.629,5.8708,25.292,25.319,4.0511,4.3362,3.9052,4.3399
42.699,35.328,5.8339,1.464,1.8677,0,1.3393,0.25288,146.77,54.883,2.6624,0.022685,0.090374,13.645,9.8934,16.284,5.6212,8.5319,15.113,6.7716,14.239,12.927,1.2494,2.2913,2.6196,17.699,32.683,23.505,36.065,25.181,14.834,12.309,6.9116,13.816,0.86126,0.071973,3.9702,5.7993,3.5105,2.9462,2.1457,0.4884,2.7499,3.7465,0.027749,1.7501,0.96369,1.8612,109.28,123.09,89.077,124.45,100.55,111.07,56.512,59.792,54.414,91.562,29.13,36.52,39.124,28.052,0.09001,1.1125,0.70594,0.70251,0.10813,0.20297,13.436,13.631,14.206,8.648,15.854,17.413,22.284,11.097,21.445,12.679,9.0523,21.066,21.246,28.273,30.613,20.024,15.648,10.069,11.557,11.345,11.717,5.4169,7.4622,6.0369,7.3327,6.8322,6.7123,7.027,11.007,7.3009,8.7911,8.3852,14.046,14.811,6.2267,2.4846,8.4683,6.1917,1.7773,14.283,15.727,13.333,13.282,12.067,5.0783,12.068,4.8217,2.9781,1.8752,2.8734,2.5604,2.5985,35.879,29.963,21.17,18.155,3.7629,14.945,3.0763,2.8766,6.4014,1.7821,2.409,3.024,2.3566,0.50431,110.24,107.52,94.712,73.152,51.031,65.055,40.279,42.816,2.2457,0.20267,4.4808,0.6858,0.050783,0.01418,0.010313,15.669,16.724,14.303,14.353,14.735,12.514,14.601,24.318,17.969,8.6361,9.4171,12.416,13.993,9.0331,15.278,24.414,3.6762,3.3701,19.483,6.7239,7.0965,7.8408,11.81,11.983,14.07,10.389,6.8457,5.2031,7.5092,6.7373,14.036,13.901,14.04,14.38,4.083,4.5555,3.9241,1.3462,10.269,11.532,10.958,4.7067,5.1015,2.6437,1.4702,1.36,1.0475,2.2652,1.9466,0.60141,0.33279,0.53215,0.42834,0.34646,0.4603,0.12914,0.48404,0.4854,0.47851,0.05359,0.043949,0.06695,0.067917,0.058468,1.4101,6.5854,7.0149,7.4596,7.4817,14.726,0.47671,0.57139,7.0186,8.2376,6.8598,14.352,14.34,0.44674,0.55827,0.37884,0.51372
33.707,27.132,2.6316,4.1315,6.1841,1.3393,0,0.42929,168.67,66.708,7.6021,1.6292,2.1178,16.018,18.513,10.073,4.929,7.7385,10.216,9.1016,14.961,13.448,2.3138,3.236,1.9782,12.429,21.014,14.069,27.905,17.888,10.634,10.299,6.5435,7.146,3.666,0.86379,5.055,5.0525,8.9857,1.8633,0.46482,0.32274,1.438,2.5979,1.6666,0.034664,0.15635,0.40777,127.17,148.68,106.65,148.96,119.21,130.2,68.067,78.259,70.292,114.43,40.696,49.775,54.576,39.014,1.6805,4.8028,2.8364,1.0031,1.7274,2.4504,16.302,16.265,16.668,11.386,18.549,21.622,25.557,15.49,32.332,22.237,17.307,26.326,27.126,39.033,40.642,25.807,21.379,14.103,6.4547,6.3066,6.6379,1.372,6.0594,4.5844,4.9358,5.8403,5.2512,4.972,8.5051,5.5237,6.0085,6.3477,9.2635,10.252,5.9019,3.8294,7.6851,11.354,1.3105,14.868,16.341,13.806,13.842,12.721,2.1383,8.8634,3.4978,1.8745,1.1867,2.3736,2.1153,2.2166,25.589,21.334,11.862,9.6371,0.94351,9.3248,4.6081,0.37365,3.273,0.2181,0.32963,0.42237,0.34771,0.26171,129.63,131.36,115.45,92.051,64.685,79.611,53.999,51.011,3.7296,0.54807,8.9161,2.7631,1.8411,1.4126,1.549,18.107,19.812,17.255,17.112,18.16,16.516,18.969,34.403,25.385,16.767,17.67,17.468,18.881,14.451,19.894,32.65,9.3659,7.4334,22.039,12.262,12.739,13.548,6.8098,6.6885,7.8117,6.25,6.3686,1.9254,5.4467,5.1298,9.3151,9.1256,9.8074,10.029,4.3546,4.6341,3.0795,0.68793,10.219,11.889,10.735,5.5786,4.9831,2.2217,0.89645,5.0233,4.7558,5.5565,5.838,0.14611,0.36585,0.18928,0.26545,0.3297,0.24838,0.66653,0.21826,0.2175,0.27767,1.9116,1.7891,1.955,1.9088,1.8989,5.2663,12.644,12.72,5.4077,5.9959,9.7182,0.23066,0.1633,12.586,14.36,12.354,9.8891,9.8214,0.2397,0.16845,0.31585,0.30513
38.267,31.262,4.0561,2.2488,3.3937,0.25288,0.42929,0,156.29,59.934,4.499,0.38748,0.64012,14.5,13.306,13.358,4.8998,7.7427,12.776,7.347,14.382,12.975,1.4295,2.4358,2.0701,14.953,27.332,19.136,32.01,21.546,12.555,10.974,6.3175,10.649,1.7219,0.092452,4.1959,5.2401,5.5353,2.2044,1.1152,0.098624,1.902,2.9867,0.40628,0.67295,0.29808,0.92831,117.04,134.02,96.642,134.97,108.6,119.35,61.455,67.575,61.141,101.25,33.952,42.079,45.562,32.62,0.46363,2.3741,1.2701,0.53406,0.46975,0.85935,14.503,14.599,15.103,9.6289,16.861,19.079,23.571,12.804,25.931,16.511,12.322,23.2,23.645,32.759,34.809,22.375,17.953,11.615,9.0949,8.9103,9.2674,3.3291,6.4215,4.9881,5.8724,5.9719,5.6534,5.7137,9.4716,6.1026,7.1552,7.0672,11.753,12.624,5.8572,2.8059,7.9154,8.0262,1.2913,14.366,15.831,13.362,13.349,12.167,3.5273,10.468,3.9967,2.2276,1.2918,2.3906,2.0973,2.1641,30.947,25.747,16.805,14.134,2.2409,12.278,3.3393,1.4468,4.6461,0.79363,1.1977,1.5808,1.1774,0.062318,118.62,117.7,103.59,81.194,56.83,71.285,46.05,46.29,2.6241,0.029702,6.0091,1.2271,0.49469,0.28782,0.35201,16.564,17.904,15.412,15.379,16.049,14.063,16.319,28.501,20.999,11.844,12.701,14.412,15.93,11.159,17.106,27.826,5.8336,4.8646,20.447,8.8772,9.2975,10.076,9.3976,9.4369,11.101,8.3551,6.4146,3.4979,6.1883,5.6161,11.77,11.609,11.994,12.284,3.9547,4.3475,3.3018,0.69936,10.051,11.5,10.669,4.8471,4.8124,2.1921,0.92969,2.597,2.3289,3.3133,3.2716,0.075784,0.023562,0.052081,0.032568,0.0082283,0.044131,0.02986,0.042408,0.042877,0.05481,0.5292,0.46817,0.55372,0.53249,0.52439,2.7757,8.9526,9.2412,6.1436,6.4055,12.336,0.037663,0.067216,9.1877,10.65,8.9964,12.205,12.168,0.029083,0.059916,0.027449,0.10538
347.4,325.88,210.67,155.6,133.4,146.77,168.67,156.29,0,24.586,113.68,146.34,142.32,92.052,101.1,181.85,204.28,217.35,163.56,188.24,103.71,107.02,131.81,127.3,141.95,266.1,262.03,230.66,327.99,293.52,253.84,237.46,208.37,199.68,147.57,148.96,119.91,131.78,127.83,145.88,161.12,154.59,150.1,143.08,146.23,173.46,158.9,159.57,3.3751,23.626,7.1901,12.277,4.4004,2.487,24.602,38.154,25.874,35.995,46.337,39.69,54.604,46.9,140.32,134.53,154.05,143.78,149.77,136.35,89.071,90.325,90.761,97.253,87.314,76.494,77.65,84.022,60.267,91.992,96.902,67.448,64.434,46.362,43.721,66.08,71.513,87.515,175.58,175.14,174.67,194.75,215.84,209.51,218.6,211.24,212.73,216.24,234.59,216.59,226.26,222.29,164.04,159.32,126.39,123.24,126.01,154.3,144.59,104.8,102.91,106.9,106.24,107.06,163.45,146.48,141.21,145.99,146.86,139.08,139.92,139.01,325.63,308.91,248.07,238.26,170.4,175.07,177.24,184.86,214.41,163.3,167.56,174.21,166.35,162.59,2.6353,22.161,11.082,20.087,24.739,16.524,35.752,40.821,123.23,152.37,154.53,154.39,145.23,148.25,144.36,89.249,83.84,87.439,88.618,84.009,83.722,78.968,51.753,63.261,100.58,91.545,78.993,77.297,84.379,76.861,53.303,110.82,106.02,84.69,90.738,89.402,87,173.02,177.66,189.23,163.14,126.42,169.17,218.5,213.4,163.16,164.24,156.25,157.24,126.63,126.99,138.75,176.23,115.83,110.32,116.31,119.47,127.31,139.25,148.3,140.07,129.61,154.6,143.22,160.9,155.16,161.25,157.34,158.45,157.4,154.62,158.65,158.65,162.18,143.8,145.59,144.33,145.37,144.76,121,91.46,89.64,218.24,216.27,165.96,160.84,160.13,89.721,85.478,90.315,158.84,159.64,158.76,160.8,156.12,154.91
193.97,177.77,95.007,63.636,50.511,54.883,66.708,59.934,24.586,0,37.676,54.995,52.803,21.493,36.493,72.875,94.277,104.26,61.556,87.869,27.408,29.069,44.179,41.086,49.15,134.67,126.21,104.7,179.53,153.22,126.78,117.78,98.062,84.139,57.963,55.615,36.526,42.668,48.811,51.361,61.048,58.26,53.953,49.497,54.968,69.657,60.478,60.213,9.975,40.265,6.37,30.915,9.3669,11.783,0.063723,21.329,7.041,35.754,7.6402,7.6546,22.41,6.7976,50.711,50.125,61.49,51.353,57.48,48.935,20.072,20.663,20.874,24.315,19.257,14.349,15.13,18.166,14.285,32.27,32.702,10.591,9.456,6.1653,3.8322,10.125,12.647,19.798,68.765,68.485,68.197,82.261,101.94,96.944,102.33,99.118,99.416,101.09,114.6,101.85,107.6,105.81,61.767,58.977,39.61,38.867,39.282,67.931,51.058,27.979,27.102,29.026,28.676,29.058,61.608,51.14,48.204,51.417,52.358,47.401,47.99,47.452,174.52,163.48,116.61,109.98,66.353,68.58,77.745,76.877,97.95,62.674,65.084,69.19,64.322,63.841,12.047,32.029,15.652,13.001,1.8223,1.42,6.6569,2.4599,39.01,57.392,66.48,61.64,54.496,56.03,53.482,20.182,17.643,19.295,19.85,17.71,17.756,15.541,7.8174,10.048,35.008,28.994,15.985,14.982,19.407,14.622,6.0914,37.089,31.073,18.223,23.449,22.768,21.373,67.175,70.07,77.416,61.066,39.577,65.189,102.82,99.674,61.229,61.876,57.071,57.69,40.082,40.18,46.936,73.14,33.687,30.761,33.965,36.096,40.262,47.576,53.441,54.101,46.638,64.122,56.862,62.333,58.928,62.736,60.203,61.2,60.179,59.269,60.994,60.995,63.606,53.588,54.687,54.017,54.685,54.243,40.846,24.728,23.011,102.64,102.12,62.982,62.585,61.852,22.856,21.047,23.12,58.651,59.128,61.154,62.357,59.479,58.434
63.95,55.028,15.989,3.3907,0.98347,2.6624,7.6021,4.499,113.68,37.676,0,2.4214,1.8718,11.305,2.7885,26.754,13.184,16.792,23.397,10.631,14.022,13.165,3.1862,4.0022,6.5906,32.288,51.799,39.317,55.817,42.754,27.914,22.624,14.355,25.906,2.2226,3.3456,5.0144,9.0654,1.1691,7.5237,8.2117,4.9213,7.7942,8.167,2.3909,8.6079,6.1944,7.6501,82.187,89.559,63.699,91.116,73.367,82.715,39.448,37.222,33.724,63.072,14.993,20.048,21.443,14.547,2.1392,0.89493,3.0612,4.0636,2.6955,1.4266,10.495,10.958,11.676,6.5943,12.813,12.291,17.77,6.6403,9.2,4.0323,2.0699,14.255,13.696,14.902,17.592,12.73,8.987,6.201,20.953,20.671,21.029,15.391,16.236,14.561,17.159,15.004,15.396,16.427,21.662,16.46,19.33,18.051,22.322,22.561,8.7714,3.5866,11.262,5.5498,5.8023,14.251,15.47,13.581,13.418,12.241,12.223,18.015,9.221,7.5786,6.2262,6.5324,6.2397,6.1653,57.386,49.353,38.049,33.928,11.295,24.566,7.2062,11.046,16.681,7.8967,9.1967,10.635,9.0131,5.483,81.715,76.388,66.428,48.321,32.445,44.34,22.934,30.514,3.2385,4.0678,4.5986,3.1093,2.2186,2.7118,2.3517,12.984,13.076,11.135,11.423,10.918,8.3016,9.6565,12.103,9.1849,2.0083,2.0937,6.997,8.5231,3.8142,9.9461,13.923,0.11795,0.98295,16.191,1.9171,2.095,2.5943,20.948,21.648,25.157,18.259,9.4901,12.981,17.023,15.589,22.205,22.19,21.362,21.847,6.2422,6.8791,7.8058,7.4577,11.698,12.195,12.528,5.8691,7.5862,6.2576,5.8298,1.4833,0.52419,3.5322,2.021,5.6611,4.6332,5.5174,5.0268,4.8872,5.1038,3.9634,5.2487,5.2522,5.3973,2.0761,2.2742,2.0939,2.1988,2.1534,0.21941,1.3689,1.9767,16.951,16.353,23.274,5.3556,5.5453,2.1071,2.5086,2.0582,22.016,22.1,5.1683,5.5571,4.8192,5.0026
42.828,35.472,6.0369,1.148,1.5041,0.022685,1.6292,0.38748,146.34,54.995,2.4214,0,0.035803,14.274,9.1866,17.519,5.4202,8.2308,16.3,6.1987,15.052,13.724,1.5146,2.6444,3.1057,17.782,34.206,24.864,36.187,25.415,14.825,12.048,6.6162,14.9,0.60648,0.17375,4.4033,6.4623,3.0117,3.4737,2.5984,0.71074,3.269,4.3289,0.00026192,2.0598,1.2627,2.2857,109.13,121.4,88.704,123.11,100.14,110.72,56.694,58.541,53.736,89.875,28.733,35.967,38.009,27.75,0.14179,0.84569,0.50117,0.96579,0.043713,0.17797,14.005,14.231,14.84,9.0883,16.504,17.92,23.014,11.407,20.922,11.934,8.4541,21.523,21.624,28.019,30.556,20.385,15.904,10.394,12.6,12.379,12.768,5.962,7.2819,5.9237,7.3072,6.6205,6.5709,6.9607,10.856,7.1809,8.766,8.2605,15.194,15.981,6.8778,2.8119,9.2372,5.4729,2.1893,15.11,16.588,14.145,14.085,12.828,5.7771,13.099,5.472,3.5086,2.3038,3.3693,3.0324,3.0697,36.431,30.326,22.273,19.187,4.3418,16.132,2.7407,3.2152,6.553,2.1827,2.8649,3.5081,2.8127,0.64743,109.82,106,93.758,72.188,50.748,64.862,39.727,43.284,2.5438,0.35064,3.8772,0.48696,0.0065786,0.0084639,0.023523,16.343,17.35,14.884,14.957,15.272,12.919,15.017,24.082,18.03,8.0134,8.8864,12.676,14.322,9.1203,15.679,24.512,3.3384,3.3938,20.232,6.6865,7.0593,7.8284,12.867,13.042,15.202,11.381,7.5326,5.9004,7.4234,6.6161,15.182,15.043,15.174,15.529,4.5929,5.1033,4.5017,1.418,11.04,12.305,11.764,5.1941,5.6894,3.1201,1.8554,1.0361,0.83426,1.8519,1.5493,0.80597,0.50887,0.71045,0.61715,0.49344,0.6581,0.21334,0.67761,0.67933,0.61821,0.013302,0.0039186,0.014851,0.012564,0.010338,1.2742,6.439,6.962,7.3743,7.3123,15.901,0.64068,0.77564,6.991,8.1689,6.8372,15.503,15.492,0.62741,0.75096,0.56236,0.74067
45.017,37.485,6.9653,1.1181,1.152,0.090374,2.1178,0.64012,142.32,52.803,1.8718,0.035803,0,13.797,8.112,18.526,6.0369,8.9228,17.056,6.3785,14.824,13.547,1.5095,2.6173,3.3414,19.211,36.209,26.484,38.205,27.19,16.078,12.975,7.2155,16.085,0.51465,0.31429,4.3035,6.6249,2.4881,3.7802,3.0713,0.98824,3.6283,4.6197,0.031817,2.6171,1.6342,2.7259,105.8,117.27,85.562,119.03,96.793,107.23,54.521,55.682,51.115,86.325,26.87,33.832,35.713,25.963,0.14083,0.57355,0.52459,1.1229,0.099302,0.079837,13.456,13.714,14.342,8.6358,15.948,17.121,22.293,10.675,19.27,10.682,7.3979,20.53,20.543,26.249,28.835,19.333,14.92,9.7304,13.476,13.247,13.635,6.8837,8.0373,6.6535,8.1889,7.3062,7.3177,7.7923,11.827,7.9828,9.7289,9.1198,15.946,16.674,6.9578,2.7142,9.3503,5.134,2.4281,14.904,16.357,13.97,13.897,12.642,6.383,13.582,5.7631,3.8178,2.5804,3.5698,3.2343,3.2587,38.666,32.313,24.004,20.789,4.9868,17.039,2.9609,3.923,7.4935,2.659,3.4202,4.1583,3.353,0.98386,106.32,102.16,90.261,69.084,48.383,62.258,37.493,41.666,2.4325,0.56044,3.6295,0.5184,0.015211,0.079009,0.054264,15.828,16.724,14.311,14.412,14.622,12.219,14.234,22.445,16.795,6.9966,7.7941,11.832,13.476,8.2929,14.852,23.085,2.6828,2.8864,19.651,5.901,6.2516,6.9938,13.714,13.95,16.274,12.082,7.6253,6.5783,8.2671,7.3829,15.923,15.797,15.818,16.19,4.6232,5.1539,4.731,1.8806,10.998,12.176,11.739,5.1099,5.7599,3.3147,2.1312,0.80048,0.52947,1.7429,1.3051,1.1541,0.76939,1.0491,0.91214,0.78015,0.95859,0.41701,0.99173,0.99371,0.94768,0.0055433,0.01983,0.0071117,0.016526,0.010507,0.89657,5.6024,6.1495,8.2154,8.0794,16.686,0.96659,1.114,6.194,7.277,6.0529,16.187,16.186,0.93609,1.0917,0.83912,1.0247
95.331,84.075,31.561,22.408,17.75,13.645,16.018,14.5,92.052,21.493,11.305,14.274,13.797,0,20.862,15.423,36.202,43.327,10.614,38.858,0.51809,0.64873,6.8498,5.0584,6.9543,56.553,43.672,31.384,85.528,66.78,52.748,50.686,39.721,20.599,18.917,13,3.1233,3.8726,19.692,7.5487,12.075,12.836,8.6243,6.5471,14.326,17.241,13.078,11.915,60.606,100.61,50.134,93.044,58.535,64.975,21.585,50.374,34.081,80.362,16.094,22.355,37.092,13.918,11.587,15.934,19.674,9.5572,15.888,11.873,0.048958,0.012971,0.0065102,0.64714,0.093104,0.73029,1.1101,1.1316,15.974,21.199,17.423,1.9145,2.5491,13.187,11.096,2.3113,2.1433,1.0258,13.37,13.246,13.122,21.693,40.217,36.458,38.364,39.066,38.239,38.177,47.202,39.329,41.412,41.678,10.583,9.5849,2.9902,4.5678,2.6788,32.01,8.1925,0.60703,0.65988,0.67546,0.61579,0.59431,10.926,6.4496,5.7791,7.5532,8.5849,6.2474,6.6114,6.4193,77.928,72.232,38.223,34.58,13.651,13.455,29.495,20.555,33.767,13.198,13.877,15.598,13.526,16.174,65.36,86.024,64.576,51.058,24.962,31.824,24.099,11.026,4.8546,13.24,28.963,19.651,14.352,14.489,13.184,0.069998,0.21947,0.065038,0.032914,0.21054,0.59843,0.74801,11.349,4.8602,18.454,15.238,1.6193,1.2458,3.2487,0.93949,6.4914,12.864,5.6311,0.51844,5.1598,5.0889,4.6276,12.68,13.95,17.337,10.103,2.8873,12.517,39.428,38.108,10.37,10.612,8.778,9.0483,3.7129,3.5529,5.6387,21.449,1.3655,0.84744,1.4401,2.691,3.4022,6.4311,9.3476,18.459,13.766,24.299,20.876,14.829,13.606,15.287,14.035,14.929,13.931,14.783,14.338,14.335,16.104,13.925,14.375,14.26,14.581,14.3,10.584,6.9825,5.3404,39.317,40.169,11.134,15.371,14.614,4.9609,5.429,4.9147,9.4073,9.5876,14.545,14.963,13.77,12.866
80.496,70.979,28.019,7.7087,3.6529,9.8934,18.513,13.306,101.1,36.493,2.7885,9.1866,8.112,20.862,0,46.785,20.955,24.12,42.059,13.879,25.946,25.177,11.931,13.312,17.946,45.441,77.97,62.734,71.618,58.413,39.67,31.191,21.353,45.527,6.7471,11.458,14.628,21.444,2.1427,19.472,20.272,14.482,19.893,20.461,9.1032,19.942,16.703,19.368,74.48,67.205,55.087,71.549,63.641,72.872,38.865,23.217,24.937,43.039,11.344,14.144,10.712,11.912,9.3111,4.606,8.421,13.445,9.2295,7.6366,19.314,20.14,21.184,14.845,22.206,19.651,27.093,12.801,5.4646,0.24534,0.16432,20.459,18.953,12.689,17.041,17.987,13.731,12.747,39.028,38.643,39.128,29.941,24.718,23.44,27.301,22.973,24.133,26.065,31.233,25.579,29.801,27.365,40.676,40.843,20.73,12.421,24.231,5.6276,16.619,26.366,27.737,25.715,25.429,23.951,26.649,34.417,22.022,19.561,17.318,17.82,17.355,17.222,77.261,66.826,60.005,54.842,24.986,43.84,12.383,23.2,28.378,19.583,21.611,23.641,21.369,14.69,71.335,56.396,52.072,35.465,27.631,39.236,16.646,34.29,11.801,12.802,5.9002,8.5455,8.7145,9.7429,9.3638,22.723,22.012,19.949,20.524,19.097,15.294,16.397,10.558,11.47,0.07799,0.54525,12.334,14.365,7.9301,16.399,15.708,1.7599,5.9118,26.229,5.2737,5.3643,5.9399,39.009,39.975,44.68,35.251,21.767,27.685,26.564,24.557,40.499,40.509,39.182,39.845,16.95,17.951,19.817,16.641,24.054,24.219,25.217,15.95,19.036,17.377,16.595,4.9157,4.5027,6.8079,4.8726,15.373,13.781,14.995,14.408,13.923,14.574,12.199,14.742,14.749,14.551,8.5353,8.8304,8.4652,8.5928,8.5861,4.4808,3.7086,5.1096,26.485,24.964,41.967,14.676,15.215,5.49,5.2046,5.5302,40.12,40.256,14.544,15.151,14.087,14.624
52.534,45.091,16.007,26.552,28.737,16.284,10.073,13.358,181.85,72.875,26.754,17.519,18.526,15.423,46.785,0,26.642,31.972,0.50452,38.042,10.902,9.9045,11.478,10.317,6.7937,30.031,7.3256,2.986,46.398,33.082,29.841,34.334,30.37,1.0759,24.499,14.211,10.085,5.5935,34.129,5.9388,6.754,11.313,5.8639,5.37,17.654,9.855,9.6679,7.2481,135.97,190.39,121.11,182.65,133.91,143.26,72.678,113.7,93.301,157.8,59.511,71.355,88.562,55.871,15.753,25.373,22.866,10.695,18.634,17.994,16.892,16.226,15.898,15.203,17.249,22.859,21.945,21.458,54.646,50.864,43.141,28.137,30.511,54.853,52.078,29.632,27.822,19.924,0.40847,0.44871,0.37503,6.8822,27.71,24.62,23.414,28.004,25.986,24.234,30.112,25.929,24.718,27.034,0.45899,0.76761,6.4678,11.295,5.6488,42.092,7.8348,10.552,11.185,9.9183,10.127,9.9751,3.1787,1.9276,4.7135,5.8896,7.4431,6.8596,7.153,7.2359,34.874,34.198,6.9871,5.9912,4.8506,0.06827,28.225,9.9818,17.863,7.7119,6.7907,6.5199,6.7614,13.245,144,170.09,142.15,120.17,79.377,91.532,75.237,50.705,11.824,13.043,37.285,22.681,18.144,17.017,16.6,16.378,18.843,17.473,16.877,19.17,20.41,22.364,50.199,35.568,43.281,41.85,24.259,24.071,25.247,23.49,41.413,30.423,20.638,18.377,26.04,26.446,26.606,0.36353,0.34526,0.31432,0.8366,6.1519,3.2165,25.191,25.46,0.50688,0.45008,0.97677,0.9077,8.0109,7.4814,5.777,15.683,7.6819,9.0402,7.4412,9.4107,6.9714,7.1365,8.1468,27.013,24.001,29.973,29.485,11.755,12.367,12.372,12.077,13.076,11.87,14.605,11.978,11.969,13.319,18.075,18.017,18.39,18.453,18.266,22.521,28.771,26.774,25.135,27.431,0.36593,12.704,11.75,26.106,28.54,25.795,0.78641,0.72985,12.279,12.027,12.194,11.209
19.463,14.844,1.8065,3.4002,7.7126,5.6212,4.929,4.8998,204.28,94.277,13.184,5.4202,6.0369,36.202,20.955,26.642,0,0.32606,28.349,1.8376,35.972,33.689,11.558,14.238,12.79,4.6981,33.05,26.915,15.171,9.4667,2.9609,1.3117,0.12258,19.341,4.6049,5.8354,18.162,19.675,9.786,12.723,8.4083,6.0965,11.642,14.571,5.4141,4.6541,6.3741,8.1688,161.05,163.17,134.83,169.33,148.73,161.94,96.687,88.285,88.1,123.44,56.162,65.12,61.593,55.425,7.1338,7.2647,3.5462,8.654,4.5947,7.4885,36.098,36.309,37.143,28.007,39.852,42.762,49.838,32.507,43.575,25.706,21.482,48.451,48.685,56.111,60.729,46.82,39.889,30.736,20.893,20.662,21.31,6.6224,0.16132,0.11173,0.54327,0.060673,0.11819,0.3467,1.0604,0.23938,0.84396,0.42717,26.72,28.662,21.111,15.053,24.645,6.5137,10.79,35.918,38.213,34.296,34.297,32.414,13.129,26.867,16.661,12.761,10.594,13.695,13.005,13.214,18.316,13.142,19.138,16.916,9.4509,25.992,1.1262,4.0521,1.4291,7.2136,7.538,7.2133,7.7019,4.0763,160.52,146.1,136.84,109.49,86.991,105.79,70.333,79.337,14.572,5.6655,5.2229,3.5001,5.5151,5.1678,6.0196,39.434,41.375,37.521,37.518,38.374,34.89,38.334,50.53,42.859,20.132,23.378,34.672,37.335,28.472,39.433,52.628,14.265,17.263,45.331,23.691,24.385,25.888,21.766,21.125,21.924,21.493,22.084,12.196,0.36268,0.15993,26.865,26.474,28.084,28.404,17.56,18.311,15.561,2.0365,28.703,31.25,29.67,19.488,19.172,13.258,9.5483,6.1306,8.4725,3.8757,5.7376,4.9279,5.4897,4.6011,5.2816,4.6903,5.3696,4.7221,5.1343,5.1374,4.099,5.8121,5.4665,5.6477,5.4318,5.5853,11.042,22.649,24.137,0.3556,0.17777,27.358,4.5127,5.0337,24.298,26.26,24.033,28.084,27.927,4.9812,4.8129,5.4144,6.0966
16.549,12.516,2.9419,5.1482,10.21,8.5319,7.7385,7.7427,217.35,104.26,16.792,8.2308,8.9228,43.327,24.12,31.972,0.32606,0,34.215,1.863,43.146,40.642,15.724,18.847,17.19,3.8411,36.661,30.96,12.731,8.2284,2.2261,0.45659,0.095469,23.495,6.7983,8.8695,23.328,25.05,12.211,17.092,11.963,9.242,15.818,19.221,8.2167,7.3459,9.57,11.699,173.27,171.15,145.55,178.72,159.9,173.74,106.91,94.397,95.964,129.73,62.989,72.084,66.625,62.436,10.372,9.9405,5.6129,12.332,7.1678,10.686,43.172,43.424,44.353,34.248,47.298,50.318,58.112,39.016,49.243,29.23,25.059,56.367,56.516,63.274,68.596,54.501,46.918,37.11,25.783,25.537,26.264,9.2438,0.16564,0.47954,0.83714,0.1368,0.31443,0.61468,0.55476,0.36484,0.89961,0.36207,32.423,34.633,26.68,19.759,30.62,7.4495,14.863,43.087,45.598,41.31,41.31,39.24,17.346,32.87,21.601,17.134,14.627,18.242,17.445,17.688,17.075,11.829,21.755,19.613,13.037,31.407,2.0492,6.4217,2.3084,10.535,10.863,10.378,11.071,6.7077,172.12,153.97,146.12,117.56,95.795,115.69,77.601,89.151,19.193,8.6925,6.3824,5.5684,8.3139,7.9483,8.9991,46.861,48.928,44.725,44.74,45.612,41.711,45.447,57.38,49.789,23.487,27.351,41.296,44.265,34.309,46.616,60.287,17.772,21.881,53.278,28.87,29.631,31.319,26.801,25.996,26.615,26.688,27.768,16.192,0.51133,0.38368,32.597,32.149,34.054,34.387,22.671,23.524,20.373,3.9887,35.146,37.96,36.212,24.841,24.497,17.739,13.397,8.4536,11.475,5.4407,7.7713,7.7879,8.4871,7.3768,8.2315,7.4855,8.3418,7.4939,8.0481,8.0519,6.7363,8.6761,8.2616,8.4611,8.1966,8.3923,14.592,27.512,29.329,0.51355,0.19445,33.086,7.2646,7.9214,29.553,31.62,29.272,34.01,33.824,7.8557,7.644,8.3956,9.2424
60.506,52.256,18.267,25.64,26.501,15.113,10.216,12.776,163.56,61.556,23.397,16.3,17.056,10.614,42.059,0.50452,28.349,34.215,0,38.577,6.8199,6.0803,9.4934,8.0559,5.4217,34.741,11.642,5.9451,53.631,39.013,33.965,37.536,32.192,2.6749,23.189,13.201,7.3403,3.5393,31.412,4.7947,6.4966,10.662,4.9699,4.0454,16.426,10.261,9.2757,6.9039,120.17,174.21,106.58,165.91,118.54,127.2,61.301,102.21,81.697,144.15,50.678,61.637,79.278,47.178,14.22,23.292,21.963,9.4298,17.587,16.189,11.894,11.304,10.985,10.888,12.051,16.878,15.859,16.178,46.996,45.435,38.275,21.4,23.552,46.14,43.175,22.83,21.534,14.911,0.73019,0.7524,0.63902,8.4172,29.987,26.647,25.932,30.036,28.146,26.614,33.279,28.288,27.594,29.656,0.024096,0.027917,4.0731,8.7761,3.161,40.636,6.6272,6.536,6.9944,6.0712,6.2404,6.1854,3.007,0.53864,3.2523,4.7514,6.3686,5.3126,5.6605,5.6884,42.192,40.802,10.957,9.5362,5.0956,0.23606,28.457,10.993,20.28,7.5754,6.89,6.9807,6.7945,13.015,127.98,154.8,127.25,107.02,68.096,79.014,65.078,41.19,9.3038,12.244,35.998,21.801,16.849,15.917,15.286,11.313,13.383,12.337,11.818,13.79,15.077,16.642,42.033,28.575,38.64,36.688,18.588,18.246,19.997,17.601,33.494,26.795,16.929,12.867,21.228,21.536,21.527,0.53014,0.7705,1.3206,0.48485,3.7409,3.366,27.665,27.667,0.020849,0.032154,0.087242,0.062863,5.6842,5.1671,4.1904,16.155,4.5049,5.4744,4.2698,6.625,4.6637,5.603,7.1571,25.209,21.667,28.91,27.793,11.452,11.735,12.081,11.572,12.619,11.371,13.91,11.547,11.539,13.065,16.7,16.746,17.039,17.16,16.942,19.708,23.955,21.874,27.596,29.737,0.016161,12.386,11.405,21.223,23.323,20.958,0.036596,0.027016,11.85,11.716,11.619,10.578
28.792,23.63,7.0547,2.276,5.1676,6.7716,9.1016,7.347,188.24,87.869,10.631,6.1987,6.3785,38.858,13.879,38.042,1.8376,1.863,38.577,0,40.561,38.37,13.828,16.93,17.176,11.054,49.64,41.209,23.845,17.91,8.1616,3.913,1.3608,30.517,3.6075,7.6958,21.049,24.807,5.8595,17.598,13.451,9.1316,16.658,19.702,6.1501,9.1848,10.181,12.934,149.09,139.62,122.27,147.92,135.21,148.27,90.747,71.745,75.666,101.95,48.034,55.133,47.837,48.11,8.2046,5.5555,3.2448,11.492,5.2064,7.7757,38.154,38.658,39.75,29.677,42.342,43.577,52.192,32.441,35.486,17.778,15.09,48.286,47.752,49.127,55.038,45.901,38.613,30.998,30.733,30.42,31.164,13.793,2.6119,2.8523,4.3249,2.0837,2.7588,3.7177,4.4508,3.199,4.9176,3.5649,36.713,38.569,25.881,17.346,30.203,1.995,14.766,40.664,43.062,39.071,38.972,36.86,20.047,35.233,22.179,17.662,14.799,18.012,17.19,17.349,30.212,23.078,32.371,29.289,15.826,36.764,0.78289,9.2842,6.4283,11.973,12.893,13.068,13.004,6.871,146.43,124.5,119.72,93.702,77.721,96.181,60.003,77.004,16.65,8.0358,1.6849,3.2609,6.0742,6.1668,6.9842,42.21,43.481,39.56,39.791,39.89,35.474,38.684,44.123,39.579,13.74,17.24,33.921,36.968,26.795,39.541,48.869,10.784,16.367,48.302,21.455,22.071,23.618,31.581,31.174,32.97,30.418,27.102,19.362,3.666,2.9869,36.805,36.44,37.613,38.078,21.349,22.387,20.445,4.8757,33.715,35.964,34.945,22.74,23.547,17.443,13.504,4.2267,6.9514,1.9154,3.3857,8.1141,8.201,7.6038,8.1883,7.3296,8.3471,6.7078,8.1364,8.1425,6.8494,6.3349,6.0753,6.1035,5.9108,6.0919,9.701,19.61,21.716,3.6526,2.732,37.626,7.3885,8.1831,22.076,23.466,21.885,37.851,37.739,7.8906,7.9051,8.226,9.1813
90.486,79.626,29.63,24.028,20.268,14.239,14.961,14.382,103.71,27.408,14.022,15.052,14.824,0.51809,25.946,10.902,35.972,43.146,6.8199,40.561,0,0.042221,7.0581,5.1166,6.0604,53.674,36.045,25.075,81.119,62.707,50.515,49.837,39.753,15.993,20.546,13.232,3.1734,2.7466,22.944,6.3853,10.678,12.452,7.3512,5.2947,15.125,15.97,12.286,10.664,69.914,115.44,59.502,106.96,68.499,75.132,27.291,61.087,42.882,93.782,22.387,29.676,46.112,19.804,12.281,18.032,20.905,9.3732,16.713,12.984,0.88228,0.695,0.56564,1.5436,0.75679,2.3183,1.992,3.0129,22.043,26.806,22.21,4.0953,5.1298,18.921,16.254,4.8579,4.769,2.7062,9.6145,9.533,9.3705,18.984,39.599,35.747,37.078,38.692,37.553,37.108,45.988,38.458,39.927,40.677,6.8873,5.9828,2.094,4.8585,1.4277,35.322,7.4631,0.003564,0.03806,0.029034,0.023248,0.092641,8.6325,3.6857,4.3681,6.3761,7.7244,5.4167,5.8329,5.6744,71.989,67.34,32.237,29.072,11.54,9.2878,30.548,18.848,31.925,11.913,12.271,13.695,11.956,15.831,75.71,99.783,76.16,61.706,32.218,39.455,31.659,14.71,5.2464,13.195,31.784,20.848,15.246,15.142,13.89,0.57636,1.1096,0.92994,0.77477,1.3641,2.1826,2.5098,16.716,8.5515,23.201,19.956,3.8909,3.3634,5.8827,2.8443,10.569,16.065,7.6297,1.0102,7.9808,7.9637,7.5106,8.964,10.079,12.896,6.8957,1.8766,10.05,38.376,37.326,6.7076,6.9261,5.3798,5.5739,3.2662,2.9686,4.5479,20.963,0.49107,0.18075,0.44081,2.5768,2.6759,5.6601,8.59,20.6,15.819,26.338,23.209,14.314,13.371,14.856,13.687,14.698,13.548,14.901,13.932,13.927,15.786,14.85,15.242,15.212,15.512,15.223,12.636,10.182,8.2635,38.27,39.497,7.2943,15.005,14.124,7.7875,8.5831,7.6983,5.873,6.0239,14.182,14.493,13.478,12.455
86.619,76.001,27.452,22.42,19.01,12.927,13.448,12.975,107.02,29.069,13.165,13.724,13.547,0.64873,25.177,9.9045,33.689,40.642,6.0803,38.37,0.042221,0,6.1394,4.3349,5.1106,50.715,34.142,23.453,77.46,59.495,47.663,47.084,37.374,14.582,19.092,11.926,2.5829,2.1085,21.735,5.3972,9.3866,11.123,6.2858,4.3944,13.797,14.394,10.932,9.3789,72.689,117.32,61.766,109.23,70.978,77.845,29.014,61.903,44.106,94.934,23,30.441,46.385,20.44,11.093,16.793,19.368,8.2468,15.309,11.823,1.0274,0.83882,0.72938,1.4083,1.0127,2.7057,2.5548,3.0697,22.234,26.214,21.552,4.6666,5.7127,19.594,17.11,5.3854,5.0801,2.6962,8.5433,8.4609,8.3212,17.238,37.166,33.429,34.676,36.307,35.178,34.719,43.318,36.04,37.422,38.18,6.1016,5.2989,1.5459,4.1339,0.98347,33.607,6.4175,0.035817,0.14253,0.0033566,0.0028661,0.016983,7.4775,3.0975,3.5514,5.3883,6.6515,4.5235,4.9084,4.7651,68.587,64.019,30.158,27.069,10.187,8.3552,28.6,17.118,29.668,10.553,10.879,12.217,10.583,14.328,78.377,101.51,78.154,63.188,33.609,41.26,32.552,16.087,4.5029,11.859,30.096,19.308,13.927,13.792,12.614,0.80971,1.4252,1.123,0.96119,1.5981,2.3166,2.7624,17.243,8.9367,22.463,19.428,4.0268,3.589,5.7848,3.1355,11.244,15.223,7.048,1.4209,7.6756,7.6867,7.2984,7.9462,8.9888,11.686,5.9847,1.3566,8.8019,35.947,34.95,5.9356,6.1319,4.7161,4.9071,2.6061,2.3297,3.7196,19.212,0.24579,0.048554,0.217,2.0337,2.0614,4.7503,7.4643,19.243,14.687,24.71,21.772,12.872,12.006,13.394,12.293,13.264,12.159,13.494,12.52,12.516,14.288,13.556,13.918,13.904,14.185,13.91,11.692,9.8063,7.9732,35.845,37.062,6.5025,13.541,12.694,7.5089,8.3736,7.4099,5.1803,5.3183,12.762,13.047,12.101,11.123
53.496,45.123,9.748,5.2175,4.449,1.2494,2.3138,1.4295,131.81,44.179,3.1862,1.5146,1.5095,6.8498,11.931,11.478,11.558,15.724,9.4934,13.828,7.0581,6.1394,0,0.15685,0.61196,25.137,30.27,20.64,46.085,33.008,22.223,20.319,13.595,11.226,3.7693,0.98384,0.77109,1.8707,6.437,0.92272,1.6055,1.0139,1.0617,1.1625,1.541,2.888,1.2776,1.4088,95.275,118.71,77.952,117.13,88.734,98.12,45.283,57.813,48.557,90.008,24.538,31.957,38.721,22.995,0.7434,3.2349,3.7426,0.27177,2.0659,1.0532,6.8273,6.901,7.2623,3.6437,8.4882,10.1,13.405,5.8605,18.997,14.18,10.222,13.236,13.69,22.883,23.719,12.744,9.6327,5.0331,7.8051,7.6341,7.8467,6.2814,13.902,11.758,13.031,13.204,12.767,12.837,18.248,13.438,14.887,14.848,8.7655,9.0452,1.9937,0.23075,3.3608,11.97,0.43859,7.0858,8.1146,6.4195,6.3853,5.5525,3.0245,6.4807,1.6405,0.94179,0.57705,0.60564,0.50985,0.49211,43.184,37.699,21.114,18.082,2.9602,10.078,8.2397,4.5046,10.828,1.718,2.2475,3.0833,2.1202,2.02,97.715,103.06,86.951,67.425,42.947,54.999,35.207,31.799,0.18172,1.0496,9.6949,3.7098,1.5982,1.5282,1.1606,8.2958,9.2189,7.455,7.4376,7.9039,6.6006,8.181,19.421,12.444,10.217,9.8134,7.0722,8.0222,5.2891,8.765,17.61,4.53,1.7672,11.115,4.2854,4.5466,4.9396,7.795,8.2356,10.505,6.2127,2.3605,3.5194,13.55,12.712,8.7074,8.6746,8.3348,8.6279,0.84983,1.0882,1.0777,4.1143,4.379,5.1915,4.8436,1.1066,1.3798,0.51832,0.55122,4.1666,2.5363,6.4858,5.3581,1.6331,1.1825,1.7484,1.3361,1.5822,1.316,1.5082,1.4443,1.4438,1.99,1.4854,1.5905,1.603,1.6906,1.5987,1.8569,4.8559,4.5798,13.485,13.882,9.3566,1.7565,1.5575,4.4371,5.5503,4.2963,8.6926,8.7263,1.494,1.658,1.2431,1.0311
57.824,49.103,11.693,7.1553,5.9867,2.2913,3.236,2.4358,127.3,41.086,4.0022,2.6444,2.6173,5.0584,13.312,10.317,14.238,18.847,8.0559,16.93,5.1166,4.3349,0.15685,0,0.48652,28.31,29.908,20.137,50.145,36.3,25.387,23.721,16.542,10.844,5.4096,1.9019,0.2393,1.0656,8.1064,0.78796,1.9897,1.7874,1.0434,0.82911,2.6787,3.8647,1.9709,1.8259,91.067,117.97,74.759,115.34,85.305,94.296,42.002,57.859,47.212,90.242,23.603,31.046,39.299,21.89,1.5769,4.6051,5.4226,0.71136,3.3605,1.9618,5.1059,5.135,5.4192,2.4881,6.4979,8.1416,10.884,4.637,18.813,15.38,11.294,11.103,11.659,21.659,21.958,10.811,8.1454,3.8774,7.0258,6.8698,7.0258,7.1418,16.754,14.356,15.614,16.036,15.483,15.461,21.374,16.18,17.606,17.703,7.4486,7.5588,1.0848,0.035095,2.1391,14.645,0.55093,5.1372,6.0196,4.5704,4.5426,3.8458,2.8634,5.0689,1.0947,0.80232,0.70186,0.3895,0.37091,0.33395,46.266,40.949,21.605,18.574,3.242,8.9007,10.666,5.6478,12.955,2.2714,2.7621,3.6715,2.6089,3.1426,94.043,102.28,84.973,66.151,40.796,52.158,34.121,28.566,0.054319,1.9409,12.164,5.3849,2.7492,2.6641,2.1692,6.3007,7.1829,5.6499,5.6072,6.1089,5.1346,6.5389,18.366,11.144,11.433,10.612,5.8163,6.5434,4.6015,7.0924,15.865,5.4689,1.8245,8.7701,4.06,4.2827,4.5521,6.9236,7.4563,9.7821,5.2916,1.3611,3.4861,16.256,15.399,7.3741,7.3771,6.8728,7.1481,0.29914,0.45319,0.65414,5.6759,2.8868,3.5436,3.2708,0.43133,0.6532,0.35314,0.81094,5.7782,3.6829,8.5939,7.1854,2.583,2.0721,2.7644,2.2447,2.6079,2.2058,2.5891,2.3706,2.3693,3.1114,2.5962,2.7409,2.7509,2.8686,2.7475,2.6366,4.8853,4.3569,16.185,16.72,8.0067,2.7958,2.4916,4.1614,5.2419,4.0263,7.2447,7.2943,2.4514,2.6325,2.1372,1.8014
50.792,42.669,8.9651,7.9924,7.9574,2.6196,1.9782,2.0701,141.95,49.15,6.5906,3.1057,3.3414,6.9543,17.946,6.7937,12.79,17.19,5.4217,17.176,6.0604,5.1106,0.61196,0.48652,0,23.92,22.807,14.438,43.706,30.642,21.649,21.233,15.202,6.7841,6.4288,1.939,0.93526,0.74058,10.737,0.036562,0.70321,1.2914,0.11441,0.10368,3.157,2.3606,1.1119,0.66646,103.18,133.61,86.344,130.67,97.624,107.04,49.965,68.913,57.156,103.9,30.794,39.254,48.347,28.771,2.1268,6.2514,6.0194,0.60904,3.7749,2.8854,7.2774,7.1807,7.3863,4.3947,8.6553,11.208,13.568,7.5707,25.343,20.644,15.809,14.865,15.763,28.456,28.49,14.824,11.979,6.5703,4.0489,3.9264,4.0766,4.2625,14.817,12.474,13.163,14.355,13.556,13.204,18.679,14.053,14.876,15.38,4.8437,5.1458,1.0504,0.77733,1.9302,16.752,0.091462,5.9995,6.9485,5.332,5.3545,4.6699,0.99357,3.4533,0.33342,0.039944,0.10369,0.019008,0.0079955,0.015747,38.859,34.494,15.654,13.102,1.2984,5.7417,10.652,3.6105,10.212,0.99971,1.1905,1.7584,1.0886,2.484,106.89,116.87,98.075,77.906,49.658,61.797,42.67,34.474,0.85833,1.7159,13.898,5.951,3.315,2.997,2.6296,8.303,9.5938,7.9016,7.7502,8.6442,7.911,9.5955,24.698,15.937,15.826,15.218,9.1602,9.8622,7.9792,10.31,21.304,8.4718,4.1327,10.961,7.3571,7.656,8.0054,4.039,4.3629,6.0846,2.9462,1.2643,1.3689,13.968,13.393,4.8122,4.7704,4.6501,4.8594,0.5078,0.5727,0.14313,4.6194,3.2126,4.1681,3.5182,1.0457,0.6835,0.012965,0.23767,7.328,5.4142,9.7532,8.8021,1.8526,1.6581,2.0803,1.7055,2.1185,1.643,2.4178,1.7631,1.7608,2.4786,3.2164,3.2795,3.3771,3.4562,3.3445,4.5795,8.414,7.7549,13.905,14.738,5.2764,2.1628,1.7951,7.4933,8.9212,7.3117,4.8773,4.8882,1.8692,1.9337,1.6634,1.2803
