0,3.9795,3.8594,4.3051,1.8863,16.338,9.2205,9.7361,13.763,165.39,150.84,172.17,192.36,91.415,330.65,164.26,133.15,127.7,22.469,43.088,36.452,36.533,43.183,24.969,23.953,21.981,14.335,22.468,25.635,25.762,26.027,11.339,26.374,3.4044,12.875,15.874,23.377,10.82,1.6237,23.585,24.037,32.854,9.5401,6.7133,12.202,18.76,14.982,15.466,15.764,17.591,16.396,14.544,220.15,146.78,203.37,172.99,125.16,127.4,83.833,70.929,86.455,69.192,64.823,65.114,63.72,63.152,66.322,61.924,69.749,63.308,64.811,66.061,65.621,91.09,55.657,43.114,53.652,187.91,203.62,195.74,184.93,138.66,164.03,153.97,132.32,110.97,86.273,107.09,93.351,92.075,30.541,25.722,30.75,28.299,32.066,31.831,28.625,30.559,26.555,20.545,22.017,15.489,39.715,36.99,24.993,20.336,25.634,43.668,32.241,18.809,54.104,16.735,23.294,24.125,23.176,24.492,22.82,25.045,26.674,26.173,27.105,23.007,25.963,8.2063,18.077,10.411,1.3682,18.193,1.3983,3.1691,25.551,19.986,7.9575,7.9385,9.4999,24.76,10.47,11.562,92.365,76.567,75.73,82.26,62.556,61.84,66.12,68.852,54.402,52.607,58.888,71.899,50.515,66.802,50.126,69.133,56.321,55.441,71.481,53.822,142.29,149.08,91.927,121.36,169.2,141.53,108.87,111.84,30.818,29.497,31.905,33.68,39.497,30.1,21.134,33.139,24.318,22.265,25.554,44.451,23.003,32.4,47.153,27.042,49.421,24.752,25.879,37.503,38.586,38.627,48.319,44.209,34.55,42.787,40.966,14.022,23.95,26.039,29.302,57.921,23.572,26.571,28.717,27.926,25.183,15.483,7.9075,13.587,15.162,11.527,14.734,13.863,56.626,53.532,145.73,135.3,43.802,26.658,38.321,25.909,22.737,84.885,89.585,104.2,107.96,56.238,57.579,58.821,56.142,54.097,54.487,39.635,39.701,54.949,53.772,13.021,14.126,12.762,13.462,12.026,13.24
3.9795,0,0.17786,0.093873,0.47846,10.197,3.9717,8.725,10.078,122.77,112.64,131.35,146.55,60.551,273.12,131.71,97.061,89.828,9.6914,37.74,33.895,30.089,38.524,9.1788,16.57,8.1926,4.0984,9.6234,11.379,11.334,11.511,27.971,43.163,13.475,31.012,26.941,33.279,19.426,3.2013,27.647,29.043,32.671,1.2114,0.47773,2.6697,10.77,7.2389,7.0363,11.067,10.498,9.9282,11.003,175.2,104.88,153.68,135.76,99.008,91.536,62.27,50.521,55.462,41.921,43.802,49.774,45.136,44.326,48.082,43.658,50.401,43.726,45.498,46.355,47.328,67.254,38.34,28.244,38.081,150.22,154.84,157.81,148.57,97.38,128.37,112.27,94.307,83.892,60.005,76.012,66.059,64.303,15.243,11.719,15.557,13.493,16.39,16.552,14.024,15.065,12.153,6.5709,9.7037,3.8586,36.257,30.119,9.6531,6.4154,9.5715,36.849,25.878,6.12,45.254,5.0696,8.7916,9.2085,9.076,9.411,9.9706,10.266,13.78,11.664,13.925,10.497,11.463,22.238,34.424,22.801,1.6265,26.453,2.3312,6.2961,33.016,28.859,1.2802,0.68093,4.7031,12.641,6.3631,7.5525,65.77,59.386,54.499,61.876,43.872,42.931,46.916,49.179,35.213,33.194,41.587,50.395,31.799,44.768,32.406,49.67,40.387,39.948,50.75,34.334,102.77,107.39,60.006,85.595,134.86,111.04,77.371,81.09,15.393,14.353,16.278,17.342,24.222,14.615,8.5149,16.203,8.8077,7.7007,9.6612,38.305,8.0278,13.94,40.685,10.561,42.135,9.0438,9.9049,29.835,31.161,30.608,40.564,36.314,29.186,34.803,36.042,3.4584,9.0774,10.25,12.602,47.726,10.863,12.396,14.047,13.369,10.931,30.802,21.415,9.0418,10.625,7.2059,9.5597,9.4033,40.946,38.041,109.86,95.32,38.676,12.09,30.736,11.446,8.771,60.998,65.999,74.388,84.846,40.444,42.003,42.807,40.229,38.359,38.641,32.124,32.023,38.951,38.636,9.9416,9.5427,10.731,9.9049,9.0093,9.4141
3.8594,0.17786,0,0.53014,0.3517,7.8434,2.5639,6.4187,7.6098,119.92,108.91,127.27,143.27,58.505,267.3,125.51,93.724,87.786,8.3745,32.877,29.195,25.835,33.577,9.2642,13.571,7.521,3.4478,8.3361,10.133,10.147,10.315,28.317,39.236,12.266,29.921,23.595,29.117,16.578,4.1034,23.492,24.82,28.028,1.4259,0.41011,2.3448,8.5049,5.466,5.3829,8.5139,8.1822,7.6353,8.4124,169.98,103.31,151.64,130.42,93.165,88.539,57.673,46.504,54.076,40.647,40.421,45.019,41.184,40.477,43.861,39.761,46.204,40.062,41.648,42.514,43.169,62.764,34.69,25.044,34.173,144.29,152.24,151.59,142.41,96.332,123.03,109.89,91.908,79.042,56.563,72.667,62.42,60.921,13.618,10.342,13.857,12.021,14.688,14.728,12.413,13.52,10.805,6.6715,8.2752,3.9695,31.418,25.889,9.2245,6.5872,9.6769,32.129,21.951,5.6579,40.123,4.5676,8.239,8.7156,8.2836,8.9322,8.6191,9.4249,11.83,10.436,12.012,8.9735,10.272,20.61,31.425,20.338,2.2317,22.746,1.5756,4.7408,28.632,24.987,0.80599,0.9179,3.1193,10.707,4.4519,5.4502,61.98,54.281,50.356,57.101,40.031,39.203,42.942,45.125,32.185,30.405,37.684,46.6,28.992,41.53,29.335,45.544,36.36,35.889,46.777,31.452,100.26,105.45,58.482,83.058,128.89,105.42,74.049,77.284,13.778,12.829,14.58,15.672,21.481,13.14,7.3927,14.892,8.8573,7.599,9.5683,33.446,8.0714,13.932,35.686,10.491,37.092,9.1342,9.7591,25.682,26.89,26.422,35.655,31.703,24.94,30.305,31.275,3.1709,8.6057,9.8569,11.96,42.549,9.3214,10.945,12.45,11.853,9.7714,27.998,19.706,6.7474,8.1204,5.1693,7.2277,7.0555,36.841,34.124,105.6,93.749,33.739,10.799,26.508,10.247,8.0089,56.934,61.541,70.804,79.212,36.392,37.807,38.616,36.211,34.455,34.732,27.787,27.705,35.041,34.623,7.475,7.1818,8.1472,7.4558,6.6675,7.0394
4.3051,0.093873,0.53014,0,0.79822,12.121,5.2123,10.625,12.089,124.98,115.5,134.45,149.07,62.204,277.46,136.37,99.639,91.464,10.851,41.484,37.526,33.39,42.331,9.3163,18.959,8.8828,4.7803,10.762,12.484,12.396,12.58,27.983,46.273,14.601,32.07,29.618,36.545,21.739,2.7813,30.897,32.344,36.266,1.2702,0.74506,3.1171,12.627,8.7392,8.4486,13.138,12.394,11.808,13.104,179.13,106.16,155.3,139.79,103.42,93.867,65.791,53.622,56.635,43.022,46.442,53.421,48.194,47.31,51.335,46.676,53.636,46.574,48.481,49.331,50.537,70.691,41.181,30.765,41.113,154.67,156.85,162.48,153.19,98.288,132.41,114.15,96.201,87.584,62.678,78.606,68.873,66.929,16.621,12.92,16.989,14.761,17.823,18.074,15.393,16.385,13.333,6.7009,10.945,3.9859,39.988,33.402,10.164,6.4939,9.694,40.487,28.942,6.6605,49.186,5.641,9.3941,9.7669,9.8531,9.9588,11.155,11.076,15.397,12.755,15.517,11.807,12.528,23.677,36.86,24.841,1.419,29.387,3.1113,7.6602,36.438,31.914,1.8413,0.72547,6.0721,14.25,7.9709,9.299,68.695,63.283,57.691,65.527,46.849,45.826,49.989,52.309,37.6,35.407,44.613,53.335,34.028,47.301,34.827,52.853,43.505,43.09,53.818,36.614,104.74,108.95,61.278,87.593,139.35,115.29,79.947,84.019,16.764,15.659,17.708,18.751,26.409,15.884,9.534,17.351,8.9717,7.9763,9.9276,42.045,8.1972,14.14,44.525,10.811,46.006,9.1778,10.21,33.06,34.472,33.856,44.337,39.871,32.483,38.278,39.718,3.8766,9.6205,10.734,13.265,51.688,12.186,13.65,15.406,14.67,11.973,33.095,22.911,10.926,12.662,8.9041,11.47,11.327,44.121,41.079,113.1,96.609,42.474,13.227,34.016,12.517,9.5264,64.128,69.414,77.158,89.115,43.58,45.245,46.044,43.341,41.388,41.674,35.484,35.368,41.983,41.745,11.954,11.475,12.831,11.904,10.931,11.358
1.8863,0.47846,0.3517,0.79822,0,9.7941,3.8728,6.8095,8.868,133.03,121.04,140.32,157.51,67.763,286.06,136.92,105.06,99.148,11.91,35.582,30.997,28.628,36.108,13.15,16.15,11.105,5.9561,11.88,14.084,14.127,14.325,22.357,34.919,8.8932,24.078,20.767,26.962,14.293,2.4479,23.089,24.16,29.094,3.0189,1.4857,4.5125,10.976,7.6687,7.7445,10.11,10.404,9.6604,9.6759,184.73,115.7,166.55,142.89,102.51,99.674,65.144,53.399,63.112,48.52,47.249,50.684,47.506,46.831,50.186,45.965,52.852,46.57,48.148,49.129,49.485,70.877,40.512,29.953,39.572,157.13,167.1,164.62,154.95,108.33,135.03,122.54,103.46,88.27,64.992,82.503,71.235,69.778,18.032,14.269,18.27,16.227,19.246,19.216,16.612,17.961,14.841,10.006,11.715,6.5955,33.545,28.801,13.179,9.8772,13.637,35.219,24.591,8.8286,43.986,7.4464,11.99,12.568,12.009,12.828,12.19,13.373,15.651,14.456,15.904,12.51,14.275,16.213,26.874,16.764,1.09,20.905,0.76916,3.5912,27.297,23.027,2.175,2.1801,4.362,14.288,5.6169,6.6612,70.645,60.637,57.548,64.289,46.339,45.534,49.459,51.814,38.323,36.516,43.601,53.737,34.901,48.606,35.049,52.199,41.915,41.324,53.752,37.622,112.3,117.92,67.851,93.982,140.75,115.98,84.004,87.203,18.227,17.157,19.122,20.417,26.329,17.552,10.803,19.674,12.673,11.19,13.556,36.389,11.729,18.657,38.781,14.646,40.45,12.994,13.792,28.803,29.985,29.661,39.101,35.073,27.405,33.658,33.815,5.6338,12.436,13.932,16.407,46.834,12.925,14.953,16.664,16.002,13.687,23.679,15.498,8.1952,9.6489,6.4481,8.8797,8.499,42.35,39.503,117.24,105.56,36.406,14.862,29.634,14.242,11.682,64.893,69.566,80.355,87.559,41.915,43.321,44.26,41.756,39.903,40.214,30.934,30.894,40.569,39.933,8.5505,8.6675,8.9542,8.668,7.675,8.3031
16.338,10.197,7.8434,12.121,9.7941,0,1.4415,1.7361,0.3793,88.593,74.2,88.822,107.31,38.955,208.08,77.702,62.775,64.367,3.6689,8.9598,7.9034,5.3116,9.4859,12.115,0.79121,6.5011,4.5391,3.7883,5.0769,5.3797,5.4409,50.89,33.772,20.964,43.868,18.776,18.282,13.667,21.976,9.4609,10.864,8.4247,9.2703,7.5606,5.9706,0.21527,0.55489,0.87714,0.16131,0.057009,0.010147,0.45269,121.71,80.799,121.64,85.674,51.24,59.959,26.493,19.792,38.805,28.17,17.553,16.259,15.91,15.744,17.009,15.026,18.891,16.126,16.642,17.342,16.692,31.035,12.111,6.7836,10.865,95.39,119.14,100.63,92.739,77.571,79.094,82.121,66.064,43.142,30.376,44.448,34.368,34.298,5.4853,4.5592,5.2927,5.1673,5.8393,5.2974,4.7603,5.8006,4.9911,10.631,3.0932,9.2987,8.7061,5.2916,8.9424,11.046,12.509,8.3318,3.6314,6.6273,12.491,5.8433,7.606,8.2454,6.296,8.4638,3.6461,6.7414,2.8989,5.3596,3.1583,3.0569,5.4379,28.746,31.824,22.069,17.417,13.991,8.1793,7.299,14.983,15.487,5.035,9.5056,1.0897,2.3006,0.64992,0.44441,33.321,22.194,22.351,25.411,15.438,15.222,17.178,18.574,12.659,12.328,13.442,20.733,11.176,19.043,10.344,18.635,12.064,11.626,20.177,12.724,72.86,80.588,41.78,57.555,81.603,62.56,45.747,46.215,5.6363,5.4437,5.7851,6.6649,6.0143,5.8909,4.0561,7.9111,11.628,9.8995,11.189,9.1095,11.1,14.687,10.252,11.933,10.913,12.064,10.986,5.1477,5.7109,5.4749,10.094,8.0257,5.0743,7.3232,8.2258,6.4705,8.2998,9.561,9.5189,13.874,3.1755,4.5803,4.8489,4.8457,5.2853,29.111,27.016,0.18053,0.17366,0.42322,0.06345,0.1843,12.17,10.802,68.728,72.267,9.4609,5.2737,5.5266,5.3844,6.2944,27.972,30.156,41.713,40.349,12.01,12.592,13.194,11.983,11.078,11.26,6.1268,6.0798,11.482,10.864,0.58884,0.15612,1.0695,0.41927,0.63695,0.3427
9.2205,3.9717,2.5639,5.2123,3.8728,1.4415,0,1.9224,1.6086,99.397,86.557,102.74,120.04,44.923,230.61,95.837,73.554,71.856,3.6137,17.359,15.228,12.222,17.975,8.7326,4.3376,4.8329,2.0352,3.6636,5.1416,5.3159,5.4215,39.684,34.676,15.609,36.419,19.279,21.358,13.294,12.478,13.792,15.183,15.071,3.8912,2.5258,2.3873,1.81,0.69601,0.82858,1.8535,1.5999,1.3504,2,139.78,87.811,131.72,102.39,66.97,69.72,37.682,29.076,42.923,31.161,25.164,26.536,24.612,24.207,26.4,23.502,28.457,24.229,25.213,25.976,25.92,42.413,19.677,12.537,18.782,113.88,130.58,120.01,111.6,82.976,95.489,91.407,74.597,56.251,39.308,54.155,44.084,43.387,6.856,4.9428,6.8524,5.9963,7.5111,7.2292,5.9387,6.9886,5.3799,6.809,3.2537,4.9351,16.625,12.225,6.9225,7.0094,9.1287,16.648,9.5918,4.1236,22.419,3.2292,5.7555,6.3157,5.039,6.5299,3.7049,5.7704,4.6661,5.4277,4.8858,3.5304,5.4013,23.719,30.187,19.773,9.0516,16.134,3.5337,4.4471,19.222,17.964,1.2522,3.8284,0.049534,3.8574,0.38982,0.70618,43.314,33.868,32.176,36.845,23.844,23.359,26.079,27.804,18.866,17.905,21.726,29.629,16.655,26.468,16.352,28.025,20.401,19.958,29.406,18.58,82.034,88.62,46.496,65.989,99.474,78.603,55.481,57.16,7.0083,6.495,7.4348,8.3912,10.552,6.8764,3.4132,8.7495,8.2863,6.781,8.3359,17.672,7.6584,12.153,19.282,9.1445,20.248,8.6494,8.301,12.036,12.883,12.534,19.151,16.267,11.724,15.262,16.259,3.006,6.3001,7.5375,8.4022,24.224,3.7437,5.2117,6.0034,5.7465,5.1039,27.144,22.334,1.1049,1.6941,0.56621,1.2324,1.2419,20.674,18.728,82.07,78.875,18.021,5.5344,12.61,5.3612,4.9223,38.153,41.39,51.823,54.822,20.387,21.333,22.015,20.29,19.022,19.243,13.505,13.439,19.499,18.986,1.6824,1.2778,2.2682,1.5676,1.3624,1.3385
9.7361,8.725,6.4187,10.625,6.8095,1.7361,1.9224,0,0.54866,115.13,98.388,115.01,136.29,57.054,246.68,99.816,85.276,87.163,9.1346,11.908,8.8668,8.5724,12.031,18.627,3.8092,12.196,7.8382,9.2784,11.485,11.862,11.988,35.481,21.227,11.035,28.449,9.6643,10.519,5.8594,16.274,5.6079,6.4254,7.7576,10.689,7.7718,8.5709,3.1298,2.9621,3.6613,1.0684,2.4057,1.9235,0.61081,151.45,105.97,152.36,110.33,68.822,82.069,40.129,32.25,56.532,43.324,29.98,25.833,27.1,27.025,28.155,25.965,30.764,27.786,28.25,29.208,27.831,46.121,22.242,14.961,20.004,120.77,149.64,126.37,117.38,101.96,102.7,107.72,89.205,60.649,46.364,63.595,51.18,51.253,12.855,10.889,12.644,12.101,13.516,12.793,11.653,13.247,11.568,15.914,8.3254,13.003,10.37,8.8212,15.509,16.243,19.188,12.168,6.6101,11.44,17.974,9.997,13.697,14.573,12.284,14.892,9.1841,13.219,8.8823,11.924,9.3082,8.4869,11.971,16.452,18.931,11.456,12.807,7.0122,4.0622,2.2665,9.008,8.212,5.825,10.19,1.3898,7.7541,0.71533,0.57691,49.77,33.244,35.449,38.38,26.617,26.475,28.8,30.565,23.613,23.266,23.738,33.772,21.66,32.05,20.343,30.535,21.53,20.818,32.821,23.776,97.085,105.87,60.225,79.281,104.76,82.89,65.162,65.459,13.085,12.64,13.426,14.763,14.145,13.282,9.2807,16.161,17.977,15.719,17.893,12.591,17.094,23.053,14.046,19.015,15.286,18.517,17.781,9.1586,9.6413,9.7439,14.689,12.507,7.6047,11.786,10.823,9.7362,14.583,16.404,17.145,20.29,8.7512,11.076,11.779,11.643,11.63,16.771,15.131,0.8055,0.93922,0.71914,1.1369,0.78949,21.519,19.894,91.721,96.146,12.311,11.922,9.5339,11.898,12.172,42.796,45.052,60.177,55.744,21.399,21.936,22.828,21.427,20.326,20.585,10.16,10.212,20.909,19.784,0.35064,0.85315,0.21026,0.48952,0.27056,0.54174
13.763,10.078,7.6098,12.089,8.868,0.3793,1.6086,0.54866,0,100.1,84.302,99.705,119.77,46.92,223.96,85.916,72.257,74.477,6.1459,8.9354,7.0354,5.6619,9.2452,15.604,1.5096,9.3289,6.2814,6.2878,8.0112,8.3704,8.4577,44.473,27.033,16.456,36.899,13.825,13.636,9.5017,20.202,6.6023,7.712,6.834,10.484,8.1157,7.5181,1.1661,1.462,2.0019,0.086303,0.73024,0.49353,0.021361,133.78,92.174,135.36,95.375,57.521,69.392,31.448,24.431,46.853,35.085,22.42,19.3,19.995,19.909,20.971,19.017,23.194,20.535,20.957,21.777,20.675,36.693,15.828,9.7801,14.03,105.2,132.56,110.49,102.12,88.788,88.314,93.381,76.196,49.768,36.845,52.396,41.138,41.232,8.7141,7.4075,8.4845,8.255,9.1789,8.5074,7.7765,9.0943,7.9633,13.566,5.4211,11.516,8.1048,5.7739,12.261,13.968,16.082,8.7669,3.9779,9.1321,13.521,8.0323,10.66,11.43,9.2114,11.7,6.1429,9.8616,5.3711,8.3724,5.7202,5.4388,8.4502,22.998,25.28,16.77,16.028,9.8765,6.4965,4.8934,11.069,11.174,5.6992,10.393,1.1072,4.5365,0.43541,0.18761,39.868,25.775,27.234,29.994,19.56,19.421,21.452,22.986,16.988,16.741,17.138,25.721,15.375,24.229,14.221,22.978,15.333,14.758,24.917,17.154,83.445,91.871,50.102,66.988,90.381,70.18,53.826,54.032,8.9043,8.6315,9.1098,10.209,9.1644,9.1862,6.4973,11.661,15.029,13.001,14.698,9.3297,14.337,18.987,10.562,15.623,11.471,15.528,14.517,5.8791,6.3604,6.3115,10.804,8.7972,5.0945,8.129,8.078,8.336,11.472,13.019,13.24,15.313,5.617,7.4762,7.8874,7.8546,8.2238,22.894,21.424,0.075286,0.052361,0.2661,0.14858,0.049664,15.356,13.943,78.084,83.051,9.3639,8.3005,6.2278,8.385,9.171,33.673,35.739,49.258,45.711,15.234,15.741,16.477,15.245,14.295,14.51,6.7981,6.8035,14.778,13.889,0.023946,0.058419,0.17632,0.0018348,0.061137,0.012406
165.39,122.77,119.92,124.98,133.03,88.593,99.397,115.13,100.1,0,1.9803,2.1732,1.0869,10.904,32.115,19.224,2.7671,2.8075,66.09,87.828,101.01,82.209,91.196,67.672,79.959,67.561,82.707,66.047,60.806,60.6,60.196,262.99,223.61,193.29,255.43,184.35,173.89,170.16,165.04,137.17,142.72,113.19,101.23,108.01,89.265,80.436,84.607,82.29,94.584,84.294,87.364,100.2,9.1576,2.5075,3.5485,9.4481,25.257,2.8842,29.205,31.158,13.697,21.469,29.411,47.895,36.353,35.582,37.645,37.282,34.356,33.339,34.147,33.008,37.412,23.448,40.244,49.049,45.96,13.723,2.3904,16.266,16.223,5.0622,10.337,0.4126,1.8831,18.119,16.793,8.3719,14.828,13.846,54.183,60.79,54.093,57.047,52.314,53.018,56.872,53.991,59.469,74.964,67.132,84.9,96.747,80.281,63.886,76.02,66.874,80.927,82.683,74.075,73.152,77.976,65.889,64.869,65.214,64.377,65.536,62.148,61.355,59.976,60.441,65.644,60.294,217.77,224.54,198.74,152.57,164.2,139.23,144.54,157.74,167.74,101.18,106.71,100.26,64.544,101.35,100.59,16.304,43.138,29.098,32.807,36.001,35.313,34.533,33.252,35.181,35.067,40.285,28.045,37.15,26.825,39.666,33.935,44.781,46.281,30.231,34.607,0.89875,1.3333,11.484,3.4124,15.784,17.067,7.7671,9.2409,53.781,55.425,52.518,50.147,48.81,54.507,68.281,50.464,68.335,70.319,65.299,84.176,70.335,56.973,83.028,63.352,79.537,68.045,64.42,76.736,77.823,75.207,77.192,76.058,87.188,75.542,89.638,85.032,65.247,62.551,56.809,67.856,64.715,59.593,56.701,57.676,61.499,217.96,213.1,96.728,95.628,99.429,93.394,96.85,45.681,46.235,4.8076,3.1713,88.995,59.267,77.108,60.375,66.015,22.434,23.935,10.397,30.062,45.264,46.11,44.643,44.85,45.397,45.034,77.475,76.734,44.525,47.479,103.22,96.161,108.08,100.86,104.24,99.895
150.84,112.64,108.91,115.5,121.04,74.2,86.557,98.388,84.302,1.9803,0,0.72022,3.6817,8.9471,34.975,9.3894,0.60313,4.2001,57.031,67.811,79.999,63.987,70.673,62.983,64.811,60.334,73.83,57.083,52.603,52.601,52.22,243.38,194.99,173.56,232.1,159.68,148.07,147.7,153.77,114.14,119.1,91.166,93.25,98.448,80.733,67.11,72.194,70.454,79.088,70.434,73.255,84.077,7.2766,6.8237,10.568,3.6419,13.116,1.3225,17.475,20.093,13.184,19.412,19.968,32.868,24.553,24.112,25.12,25.446,22.407,22.617,22.909,21.974,25.04,13.03,28.473,37.051,32.816,6.9074,7.8382,8.9456,8.2894,10.162,3.7637,2.9252,2.6007,8.4917,9.7251,3.8011,7.8354,7.6219,45.683,52.191,45.387,48.631,43.833,44.093,48.069,45.75,51.12,69.44,57.619,78.28,75.877,62.314,57.907,70.619,62.356,61.909,65.108,66.762,54.244,70.091,59.251,58.553,57.883,58.17,56.44,55.04,51.03,51.931,50.328,56.026,52.32,195.27,198.07,175.28,141.31,140.11,124.8,127.39,132.61,143.01,90.978,98.268,86.836,53.879,86.918,85.705,8.663,28.256,18.16,20.145,24.483,24.137,22.983,21.758,25.603,26.096,27.975,17.965,27.806,18.165,29.299,22.19,31.56,32.783,19.413,25.478,2.103,4.7579,11.123,2.766,7.2871,7.4561,3.447,3.548,45.361,47.061,44.022,42.048,37.965,46.409,59.554,43.399,63.437,64.654,60.286,64.548,65.17,53.362,63.261,58.666,60.068,63.327,59.335,59.31,60.034,57.879,58.226,57.782,68.469,57.544,69.62,77.07,58.956,56.861,51.033,49.495,55.154,50.92,47.959,49.049,53.474,192.39,190.68,81.698,80.154,84.832,78.586,81.668,32.176,33.034,0.61886,6.5552,68.718,51.118,59.486,52.368,58.683,12.928,13.462,4.7231,16.903,31.925,32.363,31.117,31.637,32.341,32.018,59.589,58.967,31.58,33.907,87.134,81.011,91.25,85.035,88.381,84.355
172.17,131.35,127.27,134.45,140.32,88.822,102.74,115.01,99.705,2.1732,0.72022,0,2.1053,14.616,25.683,9.0606,2.6289,7.2235,70.482,79.493,92.948,76.04,82.506,77.105,78.13,74.236,89.102,70.546,65.586,65.595,65.169,270.1,216.25,195.8,257.53,179.53,166.42,167.26,175.52,130.3,135.53,105.08,110.36,115.99,96.692,81.147,86.959,85.114,93.998,84.745,87.831,99.376,3.5184,8.9381,9.1202,2.6542,15.662,3.8748,23.367,27.172,19.657,27.435,27.636,40.91,32.405,32.006,32.755,33.49,29.654,30.463,30.617,29.544,32.734,18.202,37.195,47.279,41.865,4.9787,6.023,6.5494,6.5688,13.181,3.3589,4.0635,5.1086,11.973,15.329,7.7114,12.798,12.736,57.783,65.1,57.43,61.115,55.691,55.943,60.45,57.878,63.916,84.269,71.101,94.008,88.305,74.237,71.536,85.56,76.401,73.219,77.614,81.35,64.254,85.015,73.037,72.259,71.51,71.832,69.818,68.349,63.62,64.843,62.856,69.311,65.281,218.46,220.37,196.77,162.17,158.43,144.16,146.55,149.76,161.35,107.82,115.81,102.96,66.781,102.88,101.46,13.694,35.15,24.764,26.254,32.441,32.155,30.572,29.067,34.42,35.136,36.375,24.914,37.086,25.635,38.616,29.485,40.318,41.666,26.427,34.371,3.9008,6.471,17.066,5.9477,6.5776,8.6534,7.2269,6.9883,57.424,59.349,55.904,53.696,48.632,58.631,73.316,55.284,77.619,78.998,74.139,75.933,79.546,66.354,74.344,72.326,70.784,77.486,73.089,71.031,71.694,69.425,68.938,68.825,80.941,68.7,81.586,92.687,72.705,70.366,63.872,58.938,68.34,63.669,60.332,61.569,66.571,214.55,213.56,97,95.188,100.55,93.602,96.934,40.928,42.102,1.5403,9.3913,80.389,63.926,71.141,65.334,72.4,18.629,18.769,8.8026,20.871,40.703,41.037,39.632,40.413,41.331,40.961,71.131,70.472,40.465,42.984,102.77,96.212,107.13,100.51,104.2,99.825
192.36,146.55,143.27,149.07,157.51,107.31,120.04,136.29,119.77,1.0869,3.6817,2.1053,0,18.7,21.529,19.564,6.0748,7.3751,83.407,102.87,117.6,97.725,106.42,85.855,97.061,85.45,102.27,83.382,77.556,77.365,76.906,296.56,250.37,221.33,287.38,209.41,197.1,194.88,192.55,157.69,163.57,130.97,123.06,130.36,109.68,98.438,103.51,101.07,113.64,102.63,106.02,119.74,5.3443,5.9814,2.6593,9.0124,29.118,6.8456,37.19,40.611,22.497,32.165,39.603,58.498,46.751,46.035,47.77,47.916,44.007,43.739,44.373,43.066,47.612,30.558,51.714,62.372,57.821,12.119,1.0347,14.082,14.866,9.6573,10.612,2.6684,5.81,23.154,24.465,13.979,21.71,20.921,69.842,77.446,69.681,73.179,67.674,68.366,72.876,69.687,75.987,94.01,84.484,105.04,112.7,95.64,81.45,95.205,84.963,95.52,98.763,92.809,86.146,97.118,83.64,82.524,82.765,81.98,82.765,79.308,77.601,76.639,76.614,82.753,77.019,246.96,252.6,225.84,178.99,187.38,163.78,168.81,179.46,190.94,122.67,129.08,120.83,81.172,121.72,120.69,23.265,52.329,37.967,41.051,46.533,45.922,44.609,42.983,46.787,46.954,51.354,37.347,49.328,36.781,51.882,43.648,56.282,57.934,39.605,46.311,3.9553,4.3051,19.632,8.157,15.667,19.289,13.216,14.26,69.397,71.317,67.908,65.253,62.684,70.321,85.985,65.871,86.589,88.767,83.148,98.857,88.827,73.774,97.335,80.966,93.396,86.274,82.146,91.85,92.858,90.106,91.049,90.329,103.22,89.954,105.03,105.03,82.957,79.965,73.402,80.157,81.703,76.05,72.694,73.852,78.39,245.85,241.91,116.27,114.84,119.49,112.59,116.35,57.174,58.118,6.7374,7.5258,104.02,75.801,92.14,77.105,83.676,30.204,31.21,16.203,35.664,56.79,57.503,55.842,56.375,57.187,56.766,92.365,91.578,56.185,59.371,123.17,115.58,128.32,120.61,124.41,119.64
91.415,60.551,58.505,62.204,67.763,38.955,44.923,57.054,46.92,10.904,8.9471,14.616,18.7,0,77.744,25.953,4.9218,3.1817,23.421,45.929,54.022,39.892,48.49,24.82,34.643,24.203,33.55,23.38,20.264,20.125,19.893,166.96,142.67,113.42,162.13,110.56,104.9,98.535,91.265,77.562,81.838,62.177,45.888,50.314,37.802,33.461,35.465,33.824,43.337,36.056,38.035,47.23,32.359,7.6661,22.966,20.624,20.412,3.4452,12.481,10.485,0.62589,2.0024,7.4419,21.711,12.509,11.759,14.214,12.729,12.625,10.071,11.11,10.577,13.844,9.9997,13.272,16.518,17.103,27.782,22.33,31.755,28.957,7.353,19.013,8.1735,3.7737,11.184,3.5009,2.4816,3.892,2.759,16.683,20.313,16.692,18.204,15.7,16.202,18.198,16.521,19.531,29.129,24.117,35.252,51.717,38.562,22.155,29.842,24.387,40.887,39.056,28.193,37.863,30.587,23.254,22.686,22.791,22.409,23.108,20.994,21.146,19.776,20.564,23.287,19.948,133.02,140.99,119.64,81.986,96.22,72.448,77.096,93.472,99.362,45.658,49.563,45.69,23.034,46.851,46.613,4.7871,21.177,10.207,14.821,11.917,11.189,11.768,11.531,8.992,8.3796,14.199,8.3445,9.4074,5.9735,11.263,12.133,16.937,17.841,9.9215,8.3732,5.6051,7.4849,0.40775,2.1684,24.575,18.395,2.4767,4.4731,16.451,17.314,15.81,14.484,15.284,16.768,24.658,14.477,25.159,26.162,23.251,43.551,26.319,18.756,43.422,22.171,41.408,25.041,22.694,36.026,37.147,35.181,39.34,37.36,43.098,36.58,46.711,35.096,22.918,21.414,18.035,34.896,22.742,19.658,18.089,18.592,20.64,135.36,129.48,44.306,43.948,45.72,42.122,44.483,17.709,17.279,9.9143,5.2436,47.002,19.389,36.533,19.998,23.268,7.5401,9.9713,3.3293,19.56,17.284,18.298,17.518,16.94,16.795,16.625,37.174,36.632,16.362,18.297,49.057,44.04,52.653,47.401,49.525,46.604
330.65,273.12,267.3,277.46,286.06,208.08,230.61,246.68,223.96,32.115,34.975,25.683,21.529,77.744,0,39.641,44.56,53.868,181.24,183.35,204.5,181.5,187.4,190.42,190.02,187.05,210.43,181.35,173.35,173.36,172.67,461.6,378.7,361.13,442.67,332.49,311.03,317.85,335.37,261.19,268.18,222.62,242.14,250.76,221.92,196.66,206.44,203.8,215.28,202.02,206.74,223.13,11.605,49.366,27.917,28.134,63.744,48.691,90.844,101.37,87.031,104.34,104.77,121.96,111.35,111.08,110.65,113.56,105.1,109.03,108.54,106.6,110.93,81.067,121.2,140.15,128.21,25.281,23.165,24.281,28.434,58.645,32.479,39.357,48.955,64.728,79.674,61.392,73.375,73.954,160.48,172.56,159.86,166.03,156.97,157.32,164.89,160.66,170.63,201.97,182.18,217.3,196.77,178.86,182.37,203.88,189.21,174.59,185.52,198.2,158.01,204,184.99,183.65,182.76,182.93,180.17,177.67,169.75,172.14,168.56,179.28,172.85,390.24,388.16,358.94,316.87,302.3,291.09,293.14,287.09,305.52,238.76,250.27,230.68,174.84,229.97,227.47,74.875,109.46,96.15,95.288,111.91,111.87,107.9,104.74,118.3,120.13,118.67,98.051,123.59,101.36,125.66,105.16,124.98,127.15,100.17,118.55,43.451,44.835,81.297,54.152,34.519,48.072,60.068,58.276,159.89,163.1,157.33,153.64,143.7,161.92,185.79,156.28,191.35,193.91,185.99,177.93,194.49,172.74,174.62,182.94,168.83,191.03,184.38,174.3,174.72,171.64,166.8,168.41,189,168.85,187.1,215.75,184.35,180.39,170.04,149.21,177.71,170.21,164.7,166.76,174.94,381.26,383.55,220.43,217.18,226.28,215.28,220.19,125.65,128.57,37.658,54.322,184.26,170.65,174.09,172.93,184.18,84.3,82.439,63.815,77.561,125.53,125.38,122.98,125.19,127.31,126.65,173.51,172.59,125.79,129.63,228.46,219.09,234.48,225.2,230.9,224.39
164.26,131.71,125.51,136.37,136.92,77.702,95.837,99.816,85.916,19.224,9.3894,9.0606,19.564,25.953,39.641,0,11.587,24.486,70.405,54.518,66.479,55.186,56.506,86.938,64.667,78.402,90.385,70.682,67.132,67.593,67.194,253.97,177.53,177.03,232.58,148.69,132.28,141.1,175,101.11,105.19,76.912,114.58,116.96,99.092,72.049,80.242,79.603,80.615,74.625,77.306,84.819,10.037,32.113,36.322,2.0543,3.0787,14.428,13.452,19.34,34.578,39.798,23.66,24.922,23.374,23.717,22.022,24.481,19.978,23.785,22.738,22.038,22.368,10.774,28.687,39.07,30.528,1.6744,29.594,1.8935,0.92944,38.546,1.3896,22.778,20.622,5.3808,15.455,12.403,12.751,14.448,58.213,65.74,57.38,61.931,56.035,55.311,60.366,58.889,65.044,92.65,70.047,100.47,61.861,53.872,78.288,94.271,86.568,50.233,58.416,85.69,40.819,88.283,78.431,78.316,75.305,78.102,69.62,72.461,60.319,66.698,59.984,67.923,67.318,194.15,186.9,169.46,161.21,128.05,135.48,131.81,116.5,129.59,107.03,119.25,94.753,62.903,92.371,89.861,12.266,18.873,16.957,14.416,24.083,24.575,21.948,20.418,30.758,32.919,26.518,19.166,34.181,23.267,33.491,20.278,28.659,29.466,19.099,31.729,20.103,27.484,32.036,18.836,0.2409,0.88987,12.398,8.9778,58.009,60.176,56.228,54.764,43.176,60.006,74.129,58.74,87.027,86.813,83.121,51.651,88.472,77.947,49.599,81.921,46.497,87.276,81.861,51.743,51.579,50.258,45.748,47.32,59.223,47.863,56.759,96.153,78.837,77.684,70.648,36.4,67.025,64.065,60.379,61.944,68.566,182.97,189.27,84.847,81.921,89.564,81.781,84.427,28.643,30.651,5.4868,30.909,54.84,65.498,51.39,67.3,76.241,13.475,11.294,11.171,6.8138,28.795,28.184,27.177,28.78,30.153,29.847,50.741,50.325,29.477,30.726,88.473,83.742,91.333,86.711,90.509,86.643
133.15,97.061,93.724,99.639,105.06,62.775,73.554,85.276,72.257,2.7671,0.60313,2.6289,6.0748,4.9218,44.56,11.587,0,2.3865,46.285,59.574,70.655,55.264,62.334,51.268,54.664,49.023,61.367,46.317,42.226,42.199,41.857,221.05,178.46,155.44,211.26,144.17,134.05,132.28,135.44,101.96,106.71,80.995,78.997,83.92,67.6,56.149,60.48,58.793,67.479,59.259,61.85,72.155,12.059,5.6316,12.495,6.1406,12.805,0.18012,14.004,15.461,8.2936,13.192,14.658,27.645,19.255,18.75,20.082,19.973,17.687,17.241,17.701,16.88,19.934,10.13,22.36,29.547,26.505,10.365,10.232,12.879,11.64,8.0623,5.7774,2.7866,1.3217,7.1104,6.1594,1.624,4.8635,4.4489,36.156,41.915,35.929,38.739,34.532,34.833,38.302,36.176,40.931,57.13,46.879,65.214,67.01,53.692,46.754,58.194,50.7,53.943,55.909,54.816,47.483,57.876,48.003,47.355,46.836,47.004,45.763,44.275,41.187,41.61,40.526,45.478,41.946,176.47,180.42,158.15,123.81,125.98,108.95,111.94,119.66,128.91,77.147,83.646,73.931,43.772,74.243,73.262,5.6775,24.095,13.962,16.544,19.063,18.635,17.911,16.945,19.23,19.466,22.205,13.376,20.982,12.979,22.519,17.409,25.527,26.654,14.823,18.999,1.45,4.0106,6.7165,0.96367,9.736,8.2091,1.3723,1.8978,35.861,37.348,34.7,32.912,29.961,36.735,48.491,33.961,51.682,52.807,48.848,56.559,53.254,42.619,55.565,47.383,52.691,51.579,47.995,50.834,51.644,49.56,50.815,50.006,59.391,49.642,61.117,64.212,47.714,45.801,40.602,43.221,44.693,40.8,38.196,39.139,42.978,174.79,172.16,69.688,68.429,72.397,66.826,69.704,26.169,26.709,1.2064,4.7612,60.512,40.902,51.087,41.993,47.553,9.4617,10.441,2.4739,15.344,25.881,26.449,25.334,25.585,26.076,25.795,51.316,50.721,25.406,27.601,74.895,69.103,78.841,72.924,75.952,72.227
127.7,89.828,87.786,91.464,99.148,64.367,71.856,87.163,74.477,2.8075,4.2001,7.2235,7.3751,3.1817,53.868,24.486,2.3865,0,43.582,70.177,80.929,63.601,73.301,43.297,58.441,43.93,56.52,43.503,39.135,38.884,38.566,215.09,187.74,154.42,210.55,150.86,143.53,136.97,126.13,110.89,115.97,91.282,71.241,77.358,61.657,57.26,59.857,57.683,69.911,60.631,63.196,74.826,20.361,1.1776,9.0513,15.554,25.018,1.3744,22.197,21.687,4.1865,9.028,18.564,36.962,25.416,24.524,27.231,25.966,24.653,22.287,23.432,22.547,26.86,17.731,27.557,33.364,32.78,21.839,8.8184,25.381,24.054,1.8219,15.363,1.258,0.19123,15.703,9.8093,4.4926,9.1227,7.7465,34.323,39.316,34.371,36.407,32.938,33.71,36.482,34.043,38.193,49.268,44.616,57.528,77.7,61.902,40.655,50.084,42.632,63.905,63.085,49.076,58.727,52.371,42.422,41.523,42.145,41.107,43.178,39.695,40.726,38.431,39.912,43.536,38.639,177.3,186.34,161.8,115.43,133.7,105.49,111.53,129.72,137.27,71.994,75.906,72.901,43.33,74.443,74.151,10.538,34.494,20.566,25.475,24.817,23.969,24.095,23.371,22.043,21.407,28.309,18.716,23.054,16.283,25.617,24.111,32.195,33.476,20.862,21.263,0.57521,0.91572,3.0213,0.52948,21.651,19.236,4.1199,6.4389,33.983,35.17,33.096,31.145,32.106,34.351,45.109,30.864,43.864,45.613,41.502,67.076,45.505,34.739,66.551,39.904,63.76,43.597,40.831,58.699,59.952,57.51,61.366,59.483,67.795,58.707,71.416,58.042,41.81,39.534,35.14,54.505,42.798,38.449,36.32,36.987,39.58,179.93,173.23,71.212,70.704,73.024,68.428,71.427,33.14,33.023,6.8861,0.50282,71.397,37.943,59.226,38.716,42.766,15.545,17.954,6.3093,27.09,32.651,33.754,32.58,32.225,32.324,32.052,59.851,59.172,31.65,34.291,77.166,70.861,81.626,75.089,77.784,74.103
22.469,9.6914,8.3745,10.851,11.91,3.6689,3.6137,9.1346,6.1459,66.09,57.031,70.482,83.407,23.421,181.24,70.405,46.285,43.582,0,18.962,19.62,13.101,20.197,2.9833,5.0055,0.59961,1.247,0.0013507,0.1378,0.17801,0.19439,65.422,58.197,34.142,62.815,37.589,38.091,29.503,23.971,24.884,27.149,21.788,5.4268,5.9284,2.4608,2.299,1.6959,1.2315,5.3652,2.9272,3.2951,6.6085,102.9,55.902,92.024,72.911,47.913,42.861,23.757,16.59,21.662,13.56,12.438,18.539,13.925,13.343,15.895,13.152,16.895,12.736,13.878,14.265,15.4,26.349,10.382,5.8568,11.032,83.623,91.448,89.36,82.499,51.959,67.525,59.243,45.984,36.858,21.474,31.725,25.152,24.133,0.63422,0.11072,0.69121,0.33595,0.88129,0.9164,0.39921,0.62198,0.17815,2.8244,0.026374,3.2216,20.068,12.706,1.3237,3.1162,3.1278,16.907,10.732,1.0689,20.487,1.1424,0.89754,1.0906,0.43735,1.1538,0.00234,0.48533,0.58888,0.18937,0.55257,0.060542,0.19192,45.849,53.795,39.853,19.105,31.532,13.485,16.076,33.476,33.863,4.0025,6.4119,4.0026,0.53773,4.8279,5.1331,24.972,23.898,18.824,23.962,13.121,12.481,14.779,16.007,8.1054,7.0601,12.306,16.205,6.4741,12.842,6.9877,16.391,12.233,12.199,16.631,7.6124,51.908,56.717,24.261,39.478,72.436,55.485,32.654,34.795,0.66986,0.47891,0.85509,1.1398,3.7342,0.55807,0.05995,1.119,2.7883,2.1139,2.3894,18.505,2.6744,3.7723,19.727,2.6423,19.877,2.9829,2.2461,11.789,12.805,11.93,18.401,15.546,13.652,14.519,18.325,2.1033,1.1291,1.5249,1.3712,20.967,0.07185,0.17309,0.404,0.30176,0.15192,49.866,43.913,4.9077,5.3883,4.7281,4.4054,5.0972,12.709,11.05,54.501,48.826,19.797,0.20392,12.402,0.18304,0.46665,22.278,25.586,30.483,38.825,12.341,13.418,13.679,12.149,11.113,11.226,13.308,13.092,11.335,11.598,6.8068,5.0065,8.3406,6.2394,6.6157,5.7914
43.088,37.74,32.877,41.484,35.582,8.9598,17.359,11.908,8.9354,87.828,67.811,79.493,102.87,45.929,183.35,54.518,59.574,70.177,18.962,0,0.59343,0.5424,0.034826,36.987,4.8983,26.266,25.058,19.283,20.633,21.327,21.31,83.143,35.304,40.917,66.033,23.516,16.956,21.57,55.674,7.1937,8.2662,1.923,36.338,32.954,28.952,9.4958,13.421,14.487,7.9334,9.1253,9.3517,8.1486,103.44,89.362,125.42,67.882,31.695,59.246,16.686,14.365,50.514,41.306,16.594,6.3755,11.256,11.787,10.479,10.822,12.342,13.372,12.6,13.29,10.596,21.622,9.8501,8.1723,7.0416,73.269,119.14,76.348,69.19,89.962,61.506,84.848,69.285,30.585,28.085,42.04,30.486,32.188,18.135,19.211,17.423,18.999,17.871,16.518,17.629,18.987,19.783,35.921,17.662,35.06,0.23742,0.62689,30.192,36.858,37.478,0.14709,1.2353,28.086,1.0027,27.189,28.106,29.104,25.139,29.397,18.678,25.12,13.623,21.004,14.092,16.909,21.344,46.352,39.96,33.391,48.755,15.656,29.84,23.577,11.646,16.07,27.428,36.917,15.818,13.26,13.139,11.574,28.471,9.4778,15.87,14.53,11.571,12.124,12.261,13,14.553,15.904,9.3556,16.708,14.734,18.944,12.181,12.578,7.3206,6.7265,15.011,15.62,75.036,86.485,52.33,60.165,59.773,43.884,43.433,40.546,18.331,18.842,17.854,18.812,10.636,19.587,20.777,22.536,36.29,33.633,34.762,0.041067,35.81,38.435,0.12473,35.567,0.32863,36.986,34.163,0.90144,0.65409,0.93091,0.39123,0.44322,0.55132,0.53919,0.029456,29.547,29.319,30.992,29.003,1.8323,16.864,18.67,17.805,18.401,21.463,38.476,43.95,9.838,8.3189,11.973,9.3433,9.4719,6.9053,6.929,58.952,81.115,0.0092777,20.453,0.75532,21.243,25.377,21.606,21.009,37.797,22.819,7.1103,6.6879,7.2548,7.3033,7.2524,7.3793,0.58064,0.645,7.5717,6.357,9.2561,9.3288,9.069,9.1313,10.213,9.544
36.452,33.895,29.195,37.526,30.997,7.9034,15.228,8.8668,7.0354,101.01,79.999,92.948,117.6,54.022,204.5,66.479,70.655,80.929,19.62,0.59343,0,1.0794,0.43234,37.699,4.8156,26.806,24.233,19.943,21.797,22.511,22.534,71.339,26.763,32.814,54.776,16.697,11.213,15.298,49.155,3.6633,4.4303,0.38447,34.116,30.156,27.607,9.073,12.522,13.755,6.4839,8.4014,8.3723,6.2894,119.35,101.27,140.66,80.951,40.952,69.976,23.231,20.019,58.143,47.435,21.987,10.68,16.167,16.71,15.47,15.571,17.735,18.439,17.709,18.542,15.558,28.947,14.046,11.089,10.775,86.976,134.46,90.372,82.569,101.23,73.985,97.317,80.37,39.42,35.518,51.225,38.461,40.146,19.989,20.381,19.296,20.548,19.929,18.52,19.208,20.855,21.082,35.931,18.231,34.173,0.094613,1.3067,31.133,36.792,38.278,1.1886,1.4866,28.046,3.1352,26.791,28.825,29.934,25.891,30.278,19.39,26.168,14.817,22.25,15.366,17.626,22.558,37.071,30.866,25.382,42.968,10.184,24.855,18.381,7.0016,10.493,25.114,34.271,13.652,14.148,10.966,9.5132,36.299,14.753,21.935,20.766,16.434,16.985,17.425,18.405,18.976,20.226,13.742,22.607,18.806,24.61,16.079,17.959,11.284,10.548,20.755,20.043,86.776,98.605,60.419,70.501,72.236,54.612,52.761,49.963,20.226,20.56,19.89,21.097,13.349,21.395,21.223,24.768,36.923,34.025,35.651,0.93488,36.244,40.233,1.2493,36.662,1.7981,37.663,35.124,1.8242,1.5767,2.0126,1.9351,1.8087,0.67127,1.8503,0.38735,28.563,30.116,32.075,30.625,4.5106,17.67,19.963,19.399,19.889,22.559,29.621,34.931,8.1295,6.7708,9.9796,7.9032,7.7727,10.833,10.638,70.666,92.299,0.57565,21.771,1.7049,22.449,26.056,28.619,28.214,46.688,30.759,11.04,10.648,11.377,11.252,11.046,11.218,1.587,1.6997,11.468,10.006,7.1248,7.6866,6.6311,7.168,7.9608,7.6251
36.533,30.089,25.835,33.39,28.628,5.3116,12.222,8.5724,5.6619,82.209,63.987,76.04,97.725,39.892,181.5,55.186,55.264,63.601,13.101,0.5424,1.0794,0,0.76884,28.589,2.2172,19.266,18.295,13.369,14.543,15.127,15.118,76.785,35.992,36.618,62.156,22.812,17.506,19.86,47.254,7.2872,8.5439,2.497,28.296,25.535,21.706,5.5616,8.6952,9.5117,4.7228,5.3427,5.5785,5.0884,101.55,81.691,117.95,66.779,32.265,54.393,15.558,12.367,43.379,34.273,13.503,5.9801,9.2908,9.6347,8.983,8.7907,10.723,10.857,10.412,11.058,8.9946,20.142,7.4835,5.2522,5.233,73.102,112.64,76.648,69.503,81.488,60.537,78.536,63.284,29.452,24.695,38.124,27.343,28.585,12.589,13.357,12.009,13.24,12.423,11.302,12.114,13.296,13.85,27.636,12.021,26.937,0.88487,0.011531,22.674,28.46,29.026,0.34295,0.15932,20.825,1.7208,20.072,20.856,21.725,18.314,21.981,12.869,18.324,8.7944,14.864,9.1827,11.409,15.145,43.046,39.086,31.334,40.723,15.333,24.1,19.321,12.376,16.064,20.645,28.919,11.004,8.4668,8.917,7.6748,25.63,9.5187,14.019,13.783,9.4144,9.7658,10.285,11.12,11.02,11.961,7.4085,14.263,10.875,15.54,8.8304,10.833,5.681,5.1734,12.916,11.824,69.101,79.449,45.353,54.562,59.925,43.758,39.448,37.414,12.76,13.143,12.403,13.262,6.9293,13.78,14.608,16.35,27.972,25.636,26.649,0.51645,27.543,29.987,0.80543,27.373,1.0198,28.586,26.131,0.098627,0.064645,0.1559,0.82678,0.3775,0.076812,0.28065,0.44589,22.16,21.908,23.381,21.733,2.5222,11.378,12.925,12.261,12.733,15.231,37.203,40.737,6.2137,5.0415,7.9418,5.7329,5.942,5.4141,5.1412,56.171,73.6,0.68972,14.413,0.082165,15.059,18.513,19.423,19.497,34.372,23.279,5.5226,5.3551,5.8795,5.6515,5.4254,5.5525,0.093319,0.11301,5.734,4.7551,6.0269,5.811,6.1131,5.8369,6.7827,6.1067
43.183,38.524,33.577,42.331,36.108,9.4859,17.975,12.031,9.2452,91.196,70.673,82.506,106.42,48.49,187.4,56.506,62.334,73.301,20.197,0.034826,0.43234,0.76884,0,38.702,5.4141,27.692,26.203,20.528,21.999,22.717,22.705,82.303,33.723,40.339,64.827,22.494,15.887,20.829,56.136,6.5947,7.5799,1.5812,37.477,33.877,30.096,10.185,14.175,15.316,8.3098,9.7341,9.9144,8.4258,106.58,92.89,129.49,70.392,33.231,62.046,18.066,15.751,53.198,43.711,18.138,7.2299,12.507,13.075,11.657,12.057,13.613,14.752,13.927,14.65,11.789,23.203,11.051,9.2541,8.0589,75.716,123.04,78.764,71.491,93.529,63.889,88.221,72.36,32.365,30.039,44.396,32.489,34.274,19.519,20.534,18.787,20.37,19.273,17.867,18.96,20.401,21.143,37.494,18.841,36.447,0.1247,0.89171,31.784,38.438,39.219,0.32418,1.5112,29.459,1.2726,28.474,29.609,30.651,26.569,30.959,19.913,26.597,14.759,22.393,15.258,18.087,22.739,45.385,38.573,32.413,49.272,14.797,30.071,23.496,10.735,15.133,28.317,37.974,16.367,14.337,13.577,11.972,30.392,10.42,17.301,15.786,12.849,13.44,13.558,14.322,16.011,17.42,10.512,18.22,16.191,20.593,13.513,13.87,8.3467,7.7118,16.431,17.127,78.212,89.931,55.065,63.035,61.945,45.805,45.828,42.797,19.727,20.231,19.252,20.273,11.828,21.012,22.032,24.105,37.977,35.218,36.455,0.14058,37.453,40.349,0.22624,37.311,0.48819,38.696,35.854,1.2433,0.95634,1.2953,0.61118,0.72523,0.69263,0.84755,0.046712,30.78,30.866,32.626,30.667,2.2023,18.055,19.994,19.144,19.744,22.843,37.205,43.01,10.246,8.6906,12.408,9.7956,9.8642,7.8977,7.9384,61.538,84.487,0.013766,21.836,1.0778,22.633,26.802,23.264,22.575,40.012,24.147,8.1209,7.6564,8.2593,8.3291,8.2837,8.4184,0.87849,0.95954,8.6229,7.3215,9.5174,9.7288,9.2262,9.4339,10.49,9.8809
24.969,9.1788,9.2642,9.3163,13.15,12.115,8.7326,18.627,15.604,67.672,62.983,77.105,85.855,24.82,190.42,86.938,51.268,43.297,2.9833,36.987,37.699,28.589,38.702,0,15.569,0.92697,2.3425,2.8577,2.5007,2.2812,2.3101,69.195,78,42.168,72.328,53.853,57.129,43.318,22.074,42.503,45.249,40.222,3.7401,5.7965,2.5059,9.974,7.5863,6.5111,14.9,11.006,11.436,16.561,112.82,52.866,88.934,85.111,64.643,46.626,36.924,27.856,20.557,12.928,21.18,33.779,25.385,24.362,28.443,24.481,29.091,22.881,24.781,25.045,27.705,38.568,21.011,15.388,23.044,97.921,90.619,104.7,97.976,47.136,80.133,59.31,46.997,49.654,29.194,37.934,33.365,31.267,4.1685,3.0268,4.5297,3.4165,4.6132,5.2,4.0474,3.8129,2.8912,0.21742,3.5376,1.135,38.456,27.999,0.37136,0.25535,0.0047785,34.048,25.011,0.8744,38.682,1.3412,0.60891,0.47992,1.1422,0.45102,3.0978,1.2093,5.9103,2.4237,5.6716,3.8806,2.2933,56.39,70.018,53.127,18.003,48.479,17.637,23.744,52.764,51.572,5.2868,4.8964,9.8877,5.9901,12.103,13.147,33.916,40.01,30.37,38.072,24.139,23.026,26.174,27.589,15.962,13.968,23.89,26.384,13.62,20.805,15.354,28.294,24.606,24.797,27.655,14.85,52.974,55.14,23.455,41.545,87.679,70.349,38.675,42.808,4.1395,3.6743,4.5839,4.5955,11.451,3.4874,2.3524,3.0912,0.0058712,0.12348,0.04874,36.326,0.041979,0.50153,37.993,0.077732,38.113,0.00052669,0.084377,26.604,28.121,26.785,36.026,32.022,29.364,30.55,36.091,1.7623,0.44935,0.33179,0.89303,39.01,3.9122,3.3255,3.984,3.6074,2.193,65.114,54.633,13.512,14.782,12.421,13.001,13.922,25.435,23.114,62.975,46.273,38.151,2.6608,27.517,2.3213,1.0902,32.895,37.748,37.889,55.502,24.841,26.511,26.647,24.495,23.072,23.179,28.851,28.522,23.253,24.109,16.406,13.851,18.629,15.659,15.762,14.868
