0,20.187,7.7704,40.973,25.915,22.711,26.707,5.0096,4.0848,3.356,5.4603,15.416,14.962,18.311,54.047,55.915,84.339,115.17,21.746,15.512,24.851,23.819,28.73,28.161,28.723,16.237,27.685,31.458,32.389,26.307,10.486,10.214,9.6652,20.877,5.2637,10.957,17.808,8.4453,9.661,4.5649,15.353,18.988,21.674,15.21,29.288,35.192,40.988,22.055,37.264,17.999,26.598,14.834,32.811,26.649,14.646,18.455,22.512,11.473,13.646,14.775,16.246,13.888,49.282,63.853,62.585,54.427,59.283,26.638,16.476,15.542,29.753,8.0763,10.913,18.14,0.76951,5.1674,4.5489,3.8402,8.8597,7.1797,27.699,16.115,11.319,39.807,19.037,16.789,32.085,28.74,41.592,55.176,42.961,40.531,92.536,91.383,110.81,89.952,110.52,77.206,76.785,61.024,36.261,24.75,42.331,44.25,42.407,22.006,33.962,21.249,23.267,22.802,16.96,22.07,21.203,24.004,15.383,15.994,13.777,16.403,18.108,13.487,15.828,11.693,21.956,11.073,9.3279,30.031,29.145,28.958,41.708,27.206,22.972,29.525,25.813,27.562,26.357,26.364,19.618,23.046,20.206,21.957,21.646,12.74,20.153,27.002,33.038,15.75,16.122,17.191,28.688,32.289,18.956,15.701,29.673,28.149,9.4201,6.3281,10.978,12.907,8.331,9.9667,7.4935,12.228,31.781,29.281,19.339,17.565,21.092,28.08,32.514,15.89,15.251,7.9959,11.103,13.851,14.194,13.236,13.304,51.53,59.227,17.623,3.4618,3.6159,25.613,8.5934,5.6971,13.915,12.499,24.829,12.32,20.007,36.757,39.313,32.192,53.803,43.43,73.642,51.234,58.664,34.937,78.809,75.957,99.831,80.023,47.582,26.802,21.024,21.18,22.776,22.013,19.885,18.135,9.9501,12.829,16.28,18.697,14.166,14.693,16.304,23.865,33.713,30.308,26.024,26.614,27.661,24.546,23.7,28.681,21.886,21.964,21.608,21.517,18.491,16.996,17.114,17.336,16.365,16.33,16.575,14.87,6.8169,2.3297,14.485,3.8338,26.408,15.925,33.225,13.612,25.023,20.68,16.304,14.542,16.935,29.249,28.259,14.112,15.389,15.045,13.6,13.676,10.465,15.253,17.554,21.428,13.457,20.876
20.187,0,25.303,15.171,3.3115,4.7063,16.977,39.559,30.448,37.302,7.9671,5.9582,37.667,44.926,31.005,64.55,76.232,127.15,18.148,19.605,34.929,12.183,13.027,43.103,6.6596,43.241,45.251,31.71,37.336,38.91,31.561,13.685,41.642,10.549,9.9872,1.7386,0.70261,2.9401,1.9565,23.237,8.9561,14.605,15.071,14.95,14.634,41.116,14.712,49.351,13.819,5.4856,8.3271,42.904,8.6385,6.1946,45.566,38.156,44.686,13.84,24.17,23.423,31.06,22.752,78.848,81.813,61.946,48.545,89.269,61.116,29.909,23.617,17.83,33.975,45.414,20.644,28.817,6.2283,38.473,39.236,32.05,29.402,34.182,44.167,36.783,33.39,45.95,42.813,59.438,41.887,49.459,69.082,61.262,59.475,60.184,74.309,90.868,62.629,76.687,65.3,57.164,34.909,36.011,38.581,31.078,53.918,24.189,43.381,21.612,14.537,16.364,15.721,13.289,16.395,15.013,19.13,27.069,27.032,25.819,26.132,28.767,21.449,22.493,13.103,16.579,17.129,14.906,13.501,14.142,13.88,55.252,48.114,41.001,35.675,37.852,41.411,36.612,38.933,9.9077,10.822,8.9368,10.442,9.3013,8.713,15.15,15.673,8.6037,42.389,42.735,44.07,5.4469,8.5894,2.9468,37.174,61.734,47.318,3.5416,3.985,1.4202,0.82141,6.1405,6.4587,11.935,17.252,14.523,12.814,6.6083,9.57,49.462,14.139,9.7522,45.152,45.185,18.86,23.399,22.313,23.328,23.151,23.191,66.629,82.046,37.283,23.869,38.375,14.26,35.255,35.926,8.7456,7.478,19.244,33.331,47.106,24.05,52.501,38.396,31.797,49.922,93.548,46.631,74.205,50.719,97.521,89.993,97.502,93.663,50.714,30.716,13.457,12.784,15.475,14.575,17.714,15.945,30.104,12.401,18.47,18.315,18.195,20.647,17.736,11.336,10.228,45.226,39.362,37.407,37.032,37.776,36.398,39.643,10.182,10.169,10.412,10.105,9.4985,10.758,46.516,46.502,43.172,43.611,42.909,47.423,37.653,31.197,30.103,39.207,18.255,23.7,28.693,26.046,14.158,14.499,28.121,25.832,26.318,13.214,13.07,23.434,26.111,26.52,23.751,22.286,24.56,27.027,30.281,33.092,26.639,32.314
7.7704,25.303,0,24.407,20.895,16.02,54.422,22.41,22.798,17.606,5.0799,9.4354,1.511,3.1155,28.158,22.089,42.424,63.125,6.6694,2.7782,5.0342,10.881,14.324,6.3465,19.457,2.5166,64.407,66.475,69.274,61.625,36.259,31.292,33.835,43.588,20.429,19.558,27.368,11.642,16.508,0.42815,7.1328,6.3342,7.8609,4.0773,13.838,10.337,24.775,4.6301,21.656,11.529,15.887,2.3323,21.558,17.951,2.966,2.3802,4.1386,2.849,1.1894,1.7019,1.5659,1.4714,96.153,115.75,110.92,98.087,109.95,62.568,45.915,43.055,58.259,31.578,35.669,45.687,8.694,16.106,4.9781,7.1352,0.43097,0.2827,6.644,2.6837,1.0716,14.942,3.4202,2.5154,9.2377,6.6468,13.618,21.537,14.29,12.935,54.506,48.955,63.093,50.949,66.929,38.362,40.026,33.201,11.778,4.8034,17.625,15.027,20.414,3.859,14.279,7.8181,8.3819,8.3405,5.7097,7.5559,7.5716,7.7961,1.4933,1.7229,1.058,1.9806,2.4057,1.543,2.2928,3.2231,7.4054,1.657,1.8045,15.143,14.001,13.999,13.475,6.1115,4.0636,7.5216,5.3345,6.0756,5.6808,5.5598,9.2146,11.123,10.276,10.546,11.078,5.9423,6.8289,11.445,21.826,2.3069,2.4115,2.7898,20.803,21.072,15.186,1.6036,67.521,65.258,21.038,13.752,17.602,19.069,6.5403,6.5557,2.5697,2.0225,16.041,14.93,11.457,8.0705,4.4459,13.12,20.222,2.8795,2.8646,0.57071,0.53552,1.5284,1.4964,1.1837,1.2013,98.637,109.8,48.629,21.56,17.848,51.522,32.542,25.82,33.544,30.54,53.495,0.69284,3.8048,15.573,12.133,8.7952,27.559,14.757,33.821,20.76,23.765,9.7635,37.277,35.157,52.501,37.936,17.467,6.6158,8.1827,8.6332,8.4321,8.3185,5.6707,5.2832,0.23144,3.9953,3.4492,4.7785,2.5442,2.1771,3.6792,11.427,21,7.3859,5.3809,5.7611,6.3378,4.7306,4.3885,6.7063,10.663,10.729,10.309,10.439,8.716,7.0114,3.2723,3.2892,2.5195,2.5962,2.5007,43.423,28.184,17.222,42.865,18.084,54.808,2.1242,11.289,0.98679,10.701,7.4574,1.7436,1.3121,2.1772,14.65,13.901,1.4507,1.5883,1.4222,1.2266,1.4683,0.29939,1.4508,2.0676,3.5206,0.89486,3.3236
40.973,15.171,24.407,0,4.3078,3.6049,63.995,74.39,66.707,67.735,16.601,6.2511,29.139,34.166,3.034,27.089,26.749,64.577,6.1053,11.182,16.967,2.7217,1.3359,22.604,1.7921,34.545,106.07,89.333,97.774,97.541,77.358,52.128,85.74,50.596,40.29,22.269,22.184,16.153,20.126,27.435,6.2896,5.8852,4.6367,8.5377,1.5436,15.967,0.0075981,35.532,0.089799,4.9545,1.637,35.95,0.91478,2.1924,39.888,25.845,29.306,11.034,16.438,14.747,20.449,14.996,154.32,163.7,138,117.86,170.02,121.64,80.427,71.206,65.839,76.854,90.444,68.014,50.194,30.493,49.736,54.544,30.512,29.942,14.33,35.923,32.831,7.6363,34.62,33.304,38.101,20.916,20.076,32.133,31.413,31.148,14.927,23.684,32.778,16.264,23.646,19.893,14.28,4.1094,11.083,20.619,5.3134,22.891,1.8548,28.276,2.7619,4.6279,4.4296,4.3651,6.5504,5.0342,4.8514,5.4576,17.406,16.808,17.797,15.635,16.54,14.306,13.08,10.465,5.1809,13.401,13.78,1.102,1.4609,1.4505,25.783,28.9,24.68,14.492,19.066,21.314,17.468,19.721,4.0546,2.7406,3.6653,3.1066,3.0934,8.1336,5.4719,2.5941,0.92509,34.061,34.035,34.426,2.4393,0.93829,5.9927,27.692,124.81,108.75,28.416,23.212,19.191,17.832,12.594,10.601,14.36,12.379,0.90631,1.1627,4.1084,5.0599,36.775,1.7646,0.65453,37.549,38.481,18.123,18.372,14.668,15.196,15.952,15.92,141.73,162.33,90.272,58.991,68.823,58.694,78.79,74.326,44.765,41.303,67.778,27.252,34.973,3.1005,24.477,15.284,3.3851,19.505,48.312,13.184,35.587,25.6,49.854,43.117,40.785,44.984,18.136,11.947,4.3257,4.0208,4.2718,4.2668,6.9363,7.0569,26.632,9.1704,9.8209,8.0333,11.31,12.614,9.3358,2.5266,0.51213,23.19,20.411,18.042,16.947,19.968,19.263,18.731,3.0956,3.0624,3.2453,3.2361,4.5509,5.6526,37.767,37.458,34.294,34.911,33.691,97.628,77.809,62.277,79.256,69.708,66.297,13.972,7.0932,18.172,2.815,4.905,17.533,17.065,15.34,1.2384,1.4689,15.362,16.526,17.217,16.117,14.809,20.178,17.488,18.454,17.855,18.889,17.559
25.915,3.3115,20.895,4.3078,0,0.38856,35.143,51.787,43.387,47.473,8.0992,2.2483,29.659,35.852,14.135,43.071,49.213,93.898,8.6324,11.744,22.571,3.9183,3.7399,29.531,0.60016,35.131,69.732,54.788,61.707,62.394,48.993,27.767,58.221,25.454,20.252,7.5015,6.9518,5.2576,6.6063,21.207,3.8447,6.6491,6.3241,8.0527,4.6861,25.415,4.0694,38.841,3.6184,1.406,1.3945,35.604,1.253,0.53178,38.849,28.393,33.473,8.6173,16.598,15.419,22.118,15.178,110.13,116.16,93.655,77.129,123.02,85.373,49.591,41.956,36.471,50.015,62.416,38.91,34.78,13.685,39.671,42.319,27.312,25.641,20.958,36.264,30.902,17.471,36.608,34.328,45.409,28.104,31.766,47.815,43.296,42.218,35.271,46.802,59.882,37.171,48.137,40.209,33.295,16.731,20.446,26.203,15.179,35.446,9.9327,32.301,8.9556,6.0366,6.9167,6.5455,6.2569,7.2098,6.3916,8.8581,18.588,18.291,18.104,17.27,19.091,14.167,14.155,7.9644,7.3745,11.455,10.453,3.8869,4.3878,4.2436,37.489,35.112,29.369,21.829,25.097,28.033,23.699,25.977,3.3219,3.2062,2.6315,3.1719,2.5633,4.5662,6.749,5.7129,1.2407,34.454,34.625,35.517,0.26431,1.2355,0.56014,28.726,87.195,72.079,11.32,9.1015,5.8927,4.9513,5.2762,4.5197,9.15,11.048,4.3424,3.5495,1.6082,3.6039,39.477,4.5227,1.7161,37.542,37.992,14.561,17.084,14.792,15.577,15.832,15.839,97.811,115.61,58.089,36.307,48.55,31.224,51.598,49.847,21.738,19.442,38.097,26.478,37.387,10.413,35.416,23.647,14.715,31.752,68.37,27.101,52.148,34.98,71.212,64.078,67.066,66.906,31.55,18.012,5.3253,4.8288,6.3719,5.8919,8.7833,7.8989,24.476,6.9942,10.513,9.6068,11.054,12.958,9.8991,3.3813,1.9064,30.935,26.524,24.388,23.684,25.473,24.413,25.899,3.0294,3.0074,3.2193,3.0527,3.3329,4.504,38.369,38.218,34.978,35.498,34.559,66.858,52.393,41.699,49.135,49.403,36.891,15.209,14.708,18.398,5.0085,6.1435,19.205,17.772,17.233,3.7953,3.8222,15.71,17.671,18.208,16.227,14.844,18.538,18.603,20.781,22.001,19.045,21.45
22.711,4.7063,16.02,3.6049,0.38856,0,38.16,48.063,40.833,43.419,6.0119,0.90537,23.422,28.913,11.897,35.938,43.09,84.017,5.4045,7.8759,17.061,1.9482,2.0789,23.17,0.37735,28.334,70.568,57.522,64.107,63.657,47.993,28.317,55.681,27.902,19.89,8.002,8.5402,4.6098,6.6964,16.66,1.8397,3.8284,3.6261,4.923,2.7627,19.767,3.4699,31.533,2.7501,0.37412,0.52218,28.833,1.0331,0.18518,31.834,22.186,26.669,5.4883,11.979,10.951,16.688,10.767,110.8,118.89,98.208,81.724,124.13,84.038,49.997,42.77,39.858,48.133,59.643,40.41,30.635,13.228,33.844,36.681,21.66,20.305,15.729,29.375,24.739,13.331,29.578,27.579,37.397,21.927,25.479,40.062,35.643,34.624,32.613,41.71,54.462,33.773,44.946,34.945,29.242,14.621,15.6,20.217,11.651,28.778,7.605,25.623,6.2068,3.401,4.1177,3.8226,3.5293,4.3082,3.6664,5.6411,13.642,13.376,13.266,12.496,14.038,9.9268,9.8695,4.9722,4.4318,7.7734,7.0726,2.2651,2.5463,2.4352,30.474,28.114,23.004,16.519,19.263,21.848,18.058,20.035,1.4419,1.4386,1.003,1.3833,0.98435,2.454,3.918,3.3691,1.0581,27.737,27.877,28.648,0.36297,0.96231,0.30261,22.556,86.402,72.768,11.8,8.6098,6.1808,5.4894,3.5824,2.779,6.2425,7.3906,2.7003,1.989,0.42147,1.6308,32.137,2.5751,1.1901,30.56,31.008,10.547,12.491,10.443,11.097,11.34,11.343,100.28,117.59,57.934,34.403,44.393,34.208,49.681,47.001,23.16,20.642,40.73,20.683,30.259,7.5149,28.58,18.152,12.305,25.543,59.089,22.019,44.033,28.085,61.857,55.389,59.541,58.1,25.567,13.209,2.87,2.5128,3.6911,3.3112,5.4916,4.7844,19.03,4.1802,6.8653,6.1342,7.3366,8.8905,6.3708,1.5848,1.4148,24.434,20.509,18.658,18.067,19.578,18.648,20.004,1.288,1.2756,1.4059,1.2942,1.4457,2.253,31.263,31.114,28.189,28.665,27.798,64.811,49.633,38.348,49.137,45.174,39.804,10.753,10.714,13.524,2.7665,3.4696,14.158,12.96,12.458,2.1502,2.1045,11.211,12.855,13.323,11.665,10.491,13.776,13.658,15.503,16.543,14.088,16.065
26.707,16.977,54.422,63.995,35.143,38.16,0,29.973,20.343,32.307,29.032,36.987,74.033,83.132,92.668,132.29,158.28,220.33,61.179,58.023,82.46,53.493,57.102,92.678,44.456,79.28,10.919,2.6709,4.8578,7.4006,12.264,3.9911,22.828,0.80663,8.5172,11.933,10.835,20.228,14.403,46.986,42.672,54.311,56.796,51.805,60.025,96.517,63.11,90.624,60.887,37.716,47.558,77.028,49.617,42.915,78.049,78.76,88.158,46.684,61.13,61.572,70.482,59.929,28.06,25.771,14.065,8.1951,32.998,25.119,6.6458,3.9872,0.088015,17.119,25.348,1.8841,33.818,11.392,53.191,49.624,61.173,56.501,84.071,79.621,68.124,90.845,84.708,79.802,108.43,92.155,108.99,135.69,120.06,116.63,140.7,158.57,183.14,143.7,165.38,143.6,133.76,99.837,91.902,85.676,89.104,114.93,79.498,86.662,72.657,55.736,59.668,58.451,50.875,58.966,56.41,63.984,65.881,66.495,62.902,66.027,70.333,58.101,61.63,45.884,59.153,50.493,45.649,58.4,59.154,58.64,114.21,95.675,85.922,86.972,86.001,90.699,85.337,87.46,47.285,50.781,45.897,49.553,47.349,40.008,55.914,60.666,49.566,78.093,78.824,81.099,41.468,49.438,31.906,74.664,23.402,12.17,8.8831,14.722,14.492,14.968,29.993,32.839,39.159,51.912,60.757,56.936,40.888,45.367,89.447,58.712,51.979,79.805,78.838,48.589,57.373,59.423,60.862,59.635,59.753,17.896,27.091,10.756,15.625,33.272,0.12667,17.635,23.172,2.546,3.5179,0.22762,67.374,86.669,77.296,110.02,91.671,93.794,110.67,167.98,111.78,142.34,104.94,174.59,166.79,186.31,172.36,114.08,79.792,53.955,53,58.072,56.269,59.279,55.569,61.569,46.004,57.341,59.162,55.039,58.447,56.438,52.08,53.175,96.383,87.53,86.296,86.826,84.782,82.775,90.103,49.059,49.077,49.312,48.724,45.861,46.963,82.332,82.649,79.423,79.623,79.563,22.264,23.024,26.127,7.9893,33.978,0.041737,63.032,81.658,62.932,57.314,55.313,67.868,63.768,66.749,57.619,56.992,60.885,64.955,64.986,60.655,59.208,57.663,65.7,71.197,77.637,63.31,76.39
5.0096,39.559,22.41,74.39,51.787,48.063,29.973,0,0.94136,0.31931,20.71,37.644,31.166,34.254,91.855,88.117,126.45,156.61,47.248,37.238,48.676,50.673,57.709,51.565,56.823,31.223,17.164,27.417,25.797,18.161,5.0375,13.026,1.6486,27.163,11.019,24.864,33.688,24.225,24.078,16.788,37.871,43.371,47.42,37.419,58.524,63.188,74.357,39.041,69.389,41.476,54.307,28.791,62.706,53.916,27.231,37.099,41.666,31.427,33.168,35.242,35.658,33.916,29.201,44.627,51.301,47.455,36.922,11.177,11.388,13.251,33.271,2.3742,1.7617,17.604,3.1877,14.479,9.3314,6.534,22.069,19.832,53.368,30.603,24.832,71.74,35.124,32.399,52.118,52.872,70.732,85.593,69.17,65.928,140.17,136.64,159.96,136.54,161.77,118.79,119.65,100.9,66.013,47.452,75.714,73.521,76.475,41.287,64.855,46.813,49.713,49.066,40.322,47.915,46.713,50.552,35.344,36.378,32.962,37.289,39.421,33.534,37.189,31.864,47.727,30.299,27.637,59.545,58.318,58.051,69.185,48.301,43.75,55.837,49.387,51.129,50.61,49.953,44.426,49.514,45.243,47.908,47.386,33.698,45.111,55.238,62.992,30.696,31.226,32.6,56.382,62.013,42.021,32.661,13.899,16.899,20.559,18.711,26.113,29.107,25.874,28.846,24.695,32.23,62.009,58.472,43.683,41.312,37.295,56.81,62.547,29.755,28.549,24.565,28.993,33.955,34.295,32.722,32.829,35.925,39.202,9.6671,2.5631,0.32996,30.418,2.3956,0.52531,20.3,19.734,26.239,28.031,36.366,68.613,66.307,59.273,91.481,73.403,105.64,85.759,89.272,59.972,112.16,110.38,143.16,115.3,79.44,52.799,46.526,46.78,49.043,47.956,44.445,41.93,24.856,33.791,38.667,42.519,35.285,35.705,38.817,50.721,64.214,54.345,49.276,50.797,52.562,47.364,46.404,53.443,47.793,47.906,47.396,47.247,42.715,40.46,31.405,31.818,31.485,31.235,31.974,4.1923,0.74779,0.54811,9.301,0.34262,28.785,37.083,62.901,32.621,52.413,45.956,36.604,34.256,38.121,58.444,57.048,34.131,35.606,34.922,33.194,33.666,27.553,35.138,38.085,43.667,32.191,42.986
4.0848,30.448,22.798,66.707,43.387,40.833,20.343,0.94136,0,1.5128,17.042,32.129,33.327,37.449,85.876,89.767,125.55,161.16,44.064,35.392,48.943,45.538,51.894,53.098,49.049,34.323,12.201,19.011,18.155,12.321,2.1317,6.9773,1.2327,18.01,5.9462,17.644,24.691,18.438,17.388,16.978,33.271,39.729,43.45,34.463,53.055,63.187,66.531,42.649,62.087,35.377,47.506,31.968,54.726,46.412,30.91,38.943,44.309,28.722,32.643,34.396,36.305,33.036,25.543,37.918,41.104,36.715,32.896,9.8722,6.4311,7.3971,23.084,0.75831,1.8071,10.572,3.9003,9.1437,12.185,9.3523,23.728,21.102,53.028,33.889,27.189,69.141,38.432,35.359,56.39,54.06,71.516,88.332,72.236,69.001,133.69,133.91,157.26,131.24,155.65,116.72,115.7,94.511,64.667,48.526,72.077,74.835,71.043,43.734,60.382,42.774,45.81,45.074,36.662,44.225,42.808,47.234,35.236,36.18,32.789,36.834,39.315,32.408,35.982,28.939,44.105,28.467,25.476,53.614,52.739,52.434,71.197,51.004,45.583,55.54,50.147,52.392,51.018,50.864,39.391,44.132,39.823,42.614,41.816,29.426,41.42,50.483,54.953,33.685,34.242,35.755,48.193,54.129,34.86,34.641,11.854,12.226,13.679,13.081,19.06,21.576,21.386,24.275,21.982,30.275,56.027,52.489,37.708,36.529,41.035,51.432,54.99,33.245,32.105,23.506,28.614,32.979,33.506,32.021,32.128,29.191,33.676,5.8329,0.44093,1.6971,20.664,0.88644,0.22849,12.605,12.261,17.368,29.616,39.784,64.245,68.117,59.156,85.763,73.981,110.39,84.218,92.507,62.087,116.86,114.01,144.13,119,79.485,51.813,42.236,42.28,44.99,43.796,41.457,38.774,26.03,30.523,36.432,39.873,33.292,34.224,36.397,45.337,56.555,56.006,50.33,51.339,52.862,48.296,47.163,54.156,42.437,42.532,42.156,41.935,37.756,36.106,35.024,35.412,34.558,34.394,34.975,3.3701,0.42914,0.59452,4.9316,1.837,19.406,36.141,60.345,32.519,47.607,42.004,36.604,33.986,37.633,52.581,51.335,33.378,35.285,34.738,32.58,32.708,27.505,35.038,38.39,44.039,32.239,43.268
3.356,37.302,17.606,67.735,47.473,43.419,32.307,0.31931,1.5128,0,17.377,33.158,25.22,27.962,83.317,78.024,114.69,142.83,40.931,31.408,41.421,44.775,51.508,43.914,51.651,25.231,21.366,31.245,30.011,22.071,7.0292,14.039,3.3339,28.484,10.837,23.331,32.335,21.604,22.192,12.721,32.937,37.542,41.353,31.906,52.113,54.907,67.772,32.3,62.931,36.886,48.849,23.047,57.129,48.862,21.658,30.618,34.724,26.425,27.404,29.35,29.452,28.157,35.477,51.902,57.824,53.023,43.968,15.247,14.11,15.574,35.762,3.9142,3.5697,19.924,1.5782,13.436,6.2144,3.9995,17.141,15.213,45.857,24.671,19.54,63.437,28.747,26.293,44.278,45.162,61.823,75.548,60.137,57.114,129.16,124.76,147.01,125.34,149.63,107.65,108.92,91.97,57.797,40.178,67.435,64.362,68.733,34.389,57.591,40.824,43.429,42.867,34.779,41.708,40.684,44.003,29.292,30.248,27.148,31.126,33,27.87,31.201,26.892,41.513,25.144,22.863,53.245,51.968,51.738,60.233,40.806,36.692,48.133,42.002,43.543,43.182,42.503,39.044,43.82,39.955,42.319,41.967,29.056,39.146,48.811,57.423,24.759,25.235,26.47,51.488,56.444,37.972,26.583,18.353,21.182,19.641,16.95,24.178,27.074,22.248,24.89,20.446,26.913,55.535,52.28,38.807,36.117,30.713,50.499,56.761,23.91,22.832,19.82,23.614,28.214,28.48,27.039,27.136,42.226,46.217,12.716,3.0004,0.0083694,32.384,4.0274,1.3885,21.005,20.118,28.772,22.453,29.871,61.044,57.568,51.288,82.873,64.35,94.355,76.324,78.974,51.643,100.52,98.886,130.32,103.54,70.09,45.46,40.655,40.967,42.868,41.912,38.304,36.065,19.662,28.743,32.814,36.441,29.68,29.921,33.004,44.923,58.342,46.47,41.859,43.333,45.001,40.115,39.256,45.753,42.242,42.353,41.83,41.726,37.462,35.169,25.391,25.762,25.466,25.24,25.909,6.7658,1.864,0.35031,11.812,0.025534,31.261,31.042,55.193,26.826,46.236,40.01,30.416,28.337,31.89,52.202,50.857,28.324,29.571,28.924,27.446,27.95,22.259,29.103,31.712,36.802,26.41,36.192
5.4603,7.9671,5.0799,16.601,8.0992,6.0119,29.032,20.71,17.042,17.377,0,2.5271,11.798,15.949,26.561,37.744,55.659,90.079,7.111,5.0807,13.64,6.8771,9.4615,18.026,9.1965,14.705,45.243,41.177,44.873,41.202,24.496,14.906,27.395,20.682,7.7782,4.7975,8.8665,1.3431,3.3216,3.9917,2.6944,5.1346,6.3875,3.7307,9.9722,19.995,16.583,18.957,14.29,3.641,7.9618,14.291,11.521,8.0377,15.64,12.872,16.893,2.2066,5.9645,6.0478,9.3036,5.5473,76.352,88.476,77.996,65.573,88.251,50.736,29.036,25.04,31.543,23.022,29.938,25.38,9.5072,4.265,12.276,13.471,8.1782,6.7996,14.458,15.142,10.738,19.57,16.605,14.605,26.544,17.746,25.769,39.241,31.078,29.4,55.73,58.81,74.661,54.755,70.581,48.372,45.751,31.405,18.714,15.012,20.193,28.594,18.661,16.164,13.661,6.092,7.3708,7.0259,4.0355,6.8435,6.1676,8.3338,7.524,7.6971,6.5957,7.5031,9.0055,4.9933,6.0817,2.1063,6.8343,2.9516,1.8722,10.205,9.8261,9.6924,28.084,19.833,15.419,15.717,15.101,17.131,14.828,15.721,4.6145,6.3259,4.7819,5.7592,5.4927,1.6952,5.7419,8.9941,11.659,14.195,14.435,15.298,9.3092,11.208,4.3996,11.741,53.657,46.537,5.9953,2.4386,3.7808,4.4684,0.31274,0.67401,0.75615,3.3264,11.271,9.7254,4.2499,3.6748,18.787,9.2783,11.326,15.602,15.521,2.7415,5.0038,5.3891,5.8361,5.4901,5.5239,72.804,85.229,33.436,13.709,17.961,26.454,24.053,20.872,14.423,12.346,29.278,9.2944,17.385,15.628,26.023,17.772,26.579,26.728,57.344,29.186,42.823,23.617,61.245,56.818,71.045,60.137,28.854,12.908,5.7862,5.7378,6.9633,6.44,6.2246,5.0863,7.4431,2.3267,5.028,5.9007,4.2142,5.1199,4.8363,6.7866,12.039,19.66,15.768,15.224,15.477,14.622,13.788,16.849,5.6963,5.7319,5.5912,5.5126,4.0663,3.5997,16.505,16.538,14.696,14.905,14.609,34.828,22.806,14.571,27.455,18.437,29.688,6.5108,15.089,6.6335,7.7664,5.8344,8.1933,6.8213,7.7415,9.7569,9.2217,5.8472,7.1771,7.2213,5.8045,5.3271,5.2826,7.4696,9.3936,11.733,6.8122,11.25
15.416,5.9582,9.4354,6.2511,2.2483,0.90537,36.987,37.644,32.129,33.158,2.5271,0,15.8,20.483,14.051,31.483,42.246,79.031,3.3501,4.1753,12.166,1.5697,2.5729,17.267,2.1641,19.808,63.547,54.172,59.748,57.697,40.337,24.422,45.74,26.904,15.787,6.9053,9.0991,2.7815,5.2971,9.7996,0.30987,1.9163,2.1938,2.126,3.0455,15.797,6.2129,22.98,4.8896,0.11829,1.5225,20.07,3.2842,1.627,22.462,15.224,19.207,2.1125,6.919,6.2921,10.744,6.0566,101.14,111.64,94.918,79.584,114.35,73.455,43.918,37.841,39.14,39.481,49.163,36.656,21.679,9.9395,23.72,26.219,13.888,12.722,11.604,20.625,16.505,11.966,21.089,19.265,28.885,16.405,21.129,34.492,29.098,27.933,36.848,42.764,56.171,36.956,49.548,34.873,30.779,17.442,12.93,14.531,11.305,24.06,8.7027,18.328,6.0439,1.988,2.7589,2.4973,1.4534,2.6865,2.145,3.8668,8.3504,8.2248,7.8871,7.6224,8.9805,5.4021,5.634,1.7969,2.7478,3.6267,3.0085,2.9381,2.8995,2.8026,24.929,20.945,16.421,12.474,13.96,16.173,13.133,14.624,0.63241,1.1744,0.518,0.96424,0.73242,0.41014,2.143,2.951,3.364,19.285,19.433,20.154,2.3849,3.1132,0.75859,15.201,76.311,65.404,9.969,6.0734,5.1749,5.0213,1.1027,0.59295,2.3933,3.4694,3.5352,2.6436,0.22502,0.45048,23.35,2.7023,3.1535,21.55,21.85,5.3662,7.0387,5.8167,6.3319,6.4037,6.4136,93.681,109.32,50.526,26.962,33.96,33.395,40.863,37.468,21.102,18.568,38.673,13.401,21.737,7.4418,23.099,14.109,14.243,21.49,52.312,20.325,38.13,22.037,55.349,49.861,57.53,52.668,22.237,9.6184,1.6316,1.4466,2.4111,2.0537,3.1276,2.4112,11.911,1.3963,3.5674,3.3898,3.6391,4.7954,3.231,1.3898,3.5347,18.547,14.934,13.622,13.335,14.018,13.194,14.943,0.90723,0.91418,0.91866,0.85024,0.47873,0.70652,22.232,22.135,19.705,20.08,19.416,54.706,39.959,29.152,42.608,34.611,38.292,6.2861,8.9226,8.0618,2.2384,1.9424,8.845,7.745,7.6603,2.7161,2.4895,6.4064,7.7655,8.0731,6.6822,5.832,7.94,8.347,10.007,11.294,8.467,10.86
14.962,37.667,1.511,29.139,29.659,23.422,74.033,31.166,33.327,25.22,11.798,15.8,0,0.3196,28.812,14.76,34.501,48.141,8.5687,4.4122,2.9717,14.855,18.349,2.7529,26.474,0.23875,83.346,87.411,90.22,80.778,50.368,46.27,45.639,61.33,32.899,31.6,40.999,20.996,27.63,3.1877,12.149,9.3037,10.718,7.0084,17.292,6.9398,29.719,0.85576,26.401,18.173,21.754,0.36806,28.122,24.944,0.88502,0.30332,0.78061,6.3589,1.9425,2.5022,0.78768,2.4956,117.22,140.58,137.21,123.35,132.44,78.595,62.637,59.846,78.517,44.055,47.314,63.35,14.737,27.482,7.1798,10.234,0.81341,1.4144,4.6496,0.35771,0.39154,13.439,0.41331,0.17164,3.3299,3.2204,8.6989,13.47,7.493,6.46,51.835,42.21,54.719,47.123,62.307,32.226,35.895,33.571,9.4761,2.1126,16.93,9.3424,21.853,0.71286,15.72,10.841,10.865,11.017,9.1196,9.9953,10.436,9.4486,1.5061,1.6859,1.4747,2.0858,1.8662,2.8913,3.2169,6.9407,9.7846,4.2889,5.2517,19.106,17.629,17.711,7.5815,1.8823,1.1337,5.2069,2.7112,2.7788,3.2546,2.7272,13.886,15.586,15.372,15.101,16.089,11.152,9.6311,14.346,28.446,0.19372,0.19778,0.26457,28.543,27.577,23.426,0.029145,84.671,84.103,33.748,24.275,28.921,30.597,13.429,13.012,7.2103,4.5038,19.782,19.094,17.581,12.834,0.81152,16.657,26.161,0.53242,0.65854,3.243,1.7561,2.6513,2.3688,2.1889,2.1909,122.03,133.36,65.007,32.765,25.33,70.675,45.077,36.307,49.284,45.636,72.84,0.1575,0.53981,16.481,6.7074,5.9261,27.915,9.7758,22.408,16.78,14.953,4.7245,25.377,24.264,41.567,26.599,12.438,5.3571,11.569,12.262,11.188,11.35,7.6883,7.8378,0.57561,7.8533,5.3381,6.637,4.6238,3.6102,5.7655,15.735,26.885,3.3622,2.4933,3.1828,3.794,2.1839,2.1209,3.6625,15.319,15.395,14.857,15.108,13.523,11.312,0.57789,0.55084,0.22276,0.27043,0.18727,56.856,39.066,25.869,58.836,25.478,74.444,2.7735,10.645,1.3797,14.014,10.481,1.4733,1.6444,2.204,18.65,17.865,2.3086,1.7843,1.5721,2.0696,2.6134,1.4007,1.4843,1.2946,1.9623,1.1976,1.9393
18.311,44.926,3.1155,34.166,35.852,28.913,83.132,34.254,37.449,27.962,15.949,20.483,0.3196,0,32.334,13.91,34.362,44.565,11.449,6.787,3.7933,18.861,22.593,2.8018,32.057,0.070197,90.741,96.408,98.965,88.513,55.967,53.113,49.88,69.84,38.84,38.156,48.511,26.456,33.798,5.1453,16.218,12.582,14.08,10.051,21.289,7.5433,34.842,0.17406,31.304,23.114,26.75,0.24584,33.669,30.432,0.56936,0.59792,0.51523,9.4507,3.6755,4.3527,1.7791,4.4089,124.67,149.91,148.04,134.12,140.35,84.103,69.519,67.042,87.95,48.849,51.365,71.137,17.277,33.259,8.1242,11.396,1.7358,2.6384,5.6891,0.11626,0.83751,15.342,0.0074324,0.034355,1.9361,3.4222,8.6915,12.089,6.2951,5.3342,54.757,42.949,55.072,49.389,64.662,32.887,37.641,37.165,10.779,2.5217,19.363,8.9825,25.374,0.56126,18.923,14.264,14.119,14.344,12.506,13.168,13.778,12.316,2.9301,3.1285,3.0135,3.6467,3.1624,4.9612,5.2162,10.154,12.921,6.8888,8.1484,23.374,21.702,21.817,6.9419,1.3961,1.2356,6.1579,3.24,2.9856,3.9457,3.1577,18.019,19.786,19.731,19.293,20.479,15.155,12.888,17.978,34.026,0.099685,0.071759,0.020524,34.43,33.079,29.087,0.39447,90.684,91.379,40.345,29.953,35.255,37.137,17.891,17.402,10.565,7.1097,24.016,23.425,22.361,16.904,0.11797,20.643,31.424,0.21833,0.3548,5.5953,3.5483,4.6192,4.217,4.0387,4.0371,131.03,142.01,71.437,37.435,27.984,79.709,49.85,40.205,56.85,52.978,81.626,0.89323,0.03803,19.526,6.2425,6.69,31.282,9.8222,19.589,17.762,13.235,4.2475,22.461,21.936,40.114,24.146,12.651,6.7804,15.158,15.978,14.555,14.815,10.531,10.86,1.6501,11.212,7.9008,9.3293,7.1502,5.8173,8.435,19.9,32.17,3.2694,2.8638,3.7942,4.4941,2.6736,2.7322,4.11,19.555,19.64,19.031,19.333,17.662,15.134,0.14075,0.11189,0.058596,0.070886,0.043221,61.607,43.062,29.229,65.35,28.069,83.465,4.6212,12.731,2.8895,17.759,13.875,2.7962,3.196,3.7577,22.904,22.061,4.1417,3.3215,3.053,3.8527,4.5806,3.0557,2.9104,2.4009,2.8654,2.6367,2.9125
54.047,31.005,28.158,3.034,14.135,11.897,92.668,91.855,85.876,83.317,26.561,14.051,28.812,32.334,0,15.693,12.174,41.545,7.6398,13.328,14.079,6.4551,4.6051,17.949,8.9338,33.583,137.34,121.43,130.52,128.48,101.47,75.256,107.67,76.238,59.624,39.063,40.429,29.198,35.67,33.309,12.37,9.004,7.2804,12.148,4.0523,10.415,3.3118,32.246,3.4595,12.785,7.4715,35.625,7.0577,9.5103,39.76,24.222,25.992,15.909,18.054,16.186,20.222,16.818,190.55,204.32,178.43,155.98,208.56,150.58,107.64,97.812,95.239,99.035,112.46,95.249,62.506,47.611,56.771,63.191,33.238,33.721,11.068,35.025,34.185,3.4232,32.494,32.106,31.455,16.285,12.383,20.278,22.152,22.481,5.3984,9.7691,15.907,5.5853,10.838,7.6316,4.15,0.2145,6.434,17.241,1.7265,14.229,0.70529,25.189,2.4015,7.5198,6.443,6.6597,10.46,7.1433,7.5627,6.4317,18.009,17.245,19.085,16.122,16.134,16.519,14.449,15.541,7.2349,17.384,18.987,4.1631,4.1972,4.3093,17.311,24.04,21.487,10.679,15.554,16.982,14.029,15.95,9.1462,7.1663,9.2195,7.7722,8.3701,14.836,8.2438,4.6744,7.1222,33.309,33.121,33.056,10.564,7.0519,15.874,27.099,155.19,140.08,46.711,38.528,34.798,33.429,22.193,19.342,21.298,15.987,3.5197,4.5493,11.089,10.527,33.854,4.4993,6.0008,36.78,38.024,22.814,20.963,16.591,16.814,17.884,17.824,179.69,201.6,117.78,78.43,84.305,86.426,101.17,93.945,67.939,63.478,96.586,28.238,32.465,1.8502,16.695,10.604,0.019104,11.529,31.978,5.3043,22.774,18.776,32.593,26.818,22.231,27.932,9.6347,9.5016,7.6758,7.6434,6.6634,7.075,8.8486,9.8144,28.891,14.221,12.114,9.9338,14.15,14.691,11.839,6.667,5.6768,17.853,16.657,14.435,13.204,16.737,16.401,14.412,7.897,7.8667,7.9447,8.0964,9.9527,10.625,36.468,36.057,33.275,33.91,32.583,122.21,98.133,78.81,105.58,85.134,95.221,15.056,4.4872,19.475,5.6086,7.868,17.706,18.119,15.656,4.4241,4.7115,16.982,17.288,18.008,17.825,16.787,22.822,18.135,17.955,15.975,20.15,15.923
55.915,64.55,22.089,27.089,43.071,35.938,132.29,88.117,89.767,78.024,37.744,31.483,14.76,13.91,15.693,0,5.0608,11.205,14.293,15.144,6.3246,21.153,21.712,4.8681,34.654,15.798,160.25,157.56,163.98,154.59,114.34,99.631,110.48,113.1,79.109,65.804,74.322,49.344,60.015,28.667,25.81,17.887,17.244,18.61,19.611,2.8143,27.99,11.804,26.189,32.427,29.112,17.753,33.228,34.27,20.066,10.945,9.1701,21.833,14.73,14.012,11.898,14.893,210.15,236.8,223.98,202.81,230.29,158.98,129.22,122.57,137.2,106.43,113.56,124.64,57.97,67.37,42.485,49.556,22.059,24.342,5.482,16.561,19.939,6.0267,13.549,14.772,7.4312,4.5077,1.1404,0.34495,1.8216,2.3188,20.879,9.7406,14.802,16.27,23.92,5.6637,9.9257,17.19,4.1836,6.2969,8.4364,0.68236,14.946,9.1767,13.293,17.823,15.956,16.596,19.668,15.882,17.303,13.403,12.789,12.313,14.334,12.174,10.582,15.649,13.615,22.357,15.703,19.739,22.971,21.639,20.243,20.539,1.202,6.4923,7.7459,4.7505,5.747,5.0191,5.5681,5.4914,23.904,23.013,25.576,23.366,25.2,27.242,17.202,17.412,33.536,16.007,15.667,14.931,38.16,32.855,40.169,13.645,166.84,161.92,72.655,58.813,60.53,60.952,36.343,33.526,27.918,18.681,21.043,22.324,29.99,24.457,13.032,19.787,30.327,17.59,18.684,22.489,17.404,15.061,14.483,15.327,15.257,211.42,229.19,135.23,86.848,78.328,126.22,108.22,95.557,98.519,92.9,133.4,16.777,12.983,12.059,1.5675,3.7214,14.623,0.96843,3.05,2.75,0.66668,2.8106,3.5368,2.1093,6.8064,2.7114,0.91462,6.6075,19.07,19.916,16.858,17.806,14.883,16.753,19.383,22.322,15.442,14.681,16.745,15.11,15.929,22.43,30.326,4.0699,5.6666,5.4141,5.0534,6.3762,6.8085,4.5198,23.77,23.807,23.347,23.822,24.526,22.782,16.62,16.271,15.572,15.887,15.122,127.39,100.05,78.138,124.66,78.66,133.99,13.13,7.4412,14.46,18.766,17.867,11.941,13.657,11.776,21.68,21.424,14.519,12.924,13.137,14.863,15.209,18.036,12.9,10.833,8.1533,14.557,8.5201
84.339,76.232,42.424,26.749,49.213,43.09,158.28,126.45,125.55,114.69,55.659,42.246,34.501,34.362,12.174,5.0608,0,9.2647,23.174,28.05,18.312,27.914,26.24,17.819,39.073,37.071,200.83,190.71,199.78,192.62,151.29,127.68,150.9,136.58,104.95,83.292,89.21,65.802,77.288,51.093,36.732,27.567,25.544,30.569,24.067,10.912,27.628,31.505,27.192,41.792,34.333,39.991,35.932,39.567,43.774,28.337,26.469,35.945,30.237,28.517,28.044,29.78,259.97,284.44,262.84,237.53,282,205.71,164.91,155.32,162.7,144.21,155.22,155.26,89.489,89.877,72.857,81.798,44.272,46.879,15.523,38.37,42.199,9.3711,33.924,35.416,24.688,16.641,8.5667,7.519,12.946,14.179,8.2563,0.99594,2.553,5.1399,8.1968,0.53741,2.7795,11.609,10.075,19.669,9.9924,8.2343,15.057,26.271,16.712,26.254,23.652,24.416,30.261,24.22,25.844,21.279,28.091,27.192,30.306,26.481,24.664,30.403,27.146,36.171,24.139,34.91,38.819,25.631,24.706,25.056,10.695,22.066,23.206,14.232,18.188,17.698,17.233,17.988,32.559,30.01,33.846,30.869,32.766,39.724,26.34,23.099,36.158,37.266,36.794,35.847,42.754,35.757,49.417,32.619,213.52,203.3,92.801,78.411,76.988,76.228,51.809,47.748,44.511,33.095,24.367,26.584,38.63,34.186,33.5,24.742,33.1,40.055,41.691,40.415,34.452,29.835,29.345,30.784,30.679,255.77,278.1,174.02,120.06,115.3,150.76,146.5,133.46,122.58,116.3,161.41,36.697,33.165,14.657,11.403,12.59,11.343,7.5481,9.7208,4.2413,7.897,14.556,8.9701,6.0761,1.506,5.9408,5.5455,16.055,27.441,28.102,24.648,25.839,24.705,27.188,39.841,35.262,27.572,25.327,30.132,28.831,27.861,29.075,32.631,16.508,18.533,17.205,16.084,19.578,20.034,15.866,31.284,31.281,31.023,31.516,33.743,32.964,38.761,38.228,36.712,37.261,35.976,170.03,138.76,113.14,160.7,115.88,160.89,26.968,12.844,30.625,25.195,26.598,26.988,29.107,25.797,25.992,26.172,29.471,27.896,28.479,30.264,30.092,35.959,28.275,25.81,21.62,31.04,22.061
115.17,127.15,63.125,64.577,93.898,84.017,220.33,156.61,161.16,142.83,90.079,79.031,48.141,44.565,41.545,11.205,9.2647,0,49.978,52.397,34.108,60.704,60.159,29.468,80.299,48.161,254.68,252.74,260.64,248.13,195.06,177.56,187.51,195.22,149.74,130.81,141.76,107.27,122.68,73.879,70.175,56.605,54.931,58.488,56.635,25.223,65.979,39.674,64.446,79.883,72.409,51.407,76.83,80.337,54.244,41.663,36.73,64.297,51.275,50.121,45.081,51.755,314.82,349.38,335.29,309.36,339.45,249.72,215.58,207.48,226.53,183.65,190.89,210.5,116.14,133.52,90.71,100.98,61.39,65.668,32.361,49.102,56.719,30.419,43.65,46.629,28.784,29.064,19.491,10.921,17.65,19.332,33.666,14.778,13.962,27.076,30.272,14.167,22.18,41.219,28.037,33.318,33.803,17.244,44.695,37.138,44.865,55.986,52.404,53.581,59.956,52.577,55.142,47.937,47.426,46.597,50.319,46.488,43.21,53.224,49.489,65.161,52.307,60.656,66.237,59.642,57.691,58.221,18.324,30.992,35.334,30.545,32.419,30.189,32.292,31.687,66.185,63.878,68.677,64.731,67.71,72.932,55.217,53.77,77.23,48.762,48.105,46.497,85.652,76.423,91.43,46.451,260.28,256.55,140.75,121.3,123.22,123.5,87.745,83.197,74.488,58.817,58.141,60.961,75.786,67.552,41.663,57.285,72.452,50.44,52.174,65.017,55.929,52.1,50.963,52.456,52.329,318.71,339.4,222.46,158.47,142.98,212.35,185.85,168.02,176.11,168.56,221.9,52.622,42.352,41.886,20.012,27.836,39.883,18.703,5.2363,20.118,9.4666,23.243,3.8628,4.0703,3.5773,3.1921,17.462,34.945,58.08,59.413,54.021,55.771,51.371,54.88,57.657,64.986,52.886,51.236,55.342,52.323,53.743,62.726,72.064,27.345,31.932,31.839,31.144,33.652,34.775,29.571,65.389,65.428,64.794,65.57,67.445,65.005,48.45,47.893,47.816,48.189,47.168,209.59,173.91,144.54,209.39,143.24,222.59,48.506,35.045,50.493,56.532,56.195,45.751,49.15,45.743,59.949,59.846,51.013,47.824,48.129,51.568,52.362,56.753,47.628,43.386,37.972,50.546,38.802
21.746,18.148,6.6694,6.1053,8.6324,5.4045,61.179,47.248,44.064,40.931,7.111,3.3501,8.5687,11.449,7.6398,14.293,23.174,49.978,0,0.84273,3.3513,1.0315,1.8845,6.3172,5.828,11.612,88.226,81.015,86.871,82.432,57.609,42.067,59.999,48.119,29.551,19.208,23.458,11.061,16.237,9.0641,1.7098,0.20685,0.1813,0.58937,1.5179,4.6452,6.3732,12.444,4.8973,3.7343,3.5906,12.428,6.1141,5.3428,14.797,6.9312,9.0368,1.6359,2.5631,1.9043,4.2198,2.0337,129.86,145.62,130.14,112.9,145.33,94.506,64.872,58.601,64.227,54.456,63.315,58.472,26.645,21.776,22.97,26.963,9.6648,9.624,2.6937,12.413,10.737,3.0992,11.74,10.91,14.993,5.6168,7.692,16.439,13.293,12.672,24.675,25.04,35.718,23.249,34.219,18.401,17.026,10.409,3.1542,4.9398,3.4354,9.5185,3.8003,8.446,1.477,0.23149,0.14065,0.17337,0.47768,0.069296,0.16815,0.055826,2.8946,2.6538,3.0875,2.2012,2.597,1.8385,1.329,1.5933,0.052642,1.9764,2.6148,2.1058,1.6257,1.6569,10.278,9.3313,6.6909,3.0403,4.3734,5.628,3.7559,4.7375,1.3007,1.372,1.7677,1.3465,1.7882,2.2479,0.1352,0.74014,6.268,11.327,11.316,11.561,7.1199,5.8775,6.6895,7.7995,98.993,90.025,23.513,16.373,16.32,16.352,5.6886,4.4239,3.8147,1.5236,2.3124,2.1311,3.0101,1.3611,13.096,1.3453,5.0801,13.373,13.933,4.0515,3.5191,1.9263,2.0852,2.4104,2.394,125.23,141.57,71.291,39.623,41.571,56.774,55.973,49.554,39.457,35.916,62.681,7.6096,11.992,2.0148,9.1648,3.8048,7.4217,7.8775,29.33,7.6608,18.996,8.8586,31.533,27.365,34.044,29.452,8.3589,1.7206,0.39783,0.54853,0.2008,0.26947,0.044456,0.17262,7.4562,1.3097,0.52834,0.15731,1.0043,1.2515,0.4599,1.3263,5.336,6.9185,5.0043,4.0352,3.723,4.6189,4.2052,4.6333,1.4396,1.4564,1.31,1.4188,1.4013,0.9886,13.515,13.336,11.469,11.825,11.126,71.562,52.701,38.264,62.502,42.119,62.612,1.6111,1.5141,3.2469,0.70325,0.21589,2.9508,2.7699,2.0962,1.9701,1.7351,2.1475,2.5437,2.8212,2.4467,1.985,4.3346,2.9287,3.3726,3.3634,3.5525,3.1907
15.512,19.605,2.7782,11.182,11.744,7.8759,58.023,37.238,35.392,31.408,5.0807,4.1753,4.4122,6.787,13.328,15.144,28.05,52.397,0.84273,0,2.2627,3.0866,4.8581,4.5789,9.3487,6.7023,79.008,75.163,79.938,74.288,49.059,37.294,49.649,45.671,25.257,18.246,23.821,10.066,15.207,4.5303,2.2437,0.9032,1.4219,0.35061,4.4249,4.918,11.494,7.9245,9.4288,5.1761,6.5914,7.1779,10.258,8.5017,8.9285,3.6373,5.5658,0.61713,0.51272,0.27019,1.6518,0.28177,117.23,134.51,122.86,107.13,132.17,82.292,57.279,52.217,61.378,45.297,52.434,53.102,18.956,18.656,15.103,18.485,4.8189,4.7718,2.4099,7.2769,5.6937,5.6275,7.0737,6.2453,11.111,4.2396,7.983,16.304,11.762,10.895,33.516,31.616,43.449,31.287,43.995,23.604,23.389,16.889,4.5102,3.1812,6.828,9.6297,8.1405,5.0941,4.4692,1.4462,1.564,1.5787,0.87603,1.2239,1.3114,1.2668,0.80313,0.72658,0.79094,0.53123,0.91006,0.19466,0.11256,0.73066,1.1574,0.37843,0.87774,5.2879,4.5595,4.5826,9.5625,6.4171,4.0412,2.9308,3.0058,4.0503,2.7375,3.312,2.7009,3.4132,3.3962,3.1966,3.6893,2.1787,1.0248,3.0524,10.454,6.4511,6.4766,6.7559,10.69,9.9303,8.4469,3.9452,86.992,80.467,21.579,14.296,15.656,16.205,4.6851,3.8548,1.9744,0.20864,5.7296,5.2375,4.6603,2.3392,8.2863,4.0631,9.0903,7.9659,8.3287,1.3372,0.91914,0.23671,0.31749,0.42267,0.41767,115.22,129.74,62.373,32.113,31.902,54.131,46.62,40.008,36.436,33.058,58.655,3.5443,7.3617,5.2518,8.3885,3.8518,12.962,8.5031,28.839,10.529,18.713,7.3688,31.464,28.063,38.512,30.376,9.7708,1.8022,1.698,1.965,1.6322,1.6481,0.52328,0.49179,3.3192,0.82643,0.04489,0.27394,0.040555,0.043115,0.090369,3.4847,9.5285,5.317,3.4188,2.94,2.9436,2.9542,2.5776,3.6412,3.3021,3.337,3.0888,3.2103,2.5954,1.7043,8.1822,8.0703,6.6099,6.8659,6.3813,60.582,42.895,29.592,54.637,32.335,59.087,0.22364,3.3475,0.86775,2.783,1.3085,0.916,0.67194,0.52957,5.0275,4.6092,0.341,0.61765,0.73632,0.45445,0.25436,1.3577,0.81101,1.2819,1.7566,1.029,1.5826
24.851,34.929,5.0342,16.967,22.571,17.061,82.46,48.676,48.943,41.421,13.64,12.166,2.9717,3.7933,14.079,6.3246,18.312,34.108,3.3513,2.2627,0,8.0842,9.8745,0.46771,18.012,4.356,102.91,101.35,106.19,98.399,66.999,56.121,64.844,67.78,40.982,33.289,40.752,21.81,29.124,8.3491,8.593,4.7322,5.0868,4.1767,8.7441,0.95245,17.537,3.7231,15.256,13.48,13.868,5.2327,18.335,17.152,6.8693,1.4613,1.8258,5.1906,1.7513,1.547,1.0354,1.8391,143.91,165.72,155.69,138.64,160.62,102.76,78.38,73.346,86.594,61.262,67.459,75.252,26.954,32.984,18.395,22.907,5.7349,6.6077,0.19273,4.8823,5.315,3.8808,3.8212,3.8067,4.2606,0.31639,2.1493,6.6259,3.7089,3.2487,30.037,23.244,33.021,26.428,38.077,16.045,18.235,17.253,1.8381,0.17904,6.0307,2.864,9.9184,1.6084,6.3137,5.3167,4.7614,5.0141,5.2597,4.3806,4.9905,3.455,1.135,0.98957,1.6284,0.95658,0.545,2.1446,1.5216,5.5517,4.2425,3.9017,5.4082,10.219,9.0906,9.2172,2.5799,1.5813,0.78776,0.31206,0.067924,0.29571,0.02503,0.11995,8.585,9.0109,9.7914,8.9159,9.9678,8.7932,4.6393,6.7205,18.599,4.3055,4.2058,4.1011,20.238,17.94,18.694,2.4123,108.83,104.27,37.489,27.527,29.798,30.578,13.405,12.024,7.9747,3.5336,10.377,10.418,12.316,8.3565,4.2703,8.4926,16.407,5.5583,6.1036,4.9628,2.7575,1.9121,1.6892,1.9678,1.9431,144.61,159.43,83.115,46.439,41.76,77.981,62.666,53.549,56.116,51.938,82.807,3.2968,3.7907,6.43,1.9828,0.54544,13.354,2.5772,15.071,5.7256,8.1272,1.4718,17.079,14.877,25.098,16.635,3.7489,0.47061,6.0096,6.5694,5.1647,5.5212,3.1942,3.8294,4.1547,5.8018,2.6034,2.7667,2.8558,2.0764,2.8858,8.8867,16.771,0.67134,0.16685,0.044478,0.075497,0.12445,0.08862,0.16937,9.1463,9.192,8.8046,9.0731,8.6557,7.1666,5.3448,5.1757,4.2381,4.4632,3.9837,77.807,56.932,40.833,74.829,42.091,83.572,1.3034,2.687,1.6799,6.9682,5.1848,0.89783,1.3963,0.85391,10.01,9.5562,1.6967,1.1667,1.2361,1.8006,1.959,3.0676,1.1695,0.64928,0.13724,1.7373,0.17695
