0,5.798,7.4541,38.369,44.211,186.46,294.69,264.45,13.534,26.241,25.397,96.531,31.151,70.974,80.176,76.601,77.097,87.878,94.547,126.51,86.81,89.182,107.42,109.4,30.782,28.666,60.721,59.558,10.947,1.8997,5.1656,22.366,9.9891,33.956,40.342,32.294,27.23,41.795,46.903,39.653,38.664,100.15,114.34,98.617,189.04,140.57,235.04,174.86,262.25,4.076,0.99165,5.1717,4.8144,7.7147,1.8134,1.5088,21.216,26.257,27.293,25.478,33.302,30.18,46.164,44.43,36.672,45.294,45.462,58.246,74.166,148.99,157.62,155,146.74,152.8,154.95,151.88,147.01,150.29,148.78,148.94,150.3,153.63,156.21,155.88,154.36,122.4,195.36,107.63,116.56,120.61,109.41,79.288,88.903,29.01,12.033,30.828,32.161,36.183,32.635,31.319,32.997,31.459,32.056,27.38,33.638,28.888,31.391,31.498,70.301,83.627,97.176,84.604,83.957,90.3,96.803,86.637,86.93,89.992,84.337,98.315,94.595,85.944,71.203,81.919,83.38,99.759,87.035,125.17,96.593,105.79,31.332,29.678,30.81,30.876,30.908,29.928,29.745,37.482,42.152,27.825,32.351,52.604,30.226,57.445,27.953,58.943,56.338,55.906,55.655,59.978,0.71506,0.0037435,17.574,20.974,38.245,71.247,22.051,20.83,30.008,35.825,125.65,140.88,124.5,149.38,163.5,137.41,203.69,142.43,168.1,157.59,173.18,178.22,260.32,282.88,1.0027,7.2486,3.3113,24.51,13.071,8.1045,41.959,29.479,66.06,41.599,46.088,40.896,62.222,63.313,144.47,145.15,130.91,145.08,99.614,124.89,28.729,31.799,30.062,30.996,33.471,30.143,29.999,75.875,67.789,72.399,77.208,66.983,86.198,97.262,99.935,80.28,84.91,87.93,94.95,103.45,102.22,30.688,30.591,30.882,29.743,28.889,40.234,29.255,30.999,30.66,54.751,53.099,40.241,57.155,53.568,55.543,54.862,55.149,58.82,31.117,92.75,89.785,91.662,33.058,29.311,25.315,27.824,12.497,19.861,6.1202,22.347,89.014,89.684,89.577,88.387,87.568,93.12,89.449,88.591,33.658,26.541,28.37,27.316,32.38,74.269,77.566,78.063,72.373,87.546,88.964,84.942,87.52
5.798,0,5.2555,18.61,18.947,127.14,223.86,192.79,1.7536,23.279,8.7174,55.841,12.962,40.391,48.281,45.091,45.603,53.273,55.897,86.599,48.961,49.593,71.982,73.792,9.9602,8.9738,39.859,38.862,20.693,2.1503,7.6293,15.722,5.0113,14.277,15.564,11.116,9.4232,16.574,21.567,15.146,15.613,58.595,71.85,60.725,128.99,91.703,167.65,118.21,192.18,1.9273,2.4944,21.545,16.097,12.019,2.8807,3.9749,21.095,7.3981,8.7064,7.0366,11.334,9.5322,24.633,22.335,13.346,18.731,25.633,32.51,38.664,99.512,106.61,104.5,97.935,103,104.14,101.33,98.216,97.263,96.584,97.01,97.688,100.35,103.5,102.74,101.62,78.626,140.2,64.24,75.968,75.673,68.359,44.738,51.202,11.809,3.0056,12.602,12.963,17.711,10.93,12.748,13.976,12.981,13.199,10.009,13.842,10.854,12.699,12.206,36.61,53.381,62.967,53.375,52.335,56.974,63.319,54.744,55.074,57.85,52.615,56.387,53.669,48.273,37.584,44.787,45.204,66.061,48.187,81.81,55.276,71.377,10.455,9.5594,10.025,10.04,10.017,9.5279,9.311,14.235,16.866,8.2398,10.914,33.634,9.5864,38.559,8.3223,38.345,36.416,36.204,35.789,38.563,7.6128,5.7549,17.875,17.924,14.264,46.377,5.7421,21.612,20.163,17.989,82.601,97.645,77.414,104.56,115.98,90.085,142.06,90.825,117.59,107.63,118.21,121.02,188.67,207.99,10.952,21.315,1.0303,28.307,5.7459,3.1001,25.914,13.511,40.504,19.226,19.218,15.897,38.09,37.775,95.995,96.608,82.704,93.906,59.083,78.659,10.919,12.886,12.167,12.456,13.852,11.765,11.677,45.302,39.088,42.863,43.273,33.412,53.769,62.673,65.844,42.975,46.44,48.644,53.945,69.136,68.201,10.062,10.049,10.164,9.3474,8.9008,18.079,9.072,10.039,9.8806,35.425,35.077,15.611,37.694,34.037,35.616,35.274,35.639,35.554,12.957,53.934,51.633,53.427,13.908,11.123,8.1657,9.8806,1.3061,9.3366,6.3869,24.857,51.22,51.714,51.675,50.744,49.947,54.231,51.142,50.611,12.19,9.3403,10.264,9.6857,12.194,44.68,47.346,48.62,44.193,50.269,51.301,48.281,50.104
7.4541,5.2555,0,14.352,23.246,140.79,221.39,208.12,10.855,6.8975,9.1132,63.995,11.148,37.178,42.786,40.676,40.895,49.343,58.088,76.283,54.802,62.749,61.124,62.489,17.809,15.049,26.02,25.283,7.23,2.2478,0.93722,4.0704,0.33728,13.252,25.943,16.996,10.647,25.459,23.091,25.198,19,66.866,72.398,58.438,144.82,95.477,183.29,128.01,201.14,11.092,7.4034,17.355,7.9215,2.175,2.0127,2.266,5.3474,15.81,12.355,17.862,20.555,20.065,18.578,18.349,22.683,28.815,17.297,26.961,49.733,100.33,107.27,105.06,98.05,102.78,105.61,103.71,98.175,112.71,107.83,106.65,109.75,112.68,110.57,111.97,110.3,78.095,135.09,73.283,70.894,79.637,67.903,45.849,54.635,9.8096,2.3339,11.149,12.474,12.666,20.508,11.608,12.339,11.512,12.028,9.9372,13.377,10.817,11.765,12.605,42.935,43.45,54.039,44.642,44.558,49.408,53.322,46.261,46.404,48.378,44.844,71.485,66.887,54.26,42.582,52.982,60.361,55.267,59.174,78.882,67.499,59.478,16.898,15.589,17.4,17.632,18.04,16.812,17.926,20.345,25.136,18.682,18.394,20.811,20.738,23.677,19.037,24.893,23.196,22.894,22.783,25.711,5.3985,7.6874,3.7533,4.1433,24.783,33.539,9.974,5.5647,7.5557,12.129,78.738,88.085,86.921,94.895,106.46,91.049,152.64,107.75,112.45,105.57,122.53,130.66,208.73,228.29,13.528,11.415,8.2496,9.2008,1.1768,0.5111,14.305,8.8823,30.804,17.85,29.853,26.956,27.981,29.307,96.389,96.831,91.278,103.44,63.599,84.064,10.509,12.076,10.687,11.543,13.126,11.291,11.212,39.437,33.862,36.81,44.162,45.592,46.419,54.371,55.621,56.215,59.061,61.955,67.068,57.941,56.99,16.616,16.319,16.792,17.404,16.539,17.325,17.116,18.458,17.832,22.136,20.933,29.162,23.591,21.494,22.731,22.256,22.408,25.719,11.112,58.032,55.882,56.447,12.497,11.027,9.9434,10.774,7.2447,3.5166,0.26264,7.2586,54.876,55.42,55.237,54.402,54.217,58.277,56.256,55.281,16.825,9.7597,10.966,10.335,14.079,37.804,40.024,39.755,35.794,53.392,54.562,51.477,53.708
38.369,18.61,14.352,0,3.8027,69.183,123.02,116.81,16.092,14.708,2.0837,20.75,0.56345,5.3371,7.6834,6.7247,6.8303,10.479,15.406,25.578,15.18,23.703,17.596,18.457,7.43,5.7053,5.2943,4.9558,37.539,23.207,22.355,8.0048,10.347,0.56524,10.191,5.0914,2.1365,8.2609,2.2144,9.7409,2.8021,22.245,22.552,14.891,73.054,36.575,99.225,59.038,109.45,32.362,32.724,63.07,43.289,25.157,23.871,26.05,18.178,8.9594,3.7002,12.849,8.9212,11.247,0.42882,0.24605,8.8482,9.9562,0.89519,2.067,16.488,39.001,43.324,41.925,37.516,40.415,42.379,41.341,37.577,52.415,46.931,45.435,48.536,50.494,46.858,48.556,47.279,25.608,61.51,25.973,21.539,27.346,19.972,9.4657,14.118,0.77801,7.5128,0.67425,0.84094,0.079417,9.4816,0.70786,0.45577,0.61114,0.63832,1.5381,0.76064,1.3322,0.7599,1.2362,10.453,8.9849,13.465,9.1101,8.828,10.946,13.445,9.7469,9.8606,10.979,8.9503,29.474,25.649,15.002,9.5891,15.667,24.613,14.658,20.333,25.94,25.14,17.162,5.7597,5.5173,6.8586,7.1084,7.6292,6.8657,8.5541,5.113,7.5393,11.588,6.8186,3.7117,12.228,5.7391,11.996,4.7886,4.3246,4.3451,4.1053,4.5338,36.306,38.656,18.055,13.04,10.42,6.6283,5.378,19.754,5.7178,0.21333,25.875,32.208,33.687,36.339,43.486,33.365,75.758,50.528,46.577,42.078,53.747,60.701,119.69,133.99,51.777,50.591,28.378,26.949,7.3364,11.465,2.6394,0.65456,4.2405,0.52263,10.746,11.159,3.59,3.3585,36.527,36.779,35.743,43.423,18.892,30.317,1.2192,0.76367,0.74934,0.80181,0.68101,1.0268,1.0456,6.3544,4.1937,5.3631,8.6949,16.084,9.549,13.462,14.629,21.005,21.62,23.487,25.655,16.118,15.655,5.9487,5.6565,6.0067,7.8314,7.4442,0.65272,7.8912,8.1194,7.5723,4.2214,4.7809,15.158,5.0672,3.594,4.011,4.0366,4.215,2.8957,0.5606,15.977,15.003,14.846,0.5067,1.2568,2.7876,1.8804,11.963,3.7679,18.299,23.584,14.31,14.585,14.447,14.088,14.23,16.076,15.529,14.886,3.8478,1.8754,1.7121,1.8451,1.9308,5.8777,6.8386,7.1289,5.4869,13.433,14.026,12.576,13.745
44.211,18.947,23.246,3.8027,0,50.102,112.83,93.437,12.14,31.523,3.2595,10.305,2.9758,5.6882,9.3723,7.7219,8.045,10.354,9.8131,28.791,7.1263,9.8839,22.314,23.457,2.144,1.9928,15.808,15.321,55.383,28.807,33.454,20.457,18.126,2.0308,2.0767,1.152,2.4289,1.126,0.41657,1.9331,0.2139,11.5,17.203,12.751,52.2,27.292,76.685,43.422,91.122,30.757,35.127,75.801,57.661,39.012,30.378,33.517,35.237,3.7505,2.0308,5.9844,2.3496,4.0474,5.1018,3.2706,1.8548,1.6141,7.654,5.3261,5.2063,31.721,35.778,34.577,30.915,33.809,34.298,32.653,31.092,33.586,31.376,31.114,32.283,33.873,34.217,34.232,33.463,20.726,57.14,14.208,20.761,18.899,15.712,5.6794,7.8575,3.5702,11.368,2.8135,2.0361,4.7758,2.7154,2.5331,2.5316,2.6998,2.4155,2.8834,1.7903,2.4875,2.405,1.7613,3.0797,14.318,17.081,13.325,12.249,13.789,18.021,13.615,13.873,15.506,12.342,13.658,11.453,6.8864,3.2006,6.0754,9.6861,19.762,8.28,22.909,11.572,22.895,1.4839,1.7316,1.9272,2.0054,2.1992,2.0955,2.8059,0.49171,0.83652,4.7181,1.6479,13.955,4.5788,17.504,4.9167,15.085,14.62,14.761,14.259,14.19,45.243,44.285,34.033,27.936,2.4024,15.417,3.8495,37.256,18.071,5.6621,23.604,34.042,20.665,37.857,44.223,26.511,58.345,30.974,43.377,36.772,42.546,45.07,92.869,106.19,57.98,66.911,28.158,47.428,14.456,17.718,12.723,5.6704,10.571,1.5754,1.9251,2.4951,10.571,8.7949,29.803,30.163,23.124,29.368,11.138,20.499,2.7011,2.2631,2.9911,2.4696,1.9446,2.414,2.4402,8.6418,6.4801,8.0456,5.2237,4.472,12.458,16.529,19.22,7.6924,8.4692,9.6318,11.508,21.361,20.984,1.6544,1.5903,1.6359,2.4996,2.5184,1.3067,2.6212,2.3831,2.2218,14.715,16.223,4.7692,16.121,13.493,14.061,14.268,14.621,9.8932,3.0026,8.953,8.0345,8.7525,2.3852,2.4161,2.8392,2.3792,10.462,11.004,28.439,42.646,7.8624,8.0567,8.0418,7.6768,7.3783,9.0732,7.8912,7.6529,0.74334,2.9046,2.3102,2.6001,1.1495,9.1466,10.276,11.884,10.216,7.5025,7.8997,6.746,7.4293
186.46,127.14,140.79,69.183,50.102,0,26.353,6.8106,103.02,145.34,78.416,14.979,73.352,38.973,38.454,38.09,38.421,31.57,19.782,33.379,19.956,18.484,40.152,40.715,65.939,68.918,76.657,76.697,207.42,154.34,164.69,123.93,127.47,68.069,54.42,63.628,74.337,51.954,49.944,55.041,56.787,13.622,15.518,24.392,0.2272,7.0566,2.8202,0.79106,8.4103,150.32,165.01,248.78,214.96,175.32,158.21,165.41,157.6,73.463,71.934,77.254,62.908,68.709,64.971,61.733,58.385,48.603,72.295,52.742,25.705,9.267,8.7468,9.0573,10.384,10.247,7.9743,7.2033,10.56,2.4571,2.1946,2.515,1.9544,1.5909,2.9791,1.9828,2.3286,15.081,16.99,10.955,23.998,10.373,18.179,27.715,20.817,76.861,109.17,73.125,69.579,73.885,64.105,71.857,70.451,72.26,70.885,75.922,67.555,73.556,71.394,69.14,28.356,47.734,38.825,43.965,41.849,38.339,41.783,42.316,42.655,43.334,41.642,15.548,16.081,20.264,28.516,21.346,22.756,42.786,18.808,18.174,14.905,43.656,64.927,67.383,65.77,65.724,65.811,67.07,67.854,56.838,51.392,72.532,63.562,80.571,69.345,84.101,72.632,76.769,78.345,79.131,78.179,73.519,190.27,186.43,157.86,141.83,57.136,64.461,80.608,162.27,111.88,76.561,19.684,28.816,6.4634,27.906,26.245,10.478,0.99109,4.2834,17.055,12.5,4.2006,0.79159,6.9052,10.618,212.71,232.28,147.08,181.02,116.82,127.25,88.204,82.294,57.981,59.55,48.072,54.27,62.167,56.42,10.276,10.418,5.4712,2.998,15.809,8.3258,74.386,70.611,74.286,71.916,68.203,72.398,72.593,41.61,45.107,44.08,29.061,30.867,39.708,37.225,41.149,23.106,20.331,19.158,15.89,42.498,43.006,65.862,66.011,65.579,67.589,68.765,60.01,68.342,65.839,66.156,80.206,85.487,57.966,81.107,78.473,77.818,79.017,79.571,64.104,73.46,18.675,19.755,20.064,69.949,73.015,76.776,73.836,102.69,103.68,153.21,172.6,20.571,20.246,20.418,20.836,20.683,18.573,19.262,19.939,62.192,76.512,73.259,74.958,66.06,44.914,44.109,47.828,49.981,21.681,20.947,22.77,21.256
294.69,223.86,221.39,123.02,112.83,26.353,0,16.417,197.97,201.36,147.07,60.438,134.89,77.212,69.752,72.285,72.027,61.695,56.093,41.4,65.234,76.236,54.389,53.729,143.41,144.52,108.59,109.45,290.45,250.18,249.94,183.81,204.72,128.81,130.69,136.38,142.87,124.36,106.74,131.07,121.24,57.912,42.07,52.559,29.971,29.903,20.097,23.492,7.266,261.23,273,362.13,311.59,256.98,253.38,261.11,219.62,155.34,144.27,164.87,141.37,152.09,112.12,112.3,134.86,121.32,117.46,94.048,85.798,24.9,21.537,22.484,25.661,23.17,22.781,24.352,25.519,42.922,35.224,32.62,35.998,35.118,26.428,29.247,29.075,37.265,10.855,53.839,41.885,40.066,44.991,68.498,61.289,139.63,188.16,135.36,132.23,128.18,143.75,134.18,130.99,134.04,132.67,142.46,129.28,139.07,133.95,133.5,81.482,72.442,59.124,69.57,68.812,62.944,61.032,67.354,67.362,65.888,68.454,73.528,71.766,66.139,78.978,72.738,87.027,60.013,73.232,36.005,67.863,57.398,139.36,142.19,142.3,142.63,143.53,144.05,147.56,126.68,122.41,157.47,139.25,117.75,154.04,117.1,158.06,109.95,113.12,114.08,113.5,106.62,292.19,295.16,223.98,203.16,135.01,91.91,157.91,225.14,164.51,130.2,36.073,32.952,44.245,29.22,23.433,29.955,17.124,50.195,18.505,21.311,18.166,22.245,26.449,25.343,329.69,329.87,253.69,242.43,190.43,208.83,132.73,141.58,90.88,115.13,121.44,131.6,96.551,91.933,26.672,26.347,39.459,34.114,53.9,38.925,139.49,133.06,137.01,134.76,129.67,136.43,136.74,74.304,82.218,78.085,70.389,96.465,66.238,58.212,58.926,84.788,78.801,77.734,71.246,57.873,58.838,140.94,140.63,140.66,146.19,147.16,117.25,147.27,144.27,143.91,115.82,121.45,141.13,114.79,115.31,113.29,114.77,115,100.48,134.98,58.71,61.198,58.794,130.75,138.15,147.55,141.45,191.97,169.41,236.04,235.06,61.36,60.85,60.831,61.876,63.042,58.378,62.265,62.545,131.86,144.36,140.21,142.58,132.07,77.106,74.329,76.09,81.295,62.201,61.121,64.456,62.555
264.45,192.79,208.12,116.81,93.437,6.8106,16.417,0,162.76,209.27,130.6,41.687,123.32,74.555,72.026,72.345,72.627,62.424,47.443,56.753,49.359,47.582,68.48,68.741,115.13,118.98,120.85,121.13,286.44,225.67,236.99,184.75,191.78,116.53,99.697,111.96,125.43,96.385,92.565,100.55,102.43,39.379,38.443,51.889,6.7153,23.487,0.92945,9.763,1.9517,221.01,238.87,337.44,296.93,248.99,230.26,238.85,224.89,125.01,122.7,129.83,111.11,118.71,110.18,106.77,105.07,91.786,118.91,93.293,58.966,24.323,22.03,22.899,26.048,24.696,21.671,21.397,26.196,16.821,16.55,16.806,16.018,14.959,15.805,14.809,15.48,36.303,24.241,34.8,47.794,31.301,42.507,59.782,49.839,127.91,169.8,123.14,118.71,122.8,112.69,121.55,119.52,121.98,120.24,127.22,116.01,124.11,120.99,118.36,62.59,82.165,68.986,77.553,75.211,69.813,72.522,75.208,75.546,75.717,74.891,42.435,43.676,49.903,62.528,52.101,53.916,73.101,48.254,39.314,41.83,72.912,113.73,116.96,114.89,114.84,114.96,116.61,117.66,102.88,95.61,123.72,111.97,127.14,119.5,130.29,123.83,121.35,123.74,124.76,123.69,117.31,268.62,264.43,226.01,206.25,103.35,104.33,134.09,230.52,168.86,126.01,40.969,48.585,26.218,45.854,41.16,28.008,4.4885,20.604,29.572,26.349,13.826,9.1056,1.1923,1.285,295.63,317.01,217.17,251.99,178.49,192.01,138.37,134.14,97.788,104.87,91.032,99.451,103.5,96.529,26.372,26.401,23.744,18.119,41.865,28.121,125.11,119.99,124.67,121.69,116.8,122.46,122.72,76.598,82.366,80.203,61.776,66.574,72.25,67.098,71.149,54.817,50.578,48.637,43.374,72.023,72.866,114.98,115.16,114.61,117.31,118.85,105.72,118.3,115,115.42,126.26,132.83,104.14,126.83,124.47,123.29,124.84,125.43,106.48,123.46,46.582,48.452,48.384,118.92,123.38,128.75,124.7,162.37,161.43,223.14,242.46,49.538,49.024,49.241,49.975,49.987,46.386,47.98,48.925,109.91,128.11,123.9,126.12,114.61,80.788,79.165,83.414,87.106,51.113,49.973,52.919,50.64
13.534,1.7536,10.855,16.092,12.14,103.02,197.97,162.76,0,30.89,6.6012,41.274,10.635,32.779,40.562,37.316,37.897,44.003,43.51,76.293,36.162,34.462,63.805,65.63,4.4017,4.2991,38.874,37.896,33.407,7.7188,15.631,20.674,9.2362,11.111,7.6888,5.8141,6.6243,8.8151,15.315,7.4625,9.9948,43.615,58.081,49.627,104.08,74.384,139.47,96.106,164.22,4.496,7.6079,35.279,28.383,21.517,9.0212,10.923,29.851,2.604,5.0433,1.9194,4.9684,3.4836,21.698,18.709,6.3448,10.115,23.948,27.576,25.814,82.542,88.982,87.128,81.418,86.099,86.438,83.545,81.735,75.596,76.184,77.069,76.927,79.227,83.758,82.341,81.524,64.508,121.93,48.269,64.245,60.08,55.45,34.425,38.981,9.9649,4.5603,10.181,9.9009,15.94,4.6079,10.105,11.236,10.451,10.435,7.6812,10.506,8.2203,9.9579,8.9139,25.581,47.344,54.933,46.641,45.223,49.049,55.838,47.66,48.044,50.862,45.456,39.792,37.923,35.523,26.867,31.812,30.286,58.653,33.85,68.386,39.565,63.882,5.1683,4.7025,4.584,4.5292,4.3909,4.2785,3.7648,7.9531,9.2083,2.6888,5.1561,33.286,3.4104,38.685,2.6932,37.397,35.722,35.629,35.075,37.119,16.663,13.411,26.476,24.945,6.7177,43.376,2.9804,30.838,23.877,16.677,69.516,85.681,59.68,91.907,102.07,74.051,117.56,69.486,101.41,91.051,98.025,98.711,157.64,175.46,20.362,35.219,3.9513,39.537,8.8919,6.8716,26.624,12.78,36.53,14.922,10.346,7.7788,34.842,33.548,79.565,80.185,64.664,74.327,45.358,62.181,8.464,10.019,9.9016,9.7794,10.651,9.0676,9.0029,38.256,32.75,36.325,33.284,21.197,46.203,54.336,58.139,28.855,31.925,33.618,38.184,61.535,60.738,4.865,4.9502,4.9101,3.9367,3.7617,13.742,3.7595,4.2976,4.3194,35.014,35.435,7.1308,37.396,33.377,34.85,34.689,35.133,32.639,10.649,41.068,39.035,41.051,11.062,8.4313,5.5453,7.09,0.48753,11.307,13.28,35.19,38.908,39.312,39.335,38.5,37.584,41.344,38.291,38.001,7.0201,6.9846,7.4411,7.0879,8.1842,38.292,40.769,42.719,38.762,38.304,39.133,36.578,37.974
26.241,23.279,6.8975,14.708,31.523,145.34,201.36,209.27,30.89,0,16.457,70.128,15.151,34.022,36.291,35.657,35.528,43.543,57.909,60.418,59.391,75.419,46.579,47.327,32.339,27.932,14.299,13.95,9.4705,16.701,8.1543,1.2695,6.7118,17.554,41.789,28.988,18.494,39.302,27.98,40.768,27.151,72.762,68.535,53.176,151.7,92.705,186.7,129.11,195.27,35.454,28.229,33.737,17.236,6.3916,15.658,15.512,0.47025,31.888,22.793,37.043,36.24,37.919,15.977,18.003,37.909,43.516,12.688,23.118,61.681,93.706,99.781,97.686,90.88,94.756,99.18,98.508,90.818,122.22,112.62,109.62,115.34,118.31,110.1,113.91,111.74,72.362,118.79,79.3,61.068,78.827,63.461,46.172,56.375,14.026,11.763,15.574,17.636,12.638,36.741,16.259,16.191,15.806,16.515,16.41,18.303,17.039,16.611,18.798,49.944,32.315,42.37,34.523,35.421,39.776,40.68,36.152,36.086,36.962,35.671,85.472,79.041,59.103,48.019,60.735,76.075,41.566,69.546,70.429,78.278,44.126,29.704,28.231,31.374,31.847,32.75,30.846,33.554,31.703,38.207,36.897,32.208,11.155,39.345,11.565,37.56,13.757,12.64,12.324,12.509,14.941,19.989,26.788,1.0289,0.35284,41.15,21.26,22.121,0.72356,2.1859,11.395,69.293,71.666,91.868,77.65,88.205,85.555,152.47,119.68,98.172,95.26,117.73,131.31,215.6,234.03,35.259,19.873,30.201,1.9901,6.6425,9.3959,7.4085,10.462,22.018,20.539,45.086,43.527,19.33,22.02,89.7,89.906,94.602,106.61,65.4,84.43,16.38,16.976,15.225,16.482,17.815,16.834,16.791,33.076,29.102,30.68,44.487,59.738,37.442,43.291,42.436,69.994,71.577,74.945,79.073,43.484,42.645,29.668,29.064,29.892,32.374,31.183,20.861,32.165,33.617,32.505,11.758,10.096,48.91,12.168,11.929,12.577,12.091,12.019,17.78,15.091,60.086,58.411,57.454,16.566,17.11,18.751,18.162,23.715,6.0574,7.1971,1.3034,56.847,57.374,57.045,56.44,57.005,60.235,59.764,58.395,27.183,16.902,18.051,17.565,21.678,30.655,32.057,30.264,27.424,54.946,56.111,53.391,55.782
25.397,8.7174,9.1132,2.0837,3.2595,78.416,147.07,130.6,6.6012,16.457,0,24.861,0.48014,11.677,15.978,14.201,14.475,19.062,22.157,40.366,19.391,24.33,30.69,31.897,2.7639,1.5891,13.597,13.028,31.814,13.667,15.871,8.5896,6.0143,0.68233,5.7974,1.7618,0.066941,4.9599,3.3601,5.4209,1.8052,26.674,32.017,23.974,81.308,46.987,110.9,69.358,126.33,18.49,19.746,48.82,33.714,19.726,14.539,16.59,18.268,3.0719,0.53372,5.332,3.9527,4.8999,4.3851,3.2205,4.4227,6.5444,5.4459,7.6167,16.519,51.457,56.563,54.992,50.085,53.637,55.047,53.346,50.237,57.736,54.385,53.727,55.694,57.788,57.032,57.635,56.513,36.295,80.069,30.77,33.505,35.874,29.387,15.013,19.7,0.35975,2.616,0.3917,0.4213,2.0528,4.1811,0.39412,0.64168,0.45192,0.47212,0.045359,0.59682,0.11782,0.37813,0.32898,12.499,19.185,24.853,19.038,18.363,21.123,25.145,19.825,20.034,21.761,18.526,29.996,26.842,19.046,12.396,18.149,23.408,26.93,21.921,37.874,27.104,30.415,1.958,1.6199,2.4587,2.6017,2.8902,2.3466,3.2557,2.5786,4.6346,4.8152,2.6497,10.554,5.5071,13.773,5.0814,12.741,11.833,11.809,11.461,12.496,25.149,25.54,16.984,13.275,5.5844,16.14,0.8368,19.615,8.317,2.3865,38.226,48.046,39.874,52.953,61.229,44.762,87.863,54.322,63.055,56.468,66.584,71.366,130.65,146.26,36.384,40.79,15.727,27.277,3.9993,5.8992,7.4377,1.2502,12.188,2.0638,7.143,6.4597,11.139,10.562,48.783,49.166,42.992,51.439,25.104,38.565,0.1263,0.40704,0.33393,0.33863,0.59279,0.22827,0.21626,14.274,10.888,12.927,14.098,14.58,19.193,24.648,26.738,20.552,22.062,23.885,26.94,28.907,28.319,1.9672,1.8068,2.0226,2.8491,2.5282,1.7249,2.8203,3.1752,2.8257,11.503,11.985,8.8046,12.896,10.522,11.322,11.274,11.545,9.8914,0.48268,21.664,20.301,20.915,0.61556,0.14727,0.090827,0.069495,4.0943,2.6203,12.467,23.592,19.8,20.125,20.043,19.509,19.276,21.828,20.38,19.855,1.3922,0.012726,0.08871,0.039089,0.53858,13.958,15.469,16.331,13.841,19.008,19.694,17.83,19.096
96.531,55.841,63.995,20.75,10.305,14.979,60.438,41.687,41.274,70.128,24.861,0,22.304,8.0077,9.6797,8.6602,8.9753,7.1288,1.6908,17.711,0.45676,1.5723,17.269,18.129,18.849,20.058,30.303,30.067,111.57,73.421,80.406,54.52,55.151,19.408,13.649,17.176,22.578,11.946,10.349,13.841,13.441,0.033232,3.6888,5.2144,16.309,5.4271,30.78,11.561,40.908,73.006,81.924,141.93,116.47,88.156,76.007,80.967,77.771,23.183,21.361,26.225,17.63,21.255,19.459,17.067,15.299,10.727,24.101,14.011,2.2501,8.7245,10.683,10.169,8.7695,10.265,9.5583,8.3494,8.9399,7.2068,5.7194,5.6601,6.1343,6.8425,7.4544,7.0933,6.8113,5.3587,25.819,0.31472,9.2721,2.3938,4.0553,3.0293,1.1513,24.224,43.279,22.127,20.122,23.397,18.39,21.408,20.745,21.669,20.898,23.498,19.065,22.203,21.134,19.808,2.1184,16.43,13.898,14.216,12.703,11.943,15.718,13.629,13.918,15.082,12.659,2.3569,1.3282,0.47326,2.2044,0.61543,3.4974,17.09,0.76328,7.8617,0.81616,19.145,17.973,19.213,18.636,18.665,18.828,19.317,20.114,13.723,11.507,23.364,17.479,31.127,21.86,34.585,23.528,29.977,30.455,30.887,30.191,28.03,98.675,96.568,77.303,66.68,15.072,24.556,26.336,80.99,47.682,25.068,8.8926,18.507,1.7865,20.158,22.861,6.4553,19.785,6.6824,18.376,12.83,12.425,12.45,41.61,50.548,116.04,129.34,70.034,94.961,48.296,54.913,33.995,27.742,19.088,15.253,10.675,13.834,20.986,17.46,8.1274,8.3812,2.6308,4.9285,0.68679,2.384,22.684,20.705,22.753,21.409,19.434,21.617,21.72,10.711,11.161,11.509,3.3885,4.2552,11.855,12.892,16.07,2.4985,1.6273,1.7498,1.2673,17.81,17.837,18.497,18.519,18.36,19.805,20.336,15.342,20.215,18.956,18.995,31.354,34.552,16.857,32.497,29.928,29.924,30.579,31.015,21.514,22.367,0.79355,0.79485,1.2767,20.445,21.915,23.938,22.31,40.085,40.366,72.457,88.577,1.0506,1.0096,1.0742,1.0711,0.86347,0.81023,0.52615,0.68812,16.248,23.799,22.001,22.932,18.127,12.455,12.683,15.194,15.291,1.3415,1.2271,1.4314,1.1265
31.151,12.962,11.148,0.56345,2.9758,73.352,134.89,123.32,10.635,15.151,0.48014,22.304,0,8.0889,11.452,10.067,10.26,14.389,18.346,32.713,16.796,23.441,23.86,24.901,4.4638,3.0301,9.1028,8.6446,34.12,17.763,18.515,7.8281,7.6069,0.1016,7.3541,2.8222,0.53667,5.9935,2.2696,6.9435,1.7455,23.963,26.897,19.052,76.709,41.394,104.65,63.783,117.58,24.648,25.488,55.219,37.863,21.873,18.539,20.655,17.764,5.3616,1.5248,8.4013,5.7933,7.4033,1.9647,1.2672,5.9996,7.6265,2.7472,4.4216,15.928,44.886,49.613,48.126,43.462,46.699,48.371,46.987,43.571,54.561,50.194,49.137,51.643,53.67,51.54,52.665,51.47,30.587,70.564,27.876,27.197,31.194,24.296,11.79,16.451,0.042804,4.4647,0.0065917,0.098486,0.58948,6.1812,0.022779,0.030235,0.0070862,0.029379,0.24102,0.14987,0.17838,0.038878,0.2387,10.951,13.754,18.841,13.734,13.245,15.693,18.987,14.447,14.61,16.046,13.389,29.149,25.678,16.531,10.485,16.382,23.398,20.498,20.575,31.572,25.57,23.512,3.2449,2.955,4.0316,4.2255,4.6247,3.9777,5.2589,3.2525,5.4787,7.5253,4.1102,6.7636,8.1889,9.4141,7.8592,8.4151,7.7217,7.7193,7.4227,8.1628,30.04,31.362,17.036,12.692,7.3551,11.056,2.4919,19.224,6.583,0.82983,31.726,39.88,36.305,44.411,52.139,38.704,81.42,51.881,54.56,48.972,59.813,65.625,124.72,139.69,43.307,45.056,21.301,26.672,5.1087,8.0806,4.6331,0.45306,7.8484,0.79415,8.3153,8.162,6.9944,6.5777,42.31,42.631,38.912,46.983,21.544,34.014,0.12956,0.055062,0.013359,0.038756,0.11032,0.089098,0.091964,9.9314,7.1363,8.7577,10.946,14.728,14.02,18.732,20.383,20.186,21.265,23.106,25.732,22.227,21.699,3.3408,3.1177,3.3972,4.7014,4.3502,0.67993,4.7157,5.0075,4.5642,7.5016,8.0249,11.298,8.6327,6.689,7.3047,7.293,7.5199,6.0138,6.129e-05,18.361,17.185,17.431,0.040492,0.15723,0.86223,0.41524,7.3552,2.6735,14.793,23.136,16.594,16.894,16.786,16.336,16.282,18.494,17.478,16.897,2.0343,0.38564,0.34435,0.3835,0.67702,9.5415,10.788,11.379,9.2985,15.763,16.403,14.741,15.958
70.974,40.391,37.178,5.3371,5.6882,38.973,77.212,74.555,32.779,34.022,11.677,8.0077,8.0889,0,0.45921,0.15522,0.20416,0.90321,3.2534,9.072,4.736,13.303,5.4737,6.0486,14.677,13.656,7.1572,7.0501,70.406,49.825,49.536,24.766,30.51,6.7794,14.066,11.493,10.796,11.32,3.3441,13.809,6.6982,8.6612,6.1149,2.3997,42.651,14.499,61.359,30.586,67.233,58.792,61.792,104.91,79.011,53.42,51.076,54.461,40.518,18.328,12.17,23.233,15.348,19.331,3.5332,3.2917,13.933,11.955,5.1569,1.0502,9.7019,15.574,18.313,17.407,14.6,16.402,17.77,17.214,14.629,29.004,23.331,21.708,24.711,26.063,21.716,23.508,22.496,7.6092,30.882,10.721,5.6342,9.2793,4.7397,1.1875,3.2309,9.2549,24.572,8.2511,7.6734,6.5223,16.263,8.013,7.1842,7.9296,7.6473,10.319,6.9948,9.4519,7.9929,8.1925,4.3277,2.3336,3.0576,1.7601,1.318,1.7662,3.5063,1.7893,1.8929,2.5255,1.3402,17.191,13.914,4.7733,3.2093,6.5272,16.134,4.3077,10.148,7.7652,12.766,5.821,12.604,13.027,14.026,14.278,14.85,14.399,16.381,9.4825,10.381,20.723,13.354,7.7362,20.473,9.3405,21.152,7.0129,7.2886,7.5093,7.1785,6.081,69.068,71.281,41.221,32.906,15.134,4.69,16.291,42.932,19.01,7.0982,7.7883,12.526,14.816,15.033,19.488,12.146,42.468,28.921,20.635,17.453,25.64,31.656,78.61,89.699,88.801,88.699,54.195,52.417,25.154,32.115,9.916,9.7298,2.3825,3.9307,12.571,14.979,3.0692,1.8225,14.007,14.151,15.513,20.43,5.4125,11.305,9.4726,7.8046,8.6539,8.1944,7.03,8.6906,8.7684,0.37372,0.26143,0.38424,0.98303,11.523,1.3283,2.8265,4.0227,12.933,12.218,13.433,13.817,5.0468,4.8808,13.074,12.797,13.058,15.56,15.481,4.4335,15.831,15.367,14.887,7.7701,9.4365,19.964,8.2797,7.1201,7.0531,7.3885,7.5921,3.3168,8.1076,4.1261,3.8605,3.3168,7.1604,9.2054,12.247,10.32,28.466,18.047,43.401,48.125,3.3832,3.492,3.3882,3.3137,3.6288,4.1399,4.4434,4.0201,9.6496,10.949,9.9408,10.541,8.3508,0.64181,0.8562,1.5507,1.2988,2.8966,3.1336,2.6806,3.1865
80.176,48.281,42.786,7.6834,9.3723,38.454,69.752,72.026,40.562,36.291,15.978,9.6797,11.452,0.45921,0,0.082969,0.051095,0.34446,3.6304,5.6134,6.3196,16.63,2.7637,3.1756,20.275,18.974,6.5376,6.5384,76.077,57.46,55.674,27.644,35.723,10.068,19.589,16.455,15.106,16.326,6.2194,19.293,10.568,10.193,5.2453,1.6474,42.611,13.266,59.781,29.508,63.2,68.538,71.058,114.58,86.505,59.028,58.6,62.026,43.541,24.483,17.017,30.164,21.107,25.732,5.0069,5.2441,19.451,17.033,6.3213,1.8196,13.256,13.37,15.755,14.924,12.331,13.835,15.483,15.241,12.317,30.271,23.563,21.535,25.092,26.388,20.652,22.974,21.883,6.1717,25.832,12.102,3.5384,8.8935,3.8732,2.0832,4.1549,12.764,30.113,11.71,11.212,8.9032,22.177,11.492,10.43,11.333,11.06,14.346,10.419,13.355,11.506,11.966,6.8899,0.93729,1.1481,0.50823,0.26042,0.425,1.4371,0.47508,0.53252,0.87758,0.26425,20.601,16.989,6.4345,5.4061,8.9297,20.319,1.9671,13.003,5.7241,15.476,3.0203,17.788,18.246,19.496,19.799,20.483,19.92,22.277,14.093,15.198,27.313,18.722,7.7897,27.053,8.8211,27.812,6.5573,7.036,7.2753,6.9984,5.6323,77.384,80.553,44.795,35.9,20.858,3.5473,21.765,46.052,20.968,9.3742,5.543,8.6117,15.583,10.768,14.721,10.418,40.604,30.9,16.517,14.328,23.331,30.42,77.438,87.94,99.105,96.262,63.357,55.27,29.923,37.919,10.908,12.736,1.9995,6.5743,17.745,20.652,2.8571,1.7961,11.885,11.966,15.787,20.378,6.0748,11.072,13.314,11.309,12.172,11.745,10.416,12.399,12.491,0.075408,0.52442,0.24168,1.9393,15.786,0.22985,1.0194,1.766,16.745,15.618,16.865,16.848,2.4671,2.3567,18.341,17.999,18.327,21.303,21.186,7.2989,21.614,21.1,20.523,7.618,9.3031,26.425,7.8674,7.1403,6.8955,7.2613,7.4195,3.3578,11.468,5.0154,4.9271,4.0149,10.445,13.06,16.848,14.508,35.462,21.811,49.258,51.15,4.3525,4.44,4.3086,4.3139,4.8086,4.9994,5.7265,5.2419,14.197,15.151,14.041,14.722,12.37,0.25284,0.21209,0.62177,0.75836,3.8176,4.0159,3.7469,4.217
76.601,45.091,40.676,6.7247,7.7219,38.09,72.285,72.345,37.316,35.657,14.201,8.6602,10.067,0.15522,0.082969,0,0.0044373,0.42501,3.2237,6.8957,5.3886,14.891,3.7894,4.271,17.848,16.691,6.8827,6.8382,74.145,54.489,53.408,26.675,33.741,8.6902,17.127,14.305,13.305,14.086,4.9285,16.853,8.8732,9.2211,5.3282,1.7575,42.021,13.401,59.75,29.439,64.217,64.583,67.38,110.98,83.787,57.03,55.692,59.124,42.62,21.841,14.963,27.184,18.588,22.95,4.4068,4.4208,17.016,14.739,5.8885,1.461,11.487,13.927,16.444,15.588,12.929,14.549,16.055,15.677,12.935,29.219,22.987,21.144,24.442,25.751,20.645,22.724,21.675,6.4858,27.561,11.166,4.2011,8.7184,3.9796,1.516,3.5206,11.331,27.915,10.282,9.7313,7.9513,19.594,10.049,9.0829,9.9251,9.6411,12.679,8.9792,11.732,10.046,10.379,5.5943,1.4667,1.838,0.95622,0.61499,0.87661,2.2107,0.93945,1.0181,1.4865,0.6253,18.785,15.34,5.472,4.2747,7.6459,18.222,2.858,11.488,6.3145,13.983,4.1041,15.544,16,17.127,17.406,18.039,17.534,19.724,12.064,13.042,24.465,16.386,7.8673,24.191,9.1557,24.932,6.8338,7.2337,7.4685,7.1647,5.8916,74.223,76.946,43.636,34.941,18.32,4.0565,19.471,45.103,20.354,8.4801,6.2299,10.04,14.857,12.325,16.455,10.8,40.8,29.555,17.91,15.287,23.84,30.412,77.152,87.86,95.11,93.561,59.661,54.492,28.099,35.673,10.617,11.548,2.158,5.4379,15.402,18.119,2.964,1.7959,12.423,12.531,15.261,19.946,5.5084,10.806,11.722,9.8484,10.723,10.27,8.9959,10.857,10.943,0.10945,0.34046,0.22418,1.3557,13.733,0.5887,1.657,2.6127,14.829,13.866,15.085,15.217,3.4541,3.324,16.065,15.753,16.048,18.818,18.725,6.0673,19.116,18.61,18.08,7.7811,9.4804,23.547,8.1442,7.2231,7.0507,7.4088,7.5886,3.3667,10.084,4.3774,4.2214,3.4722,9.0783,11.456,14.929,12.759,32.578,20.38,47.08,50.273,3.6964,3.7904,3.6725,3.6467,4.0617,4.3734,4.9217,4.4701,12.227,13.409,12.329,12.982,10.658,0.34431,0.40647,0.95662,0.94174,3.192,3.401,3.0671,3.5402
77.097,45.603,40.895,6.8303,8.045,38.421,72.027,72.627,37.897,35.528,14.475,8.9753,10.26,0.20416,0.051095,0.0044373,0,0.41896,3.3725,6.6501,5.656,15.369,3.5638,4.0303,18.316,17.114,6.685,6.6499,74.21,54.892,53.621,26.661,33.955,8.8956,17.64,14.711,13.595,14.551,5.1659,17.359,9.1864,9.5328,5.3951,1.7749,42.413,13.515,60.076,29.674,64.316,65.245,67.942,111.38,84.026,57.161,56.072,59.489,42.534,22.343,15.321,27.763,19.09,23.502,4.4426,4.5156,17.509,15.229,5.8683,1.4779,11.934,13.945,16.444,15.59,12.931,14.532,16.082,15.734,12.932,29.657,23.303,21.413,24.78,26.092,20.829,22.97,21.907,6.509,27.35,11.486,4.1108,8.8701,4.0274,1.6652,3.7153,11.527,28.218,10.486,9.9571,8.0432,20.108,10.26,9.2749,10.127,9.8488,12.933,9.2008,11.981,10.262,10.631,5.9106,1.3121,1.6817,0.83039,0.51526,0.76944,2.0276,0.81585,0.88907,1.3305,0.52496,19.303,15.808,5.7453,4.5509,7.9914,18.772,2.6487,11.905,6.2674,14.417,3.855,15.969,16.418,17.581,17.867,18.512,17.989,20.219,12.459,13.487,25.023,16.838,7.7163,24.762,8.9421,25.498,6.6502,7.0627,7.2965,7.0008,5.7198,74.61,77.451,43.603,34.891,18.845,3.8567,19.865,45.015,20.284,8.5522,6.1567,9.7902,15.161,12.059,16.172,10.84,41.018,30.05,17.737,15.213,23.921,30.637,77.579,88.268,95.669,93.771,60.262,54.335,28.297,35.951,10.528,11.674,2.0489,5.6105,15.907,18.652,2.8541,1.7248,12.436,12.538,15.528,20.218,5.7131,10.992,11.962,10.067,10.929,10.488,9.211,11.09,11.177,0.077028,0.34301,0.19448,1.5031,14.23,0.49547,1.5169,2.4177,15.328,14.337,15.57,15.682,3.2274,3.0992,16.495,16.176,16.48,19.297,19.194,6.2608,19.595,19.095,18.552,7.6129,9.2966,24.16,7.9499,7.0761,6.89,7.2468,7.4206,3.2723,10.277,4.5833,4.4374,3.6498,9.2762,11.702,15.241,13.038,33.066,20.513,47.292,50.152,3.8972,3.9912,3.8695,3.8487,4.2827,4.5771,5.163,4.7004,12.592,13.679,12.6,13.255,10.948,0.28892,0.3322,0.84135,0.85112,3.3806,3.5906,3.263,3.7424
87.878,53.273,49.343,10.479,10.354,31.57,61.695,62.424,44.003,43.543,19.062,7.1288,14.389,0.90321,0.34446,0.42501,0.41896,0,1.9661,4.6475,4.5425,13.924,2.778,3.1874,21.916,20.988,9.8391,9.8547,85.771,64.119,63.319,33.76,41.651,12.631,20.205,18.173,17.889,16.963,7.3999,19.991,12.085,7.4521,2.9015,0.48669,35.408,9.3372,51.051,23.481,54.423,73.995,77.608,124.95,96.115,67.302,65.504,69.288,51.341,26.492,19.45,32.075,22.402,27.203,7.5689,7.5287,20.451,17.298,9.416,3.4605,11.569,9.5395,11.615,10.9,8.6972,10.016,11.325,11.065,8.6965,24.569,18.361,16.512,19.739,20.873,15.664,17.729,16.764,3.6418,21.266,8.9162,2.0258,5.7735,1.9084,1.3622,2.5944,15.923,34.884,14.611,13.835,12.029,23.5,14.297,13.179,14.183,13.807,17.321,12.915,16.188,14.27,14.501,5.9481,1.9694,1.2713,1.2415,0.83808,0.62858,1.7946,1.0502,1.1294,1.4764,0.82028,17.256,13.998,4.6835,4.5813,7.1218,17.756,2.3413,10.621,3.4649,12.48,3.3302,19.525,20.174,21.181,21.457,22.096,21.693,23.94,15.359,15.87,29.014,20.262,11.41,28.478,12.618,29.482,9.8843,10.487,10.779,10.445,8.7417,85.615,88.224,52.558,42.934,21.631,5.931,24.631,54.065,26.486,12.697,3.4218,6.8892,11.586,8.7222,12.096,7.0276,33.475,25.384,12.927,10.617,18.079,24.291,67.475,77.28,107.61,106.59,68.936,64.15,35.351,43.682,15.048,16.355,3.9978,8.5997,17.902,21.17,5.1854,3.7033,8.2972,8.3776,11.627,15.521,3.8371,7.5704,16.222,14.016,15.145,14.538,12.969,15.193,15.296,0.72568,1.5182,1.1242,1.3644,14.418,0.60514,1.0149,2.0139,14.512,13.188,14.212,13.849,2.7428,2.6962,20.122,19.82,20.083,23.017,23.018,9.3221,23.374,22.668,22.165,11.199,13.224,26.828,11.483,10.621,10.32,10.767,10.958,5.8467,14.413,3.1695,3.209,2.3738,13.149,15.865,19.727,17.288,39.271,26.664,56.399,59.644,2.755,2.8017,2.6959,2.7481,3.2004,3.1424,3.9093,3.5274,15.949,18.123,16.802,17.586,14.603,1.1874,1.0488,1.7401,2.1058,2.3697,2.4765,2.4228,2.7029
94.547,55.897,58.088,15.406,9.8131,19.782,56.093,47.443,43.51,57.909,22.157,1.6908,18.346,3.2534,3.6304,3.2237,3.3725,1.9661,0,8.9245,0.83644,6.1013,8.1766,8.7837,20.371,20.575,19.523,19.435,101.01,70.552,73.685,44.984,49.573,15.898,16.606,17.581,20.343,14.055,8.2828,16.613,12.432,1.7908,1.0646,0.98323,22.351,4.6314,36.713,14.186,43.046,75.28,81.784,136.64,108.91,79.647,72.59,77.074,65.913,25.025,20.502,29.436,19.931,24.301,13.094,11.876,17.665,13.516,16.443,7.9327,5.596,6.2504,8.1197,7.5509,5.8982,7.2029,7.4509,6.7631,5.9799,13.032,9.1596,8.1911,10.036,10.901,8.5282,9.3925,8.7929,2.1224,19.98,2.5095,3.4589,1.7069,0.86207,0.72663,0.16436,20.161,39.971,18.374,16.915,17.606,20.893,17.832,16.887,17.906,17.305,20.528,15.871,19.253,17.675,17.104,2.7734,7.8641,5.9007,6.33,5.3583,4.7182,7.1139,5.8848,6.0672,6.7765,5.3181,7.987,5.8918,0.93549,2.1071,2.3308,9.1619,8.0337,4.0615,3.2652,4.8155,9.4615,18.698,19.704,19.889,20.042,20.449,20.52,22.072,14.259,13.268,26.358,18.792,20.923,25.256,23.213,26.676,19.417,20.026,20.407,19.884,17.81,94.495,94.741,66.367,55.937,18.109,14.343,25.808,68.962,37.603,18.815,3.7657,10.149,4.2434,11.739,14.527,4.0659,22.845,13.348,12.525,8.7255,11.94,14.98,50.048,59.121,114.58,120.8,71.204,81.198,42.777,50.518,24.481,22.188,10.655,11.542,13.777,17.177,12.321,9.7251,5.4147,5.5713,4.5581,7.3982,0.31363,2.5147,19.522,17.316,18.984,17.962,16.093,18.419,18.528,4.452,5.2652,5.1432,0.9598,8.2321,4.7522,5.249,7.3372,7.0755,5.853,6.3662,5.7769,8.5269,8.5448,19.285,19.146,19.191,21.445,21.739,11.984,21.848,20.802,20.575,20.886,23.599,21.614,21.567,19.883,19.685,20.264,20.58,13.004,18.391,0.18434,0.27106,0.056211,16.715,18.931,22.018,19.888,40.526,34.137,66.058,75.67,0.19099,0.17846,0.16081,0.21211,0.35156,0.17105,0.49351,0.40337,15.948,21.108,19.47,20.372,16.267,5.6225,5.5967,7.2334,7.5949,0.17938,0.14262,0.31065,0.23718
126.51,86.599,76.283,25.578,28.791,33.379,41.4,56.753,76.293,60.418,40.366,17.711,32.713,9.072,5.6134,6.8957,6.6501,4.6475,8.9245,0,15.201,29.579,0.90101,0.80288,46.599,44.971,15.949,16.306,114.33,97.407,92.401,52.018,67.08,30.553,44.192,40.915,39.086,39.352,23.412,43.895,31.342,17.512,5.6771,4.163,38.562,10.266,48.734,23.941,44.451,113.3,115.92,166.23,130.3,95.019,98.556,102.63,70.812,53.076,42.158,61.024,47.43,54.307,19.85,21.172,44.597,39.742,20.977,13.136,28.394,7.4935,8.3298,7.9008,6.5416,6.8479,8.872,9.5809,6.4118,32.466,23.268,20.241,25.038,25.926,16.637,20.236,19.081,4.5681,10.042,18.307,1.3666,9.7015,4.8656,10.36,11.3,34.802,60.807,33.218,32.563,27.386,49.023,32.921,31.052,32.593,32.198,37.726,31.23,36.143,32.982,33.92,20.026,4.6369,1.9321,4.2227,4.3528,3.0922,2.0651,3.7658,3.7114,3.1654,4.2679,32.881,28.74,15.594,17.577,20.311,36.144,1.7759,24.957,2.6374,26.088,1.3054,42.966,43.811,45.486,45.911,46.879,46.198,49.558,36.802,37.686,56.809,44.185,19.756,56.117,19.263,57.477,16.515,17.805,18.179,17.986,15.295,121.73,127.06,73.724,61.969,46.313,9.9988,49.483,73.932,41.612,27.816,2.0223,0.48191,18.7,1.0806,2.6294,6.6629,30.994,35.576,5.0414,5.7629,15.064,24.214,65.859,73.528,150.03,141.32,106.48,83.581,59.172,70.873,26.547,33.878,10.253,24.274,40.596,45.579,12.121,11.025,6.6151,6.5017,17.135,19.702,11.423,11.8,36.021,32.676,33.967,33.379,31.189,34.526,34.678,6.6332,9.3261,7.621,10.617,33.59,3.9011,1.9362,1.6521,31.89,29.195,30.219,28.452,1.3894,1.5445,43.84,43.356,43.798,48.186,48.123,25.685,48.686,47.738,46.967,18.889,21.125,53.635,18.379,18.801,17.921,18.499,18.564,13.642,32.731,11.638,12.287,10.341,31.123,35.658,41.873,38.104,69.283,47.103,84.378,79.434,11.585,11.547,11.367,11.688,12.68,11.514,13.615,13.089,37.417,39.071,37.337,38.42,34.647,6.9419,5.9659,5.8994,7.5764,11.117,11.062,11.678,11.761
86.81,48.961,54.802,15.18,7.1263,19.956,65.234,49.359,36.162,59.391,19.391,0.45676,16.796,4.736,6.3196,5.3886,5.656,4.5425,0.83644,15.201,0,2.5737,13.792,14.619,15.333,16.049,23.491,23.262,98.771,64.56,70.073,45.231,46.595,14.315,11.3,13.43,17.457,9.4566,6.7615,11.389,9.6856,0.67836,3.3435,3.5283,21.762,6.8322,37.655,15.424,47.293,66,73.548,129.23,104.17,76.978,66.837,71.393,66.57,19.364,16.763,22.691,14.549,18.114,13.965,12,12.504,8.6856,17.924,9.4257,2.1258,9.8007,12.038,11.408,9.6052,11.248,10.995,9.8764,9.7505,11.214,8.9204,8.5645,9.5426,10.425,10.12,10.174,9.7281,5.1026,27.115,1.4408,7.695,3.0523,3.2728,1.2002,0.29812,18.492,36.134,16.681,15.015,17.452,15.312,16.077,15.428,16.27,15.62,18.093,14.079,16.935,15.86,14.854,0.91338,12.068,10.472,10.231,8.9408,8.55,11.986,9.8136,10.066,11.165,8.9178,4.1163,2.6032,0.0035063,0.78329,0.37558,4.5242,13.279,1.2875,7.1591,2.017,15.306,14.253,15.281,15.04,15.113,15.351,15.632,16.638,10.421,8.9372,19.998,14.028,24.096,18.81,27.224,20.212,23.173,23.552,23.927,23.31,21.478,88.147,86.899,66.266,56.356,12.587,18.689,21.377,69.564,38.881,18.874,7.9854,16.77,3.7139,18.717,21.977,7.1292,24.749,10.633,18.751,13.564,15.121,16.395,49.999,59.614,105.64,116.22,62.757,82.473,40.221,46.681,26.571,21.366,13.835,10.638,8.7782,11.632,15.389,12.39,8.9415,9.1822,4.6371,7.6675,0.55813,3.5167,17.314,15.492,17.237,16.107,14.374,16.35,16.444,7.0335,7.2108,7.5974,1.404,3.9184,8.3173,9.6363,12.423,3.0612,2.3261,2.7145,2.5434,14.06,14.026,14.744,14.707,14.638,16.236,16.623,10.779,16.602,15.554,15.486,24.323,27.133,14.962,25.368,23.051,23.072,23.64,24.029,15.787,16.848,0.26253,0.15533,0.46668,15.188,16.668,18.771,17.165,34.374,32.732,62.644,76.574,0.2502,0.25177,0.28065,0.24097,0.12215,0.28544,0.049218,0.078928,12.37,18.436,16.859,17.689,13.577,8.4287,8.7129,10.836,10.754,0.35767,0.34039,0.33676,0.24344
