0,1.6813,7.2776,15.422,4.6221,12.319,46.924,40.267,41.475,43.362,44.82,49.84,90.124,84.482,264.13,187.51,132.38,76.01,74.594,78.467,29.124,53.627,51.264,57.963,61.247,60.803,48.113,37.936,54.329,45.881,50.202,3.2796,9.376,3.68,6.2196,9.0867,2.556,12.813,41.626,43.185,40.349,39.864,41.206,40.703,44.259,42.502,41.083,42.759,45.011,44.494,227.24,199.3,198.82,119.03,95.307,107.74,102.31,90.785,60.207,68.168,87.482,74.351,59.193,61.162,54.249,57.796,59.614,57.527,59.844,56.668,244.22,230.26,226.15,234.65,199.74,176.17,155.87,131.19,69.002,72.159,89.439,74.847,32.322,33.466,32.377,42.236,39.499,51.743,54.07,52.188,53.565,82.45,46.443,55.213,62.156,53.398,46.376,59.109,70.585,50.848,42.23,38.593,26.604,68.474,51.057,50.892,56.727,70.491,37.157,31.696,45.958,49.994,41.01,38.845,41.149,45.246,43.29,34.841,49.858,35.027,51.355,49.639,54.091,60.058,57.703,57.908,0.28393,3.5408,2.3378,5.4684,0.70154,0.59002,1.169,0.32665,15.147,29.627,35.78,36.234,41.78,41.463,37.04,38.937,39.882,40.239,46.13,45.618,47.209,50.12,44.571,49.47,57.495,59.924,47.739,38.607,211.6,199.09,183.83,146.53,153.05,176.36,178.3,143.23,90.434,93.561,77.67,112.57,65.525,82.302,46.643,88.572,76.032,68.599,64.519,67.913,56.208,57.789,60.943,60.239,57.379,135.58,157.42,169.29,161.99,125.8,121.78,189.13,143.99,69.454,68.169,83.036,71.777,39.128,43.226,54.151,54.1,46.654,49.648,54.478,54.009,53.638,53.253,50.338,56.765,53.219,54.843,38.008,45.481,56.746,51.224,91.72,65.454,56.405,36.768,38.431,24.091,49.885,54.724,59.269,58.097,0.93836,2.643,50.414,116.37,97.717,57.294,56.325,58.242,56.617,54.823,25.753,61.494,41.893,46.319,58.657,57.707,57.768,56.104,59.675,42.749,49.435,54.484,46.167,53.317,63.415,57.476,55.674,56.76,56.987,52.289,58.013,57.274,55.974,56.148,58.825,57.46,57.068,58.116,58.386
1.6813,0,6.7624,18.544,5.9631,23.082,56.657,57.838,59.319,61.725,62.984,69.438,110.78,103,298.44,221.81,155.97,91.616,89.687,94.193,44.091,70.222,68.67,75.937,80.342,80.2,67.082,49.897,68.701,57.902,64.541,1.0613,3.781,1.1376,4.0445,6.7187,7.0716,21.933,58.908,60.97,57.768,57.239,59.056,58.073,62.603,60.462,58.68,60.983,63.729,60.614,262.14,230.41,228.35,143.54,121.22,132.06,124.09,110.7,79.987,89.017,111.16,93.672,79.632,81.753,74.379,77.593,79.88,77.455,79.912,76.341,276.32,264.12,257.95,269.45,234.56,201.74,181.3,159.7,84.207,87.559,107.22,91.173,47.696,48.757,47.683,59.649,56.679,68.109,70.693,68.54,69.421,101.64,61.875,71.94,81.714,71.392,62.114,78.374,92.977,69.127,60.028,55.546,40.942,90.599,69.228,65.112,70.575,91.234,47.193,42.365,55.85,69.458,51.127,49.713,51.968,56.656,57.449,47.124,63.462,50.75,66.075,64.405,68.962,75.61,73.091,73.238,3.3456,4.4764,7.9841,9.8142,1.8601,3.9006,5.187,3.3173,25.971,35.526,51.022,52.915,59.577,59.201,53.996,56.16,57.447,57.909,64.924,64.376,65.779,67.69,62.485,62.019,69.65,80.42,66.322,55.998,242.99,229.12,209.96,170.82,179.49,210.27,211.86,169.07,110.84,115.26,96.205,134.14,87.119,98.533,64.383,113.19,95.454,89.352,85.135,89.56,76.046,77.929,81.427,80.375,77.186,165.17,186.48,195.29,188,151.9,147.43,218.98,168.21,84.42,83.347,98.811,85.608,56.282,60.363,70.724,70.709,62.239,66.351,71.274,70.845,72.002,71.661,65.966,75.864,71.314,72.462,54.108,63.271,77.339,66.718,115.07,81.722,69.696,46.597,48.701,35.018,64.656,70.158,74.911,73.634,5.1312,7.2043,69.174,136.75,119.05,77.168,75.753,78.203,76.366,74.238,39.202,78.806,52.171,58.32,74.119,72.935,73.105,75.768,80.913,60.882,68.729,73.292,64.263,71.99,76.798,77.418,75.309,76.509,76.935,71.386,77.948,77.193,75.384,75.808,79.085,72.564,72.284,78.121,78.444
7.2776,6.7624,0,43.555,22.67,24.347,90.74,66.385,67.616,68.755,73.637,76.265,140.78,136.09,345.43,243.83,193.97,127.57,126.07,130.83,53.774,93.872,88.317,97.912,100.49,98.913,76.506,76.078,98.132,87.963,92.057,2.8404,18.182,13.391,0.72238,26.928,17.663,35.917,71.036,72,67.523,66.616,66.872,68.608,71.257,69.435,68.231,68.207,70.386,80.022,296.92,268.81,271.1,174.23,132.87,158.58,155.99,142.91,96.681,106.82,129.31,120.3,92.155,95.272,83.352,92.271,93.751,91.235,94.983,90.664,324.28,303.32,302.05,306.91,259.59,248.01,222.12,181.17,118.24,122.45,143.78,125.27,59.344,62.105,59.749,71.738,66.863,91.336,94.511,92.063,95.034,132.26,84.634,96.101,100.71,90.384,83.953,96.439,104.75,85.072,69.765,65.98,50.702,102,85.803,93.229,102.13,111,76.4,67.572,89.307,77.722,82.056,78.393,81.856,87.48,81.706,70.855,92.377,63.715,93.307,90.653,97.198,105.13,101.88,102.26,8.3384,19.857,12.156,25.247,11.802,6.6679,6.9114,9.8319,36.844,66.268,66.796,61.849,68.701,68.288,62.143,65.272,65.416,65.606,72.828,71.75,76.738,85.947,74.346,92.784,104.49,93.321,77.808,63.231,284.21,270.58,257,211.61,216.81,228.65,233.11,204.76,141.64,143.78,126.45,170.41,98.937,135.6,79.165,127.32,122.6,107.85,101.31,103.29,89.08,90.797,95.328,95.445,91.456,183.85,217.31,238.67,229.22,180.25,175.6,258.02,208.38,119.08,117.1,136.99,123.15,66.138,74.821,94.73,94.584,84.692,87.289,94.829,94.016,89.747,88.946,90.43,92.906,89.799,93.701,68.346,76.734,86.05,92.012,137.14,112.05,102.16,75.936,78.164,54.688,91.021,97.405,103.86,102.27,9.747,17.884,82.442,176.96,150.34,91.018,90.98,92.445,90.258,88.233,52.355,104.68,83.263,88.62,103.19,102.09,102.04,89.637,88.314,68.882,77.534,89.837,76.825,88.204,111.95,91.076,88.936,90.529,90.105,84.678,92.119,90.792,90.405,89.737,92.274,101.88,101.16,92.028,92.313
15.422,18.544,43.555,0,3.5051,25.645,11.421,36.043,37.368,40.683,36.833,46.29,50.399,42.1,185.58,146.87,77.689,32.061,30.488,33.371,25.661,27.41,30.348,32.972,37.959,39.404,41.223,12.302,21.458,14.3,20.27,28.218,18.381,13.03,38.86,6.1946,7.6916,8.402,32.241,34.987,34.436,34.566,37.824,33.653,39.134,37.26,35.311,39.918,42.561,25.168,166.65,136.84,131.27,74.572,78.406,69.794,58.614,48.4,41.508,46.772,62.847,41.014,46.194,46.507,46.934,42.14,44.737,43.109,43.333,41.67,166.31,163.98,154.38,170.1,154.03,107.06,95.144,96.908,28.358,30.028,42.498,33.037,25.489,24.13,24.973,32.786,33.163,26.385,27.571,26.394,25.074,43.172,22.688,28.095,40.171,32.915,23.725,38.819,56.855,34.717,35.982,32.093,23.625,55.574,34.074,20.161,21.126,46.202,8.7658,8.7723,11.254,44.391,9.9291,10.461,10.978,13.089,18.476,12.616,18.505,25.86,21.49,21.224,22.558,25.935,24.834,24.75,15.304,4.8234,16.137,3.4161,10.027,18.751,20.238,13.105,13.834,2.8546,22.81,32.271,36.465,36.26,34.009,34.187,36.541,37.21,41.714,42.041,38.369,31.157,34.989,16.317,18.535,46.298,38.087,36.549,144.59,133.01,113.01,86.957,96.694,141.62,139.54,89.904,49.731,55.07,39.59,62.449,52.494,36.063,32.792,69.144,41.816,46.231,45.803,51.931,43.009,44.554,45.811,43.665,42.333,104.5,108.4,104.16,100.12,83.372,80.056,126.91,85.419,28.075,27.975,35.55,27.112,33.315,30.444,27.415,27.527,23.217,27.445,28.214,28.29,34.695,34.967,23.807,38.187,33.41,31.308,26.548,33.586,49.388,23.562,61.456,29.414,19.968,8.3757,9.4288,9.3251,21.289,24.154,25.921,25.319,15.451,7.6001,37.888,61.4,55.382,42.822,40.189,43.091,42.2,40.569,18.472,31.216,10.409,14.393,25.294,24.442,24.726,41.802,53.689,38.818,43.174,36.939,35.347,36.402,22.807,43.231,41.767,42.149,43.476,39.406,42.993,43.14,40.168,41.759,44.988,24.073,24.228,43.434,43.709
4.6221,5.9631,22.67,3.5051,0,18.85,26.155,39.409,40.774,43.624,42.086,50.038,70.713,62.881,227.9,172.2,105.7,52.562,50.886,54.426,27.807,40.3,41.137,45.778,50.381,51.081,46.256,23.366,36.579,28.049,34.063,11.838,7.9992,3.5247,19.044,2.2327,2.457,8.999,37.822,40.205,38.508,38.347,40.907,38.218,43.165,41.214,39.38,42.885,45.519,34.81,201.12,170.87,167.05,98.307,90.27,90.546,81.086,69.655,52.105,58.938,77.42,58.014,54.46,55.566,52.549,51.379,53.786,51.838,53.047,50.573,207.6,200.65,192.81,206.31,181.81,142.2,126.48,117.43,47.243,49.645,65.073,52.822,29.282,29.017,28.999,38.44,37.343,38.813,40.597,39.013,38.733,62.791,34.082,41.433,52.165,43.709,34.728,49.955,66.107,43.657,40.332,36.27,25.342,64.365,43.359,34.272,37.293,59.628,20.416,18.186,25.684,49.014,22.812,22.389,23.69,26.89,29.915,22.262,32.687,30.817,35.381,34.481,37.248,42.015,40.297,40.323,5.1503,0.10641,7.4026,1.3445,1.7816,7.2738,8.5927,3.9315,13.618,12.382,29.309,35.22,40.396,40.121,36.633,37.671,39.509,40.074,45.579,45.518,44.14,41.126,40.871,30.949,35.635,54.864,44.227,38.884,180.75,168.29,149.11,117.39,126.41,164.17,163.78,118.06,70.399,75.181,58.45,87.727,61.164,57.8,40.528,81.7,59.244,58.801,56.69,61.941,51.162,52.825,55.048,53.43,51.303,123.96,135.72,137.66,132.16,106.73,102.95,160.41,115.38,47.208,46.648,57.692,47.334,37.252,37.498,40.53,40.581,34.521,38.573,41.193,41.039,44.923,44.916,36.512,48.5,43.935,43.342,32.66,40.463,55.179,36.728,78.439,46.595,36.322,19.956,21.431,15.171,34.629,38.602,41.684,40.791,5.9064,2.4609,45.375,88.45,77.094,51.557,49.519,52.16,50.868,49.051,21.816,46.168,23.526,28.29,41.003,40.028,40.249,50.39,59.083,42.242,48.034,46.691,41.846,45.826,41.06,51.887,50.168,50.904,51.805,47.167,51.994,51.739,49.344,50.384,53.569,39.672,39.62,52.307,52.598
12.319,23.082,24.347,25.645,18.85,0,40.312,10.432,10.885,11.276,13.589,14.439,53.974,54.333,193.08,114.23,89.122,53.89,53.881,56.085,6.3429,27.757,22.866,28.26,28.386,27.007,14.625,24.665,34.915,32.798,30.701,25.665,41.913,27.875,28.031,33.532,7.7579,6.0264,12.882,13.002,11.028,10.625,10.559,11.582,12.368,11.667,11.269,11.059,11.94,19.51,153.49,135.99,140.14,72.656,43.466,61.512,63.312,56.822,25.208,30.414,42.202,41.471,22.058,23.709,17.619,22.567,23.061,21.871,23.928,21.739,179.16,159.71,161.54,161.44,125.33,128.39,107.95,73.308,47.777,50.492,61.561,50.635,8.6309,10.151,8.9045,13.143,10.854,26.444,28.138,26.955,29.843,50.272,23.598,29.036,27.959,23.375,22.629,25.608,28.168,19.786,11.895,10.576,5.51,26.738,20.34,31.762,38.902,33.196,29.298,21.786,38.868,15.078,33.09,28.717,31.263,33.866,23.976,20.491,32.446,10.52,30.811,28.884,33.235,37.502,35.516,35.898,8.8629,18.732,3.9426,11.56,14.807,8.3043,6.9009,9.2326,3.5333,32.95,12.812,8.8079,11.395,11.229,8.8088,10.081,10.008,10.061,12.972,12.508,14.922,21.16,14.117,35.043,44.484,22.671,15.465,9.1338,147.82,138.94,134.62,101.68,102.13,103.77,106.92,93.744,55.02,54.516,47.214,74.579,25.243,58.61,16.916,40.431,42.929,31.163,27.239,27.661,20.723,21.482,23.812,24.145,22.088,74.56,98.918,120.1,112.56,74.982,72.137,129.26,99.265,48.924,46.99,60.664,54.535,10.522,15.081,28.372,28.212,23.371,23.244,28.064,27.453,22.513,21.971,27.12,23.612,22.876,26.024,12.609,15.502,18.856,28.438,47.682,41.059,40.148,29.475,29.97,12.992,29.128,32.277,36.42,35.499,6.4637,7.7307,17.828,81.883,59.874,21.787,22.132,22.538,21.448,20.557,7.3345,33.911,33.558,33.311,36.299,35.983,35.732,21.16,19.948,11.364,15.021,22.065,15.292,21.229,47.156,21.77,20.785,21.603,21.221,18.805,22.37,21.627,21.812,21.22,22.231,36.081,35.35,22.266,22.39
46.924,56.657,90.74,11.421,26.155,40.312,0,28.975,29.896,33.133,26.596,36.118,17.755,11.631,107.29,90.223,31.459,5.7095,4.9294,6.157,23.512,9.4732,14.039,13.359,17.387,19.391,30.227,2.6753,3.5521,1.1759,4.0962,71.865,58.749,48.34,86.827,34.218,28.443,15.778,22.724,25.283,26.667,27.222,30.756,25.319,30.221,28.941,27.315,32.515,34.529,11.981,97.579,73.222,67.471,32.593,49.733,31.867,21.762,15.52,22.377,24.26,33.613,14.32,29.181,28.286,33.696,24.715,26.948,26.167,24.954,24.834,92.188,93.451,84.278,98.947,93.592,49.19,42.302,53.851,4.5816,5.0668,10.69,6.6642,20.714,18.072,19.991,23.009,25.563,9.332,9.424,9.1171,7.1102,13.307,8.1582,9.4154,19.547,15.842,9.2976,19.668,36.061,19.635,27.368,24.79,22.835,35.715,18.692,3.7357,2.5636,22.222,0.88096,2.9171,0.016151,33.277,0.36973,1.1482,0.73085,0.691,5.533,4.3821,2.7863,19.153,4.6981,5.1804,4.5555,5.2819,5.1787,5.0299,44.2,29.541,39.885,20.359,38.949,49.01,49.797,40.844,20.044,3.0171,14.762,26.884,28.386,28.345,28.681,27.418,29.986,30.653,32.431,33.298,26.946,15.68,24.272,1.3878,0.96941,28.828,26.179,31.028,77.906,69.19,53.211,36.746,44.607,88.993,85.229,40.573,16.958,21.349,11.543,22.317,33.474,7.3257,19.939,41.271,14.447,23.331,25.222,31.136,26.915,27.919,27.503,25.134,25.24,61.413,55.994,47.825,45.625,39.822,37.68,65.6,35.895,4.2905,4.5008,6.8878,3.4053,26.058,19.24,9.2187,9.3625,8.605,11.611,9.9038,10.222,17.863,18.435,7.355,20.296,16.545,13.139,17.883,21.763,35.327,6.6941,29.584,6.434,1.8881,0.84718,0.79219,7.6805,5.1334,5.7321,5.5546,5.4583,42.11,28.171,24.036,20.535,20.081,25.941,23.126,25.673,25.566,24.603,16.756,9.7267,0.34314,1.1072,5.229,4.8374,5.0602,25.38,39.302,30.949,31.975,20.139,23.612,20.195,2.1883,26.362,25.621,25.404,27.015,24.768,25.694,26.375,23.325,25.294,27.806,4.6115,4.8858,26.207,26.394
40.267,57.838,66.385,36.043,39.409,10.432,28.975,0,0.012092,0.15208,0.25597,0.6503,20.741,23.708,116.25,55.767,43.317,27.794,28.641,29.215,1.0102,8.4483,4.6509,7.0392,5.9522,4.9405,0.36135,14.058,16.424,19.202,13.692,65.307,79.975,60.558,71.323,59.97,25.577,10.856,0.4741,0.25607,0.054285,0.027815,0.026921,0.14613,0.094358,0.034503,0.039148,0.10936,0.28096,4.4018,84.281,72.752,77.314,30.13,11.731,22.493,26.106,23.654,3.753,5.7106,10.787,13.762,2.1652,2.7377,1.0399,2.5533,2.5729,2.2212,3.0087,2.2699,106.66,89.638,92.556,90.497,63.474,72.006,55.883,28.445,24.009,25.649,30.061,24.265,0.92585,1.386,1.0473,0.46719,0.10854,7.9676,8.6413,8.2926,10.776,19.919,7.5954,9.0511,5.3168,4.302,6.6034,4.3188,4.3726,2.3013,0.06905,0.16332,1.5545,3.8317,2.6385,14.582,20.041,7.2845,20.853,14.838,27.629,0.53843,23.196,18.764,20.535,21.103,9.7722,10.95,16.084,1.0508,13.142,11.833,14.485,16.261,15.179,15.527,34.109,41.189,23.902,26.207,40.754,34.619,32.37,33.523,6.7679,32.807,2.3761,0.1178,0.023931,0.017787,0.070437,0.02549,0.012846,0.026847,0.22429,0.23169,0.43861,3.593,0.46665,19.728,27.072,2.371,0.56495,0.077045,81.884,75.923,76.397,52.253,50.342,48.869,50.707,44.506,21.766,20,18.638,34.67,3.2368,30.267,1.514,9.8369,14.612,6.1636,4.2558,4.129,1.8243,2.017,2.8055,3.0723,2.3529,29.283,45.924,64.872,58.881,30.559,28.869,68.436,50.444,25.234,23.488,32.548,31.315,0.077391,1.2924,8.8519,8.7058,7.2436,5.6816,8.3682,7.9477,3.5133,3.2102,9.4154,3.4515,3.9432,6.1554,1.3442,0.95673,1.4145,10.429,14.147,17.589,21.895,21.406,20.804,9.5254,11.98,12.97,15.39,14.936,29.409,25.38,1.2146,41.773,24.144,2.2077,2.5569,2.4717,2.1236,1.9178,2.9096,11.334,23.177,19.584,15.589,15.747,15.405,2.0456,2,0.051728,0.46982,2.9339,0.71221,2.6498,26.716,2.1775,1.9139,2.1838,1.9715,1.4066,2.4143,2.131,2.4302,2.0703,2.2591,16.01,15.34,2.3474,2.3776
41.475,59.319,67.616,37.368,40.774,10.885,29.896,0.012092,0,0.084894,0.24699,0.48513,20.768,23.937,115.42,54.644,43.212,28.282,29.174,29.702,1.2373,8.7147,4.807,7.179,5.9836,4.9315,0.27558,14.713,16.931,19.898,14.179,66.771,81.85,62.171,72.723,61.664,26.624,11.587,0.55087,0.28097,0.092426,0.064851,0.0087334,0.19726,0.047815,0.021508,0.061077,0.055185,0.18179,4.6548,83.262,72.068,76.805,29.867,11.133,22.196,26.068,23.764,3.6904,5.5784,10.44,13.852,2.0023,2.5748,0.8589,2.4656,2.4393,2.1128,2.9046,2.1876,106.02,88.752,91.887,89.518,62.346,71.845,55.669,27.763,24.506,26.141,30.389,24.676,1.1447,1.6314,1.2763,0.53345,0.17023,8.2466,8.9074,8.5763,11.123,20.067,7.9413,9.3132,5.2988,4.4049,6.9147,4.3124,4.0497,2.3461,0.077605,0.24554,1.8312,3.525,2.699,15.085,20.614,7.1838,21.693,15.582,28.531,0.40058,24.05,19.534,21.323,21.856,10.234,11.552,16.645,1.2582,13.596,12.272,14.939,16.677,15.6,15.955,35.202,42.57,24.785,27.324,42.053,35.667,33.35,34.639,7.3298,33.985,2.654,0.2033,0.025375,0.023275,0.12534,0.071176,0.01848,0.021159,0.13408,0.13799,0.40186,3.72,0.49137,20.391,27.814,2.2081,0.53344,0.087494,81.213,75.36,76.202,52.127,50.008,47.732,49.632,44.199,21.822,19.93,18.832,34.701,2.9761,30.721,1.5868,9.3697,14.701,6.0471,4.1224,3.8868,1.7139,1.8813,2.6555,2.963,2.2596,28.484,45.31,64.644,58.626,30.145,28.488,67.858,50.316,25.757,23.984,33.05,31.96,0.1372,1.408,9.1242,8.9738,7.574,5.9074,8.6179,8.1897,3.5729,3.2609,9.7662,3.4457,4.0322,6.314,1.5374,1.01,1.1946,10.8,13.872,17.959,22.521,22.264,21.629,10.183,12.42,13.369,15.793,15.343,30.41,26.424,1.1904,41.942,24.134,2.1042,2.5043,2.3661,2.0304,1.8516,3.2952,11.571,24.021,20.285,16.008,16.184,15.831,1.9587,1.7146,0.01382,0.3515,2.9449,0.73117,2.6673,27.367,2.0665,1.8263,2.092,1.8543,1.3566,2.3099,2.0212,2.3765,1.9844,2.1179,16.459,15.775,2.2345,2.2601
43.362,61.725,68.755,40.683,43.624,11.276,33.133,0.15208,0.084894,0,0.48684,0.22865,22.297,25.991,116.65,53.802,45.037,30.938,31.93,32.399,1.7978,10.228,5.8867,8.3803,6.893,5.6844,0.31294,17.016,19.202,22.515,16.295,68.831,85.378,65.139,74.355,65.269,28.569,13.236,1.0235,0.59973,0.35146,0.29805,0.05318,0.52693,0.09963,0.14797,0.28083,0.0036557,0.021247,5.876,83.401,72.982,78.278,30.97,10.484,22.978,27.613,25.57,4.2281,6.0735,10.61,15.27,2.112,2.7478,0.71332,2.834,2.6822,2.3907,3.2717,2.5423,107.6,89.388,93.188,89.893,61.688,74.107,57.497,27.602,27.052,28.734,32.822,27.087,1.8168,2.4548,1.9915,0.98658,0.49468,9.7532,10.431,10.109,12.891,21.832,9.5263,10.852,6.0553,5.3569,8.385,5.0282,3.8527,3.0098,0.28759,0.61917,2.4769,3.3303,3.4284,17.265,23.126,7.8554,24.488,17.966,31.696,0.27978,26.978,22.181,24.076,24.613,12.103,13.612,18.968,1.9955,15.641,14.229,17.048,18.807,17.69,18.071,36.867,45.361,26.057,29.692,44.365,37.115,34.624,36.439,8.5081,37.426,3.6842,0.48676,0.18483,0.18689,0.30917,0.30151,0.11117,0.078229,0.067479,0.031995,0.61627,4.6641,0.8627,23.001,30.81,2.3419,0.78984,0.14116,82.326,76.663,78.457,54.095,51.418,46.637,48.818,45.549,23.448,21.207,20.648,36.637,2.8826,33.391,2.2218,9.089,16.149,6.6122,4.5125,3.9449,1.9411,2.0568,2.8736,3.3217,2.5931,27.956,45.855,66.613,60.413,30.856,29.24,68.983,52.242,28.386,26.51,35.868,34.969,0.4377,2.0917,10.669,10.504,9.1144,7.1821,10.098,9.6327,4.3751,4.0196,11.468,4.0974,4.9292,7.4991,2.3329,1.5295,0.96919,12.587,14.408,20.066,25.178,25.096,24.416,12.077,14.386,15.326,17.864,17.401,31.902,28.372,1.5722,44.352,25.685,2.3946,2.9645,2.678,2.3399,2.2117,4.3331,13.179,26.942,22.925,18.111,18.324,17.94,2.277,1.3001,0.038035,0.29672,3.592,1.1378,3.304,30.235,2.3324,2.1282,2.4121,2.079,1.6981,2.6192,2.2852,2.822,2.3082,2.3053,18.627,17.893,2.5132,2.529
44.82,62.984,73.637,36.833,42.086,13.589,26.596,0.25597,0.24699,0.48684,0,0.72728,16.485,19.416,105.76,49.674,36.953,23.689,24.584,24.962,1.6851,6.2762,2.9909,4.8342,3.8025,2.9718,0.13049,12.542,13.762,16.988,11.375,71.459,84.707,64.942,78.363,62.912,28.576,12.163,0.16781,0.023757,0.1336,0.18403,0.34519,0.099721,0.14767,0.12296,0.11219,0.44299,0.5971,3.0896,75.797,64.531,68.703,24.836,9.456,17.98,21.247,19.184,2.0489,3.5578,7.8994,10.417,1.0389,1.3999,0.61241,1.2001,1.2506,0.99513,1.5219,1.0088,96.523,80.625,83.168,81.566,56.727,63.716,48.586,23.825,20.339,21.782,25.334,20.317,1.1579,1.3383,1.2218,0.13684,0.16909,5.9242,6.4328,6.2004,8.4334,15.902,5.8565,6.7575,3.2596,2.6177,4.9538,2.4955,2.9136,1.0858,0.061345,0.23367,2.3654,2.5029,1.3377,12.187,17.129,4.8094,19.261,13.8,25.323,0.39414,21.282,17.068,18.638,18.9,8.072,9.7888,13.696,0.96778,10.785,9.6382,11.915,13.303,12.388,12.71,38.44,44.196,27.763,28.394,44.665,39.283,37.049,37.602,8.2181,31.928,1.9129,0.51704,0.12465,0.13889,0.54293,0.26459,0.37196,0.40893,0.30278,0.41208,0.032118,2.1388,0.057296,17.264,23.984,1.1646,0.062593,0.60727,73.1,67.42,67.839,45.233,43.422,43.509,44.926,38.014,17.429,15.757,14.843,29.093,1.9602,25.818,0.63139,7.4344,11.153,3.9103,2.4436,2.5032,0.75096,0.90119,1.426,1.5696,1.0693,24.897,39.524,56.99,51.376,25.299,23.748,60.402,43.549,21.509,19.874,28.012,27.353,0.20191,0.61036,6.6222,6.4906,5.5222,3.9613,6.165,5.8027,1.9607,1.7282,7.3295,1.8478,2.3241,4.1645,0.94721,0.29469,0.92317,8.2285,10.648,14.318,18.956,19.841,19.111,9.4014,9.7636,10.44,12.511,12.136,33.537,28.353,0.35629,35.783,19.5,0.98213,1.1949,1.1563,0.92041,0.77586,3.334,8.5995,21.196,17.333,12.732,12.93,12.601,0.86654,1.586,0.27037,0.27061,1.4871,0.13624,1.2933,23.281,0.96968,0.7844,0.95801,0.84804,0.46395,1.1175,0.93904,1.1088,0.88163,1.0583,13.195,12.574,1.0809,1.1049
49.84,69.438,76.265,46.29,50.038,14.439,36.118,0.6503,0.48513,0.22865,0.72728,0,21.274,25.715,110.24,47.826,42.783,31.699,32.875,33.104,3.2482,10.831,6.2556,8.4974,6.623,5.3265,0.27437,19.305,20.535,24.715,17.673,76.83,94.42,73.079,82.426,73.007,33.904,16.794,1.5677,0.97538,0.8856,0.85491,0.45969,1.0658,0.30732,0.49367,0.75203,0.28066,0.12349,6.7291,76.982,67.913,73.726,28.498,7.8137,20.65,26.136,24.787,3.762,5.1895,8.6634,14.805,1.4715,2.0333,0.24908,2.3959,2.083,1.9195,2.7259,2.1566,102,83.283,87.767,83.467,55.466,70.973,54.507,23.796,27.996,29.59,32.76,27.611,3.0814,3.7214,3.2744,1.483,1.1105,10.449,11.02,10.805,13.735,21.345,10.579,11.397,5.6326,5.5179,9.3386,4.7307,2.4961,3.1165,0.68046,1.3154,4.1608,2.0802,3.5645,18.677,24.618,6.977,27.444,20.754,34.632,0.076289,29.873,24.835,26.728,27.028,13.604,15.823,20.597,3.107,16.882,15.47,18.215,19.698,18.654,19.054,42.84,51.95,31.08,35.007,50.964,43.034,40.297,42.412,11.484,41.899,4.9273,1.3102,0.58892,0.61325,1.0435,0.91975,0.62122,0.55388,0.12031,0.10733,0.70004,4.9958,1.1758,24.991,32.877,1.6736,0.85973,0.72903,77.107,71.946,75.101,51.535,48.113,40.868,43.131,42.493,22.504,19.824,20.414,35.17,1.8233,33.899,2.5496,6.8622,15.637,5.7519,3.743,2.8328,1.516,1.5218,2.1927,2.7508,2.1585,23.794,41.683,63.369,57.2,27.832,26.386,64.376,49.717,29.407,27.469,36.528,36.365,1.0688,2.6502,11.274,11.097,10.115,7.7911,10.627,10.154,4.4194,4.0555,12.417,3.8791,5.0607,7.7616,3.2819,1.8613,0.33664,13.572,12.518,20.677,26.862,28.126,27.279,14.863,15.623,16.3,18.732,18.313,37.459,33.688,1.5454,43.257,24.387,1.9422,2.6547,2.1864,1.9336,1.9283,6.2901,13.476,29.774,25.127,19.044,19.343,18.921,1.9028,0.44963,0.33583,0.14719,3.491,1.3711,3.2592,31.839,1.8579,1.7689,2.0035,1.6106,1.5451,2.1383,1.8207,2.5227,1.9344,1.7205,19.689,18.921,2.0111,2.0077
90.124,110.78,140.78,50.399,70.713,53.974,17.755,20.741,20.768,22.297,16.485,21.274,0,0.89434,45.685,28.07,4.3856,4.4727,5.3647,4.5449,23.743,4.7471,6.5913,4.1246,4.4761,5.4697,17.481,13.028,6.1651,11.421,6.7698,127.62,125.74,105.38,142.32,90.878,62.571,35.057,15.505,16.411,18.952,19.64,21.599,17.78,19.482,19.456,19.019,22.132,22.53,8.6983,33.768,21.768,21.253,2.3648,14.513,2.175,0.39024,0.22906,7.1685,5.6118,5.7964,0.8257,11.74,10.374,17.175,9.4019,10.098,10.413,8.773,9.9158,37.776,33.13,30.747,35.543,29.821,15.9,9.3282,10.45,4.5987,4.4722,2.4113,3.0488,19.671,17.338,19.177,15.368,18.632,5.3371,4.6088,5.1754,4.8233,0.32029,7.1825,4.2727,5.1129,6.4764,7.3062,6.1597,12.272,9.2727,18.423,18.6,25.108,12.786,8.6932,6.8076,6.9225,3.961,17.542,17.434,17.243,18.899,16.808,15.1,14.872,12.937,8.715,13.636,7.8745,17.006,6.13,6.4405,5.5214,4.072,4.4808,4.5267,82.912,75.383,70.201,55.148,83.943,86.865,85.335,79.821,33.731,33.123,14.24,21.541,19.433,19.579,22.428,20.323,21.755,22.077,20.218,21.189,15.527,7.6701,15,9.94,10.89,11.211,14.729,23.346,25.632,21.316,18.122,7.4919,8.2836,28.006,25.451,6.1393,0.028625,0.20583,0.68004,1.7793,12.274,4.0849,11.297,10.328,0.63784,5.0082,7.2892,9.8059,11.433,11.454,9.9482,8.7352,9.8874,14.442,11.029,13.081,10.778,4.4007,3.7048,18.261,6.846,5.0963,4.5981,5.1534,7.9545,19.203,12.546,4.5724,4.5957,7.1241,6.4709,4.5254,4.7044,7.268,7.6884,5.7793,7.2994,6.8351,5.0416,14.543,12.929,17.299,5.5713,2.9368,2.9215,8.0729,18.184,16.7,21.233,6.3804,4.8515,4.0389,4.2747,77.147,62.153,12.053,3.9158,0.1574,10.361,9.0232,9.8204,10.394,10.517,21.985,2.7285,16.264,11.423,4.2995,4.6698,4.533,10.483,19.156,20.88,18.159,8.0757,13.768,8.5638,8.1372,10.558,10.811,10.235,11.179,11.694,9.9229,10.647,9.2772,10.411,10.963,4.8484,4.7485,10.206,10.22
84.482,103,136.09,42.1,62.881,54.333,11.631,23.708,23.937,25.991,19.416,25.715,0.89434,0,51.378,38.242,5.5278,1.3906,1.911,1.4101,25.009,4.4424,7.4717,4.9137,6.2381,7.6626,21.094,9.6035,3.5439,7.3356,4.474,120.42,114.33,96.118,136.06,80.285,57.663,32.188,17.664,19.056,21.615,22.346,24.858,20.275,22.874,22.57,21.821,25.712,26.496,8.8814,41.995,27.168,24.961,5.3506,21.725,5.7966,1.5927,0.29691,9.944,8.8038,10.553,1.5547,15.643,14.186,21.538,12.549,13.66,13.796,12.006,13.055,42.024,39.964,35.515,43.228,39.751,16.696,11.023,17.391,1.6318,1.4634,0.47298,0.71532,20.818,18.132,20.21,17.608,21.081,4.9768,4.2905,4.7537,3.7415,0.25853,6.3685,3.9523,7.3466,7.8119,6.8339,8.3927,17.433,11.32,21.308,20.873,25.998,17.86,10.565,4.3357,3.6183,6.7383,12.468,13.442,11.323,23.006,11.471,10.599,10.125,8.3626,6.9006,10.836,4.9049,18.118,4.1043,4.6179,3.4023,2.1145,2.5596,2.531,78.172,67.556,67.095,49.273,77.221,82.667,81.731,74.768,32.4,25.394,14.571,23.927,22.426,22.546,25.114,22.989,24.823,25.253,24.003,25.049,18.636,8.894,17.57,6.0312,6.0237,15.079,17.751,26.445,30.682,25.544,19.102,8.5324,11.188,38.61,35.337,8.9939,0.63626,1.9582,0.30732,2.0653,16.968,1.1628,13.242,16.345,1.3322,8.0196,10.638,14.188,14.899,15.123,13.63,12.006,13.114,22.505,16.605,14.642,12.737,8.7175,7.7974,22.819,7.9586,1.8782,1.6661,1.7694,3.5672,21.696,14.203,4.1911,4.2587,6.4535,6.7154,4.353,4.6243,9.0403,9.5683,4.7728,9.6213,8.3207,5.7579,15.644,15.14,21.975,4.339,6.7989,1.2301,4.2868,12.966,11.715,18.383,4.5397,3.2334,2.2353,2.4666,73.125,57.255,14.857,2.8164,1.2097,13.701,11.86,13.14,13.655,13.567,21.755,2.4366,10.99,7.2827,2.3703,2.5909,2.5558,13.699,24.438,24.269,22.071,10.319,16.317,10.789,3.9209,13.972,14.054,13.472,14.684,14.687,13.241,14.058,12.14,13.614,14.644,2.67,2.7121,13.611,13.662
264.13,298.44,345.43,185.58,227.9,193.08,107.29,116.25,115.42,116.65,105.76,110.24,45.685,51.378,0,23.771,23.218,63.699,66.261,62.087,129.44,79.766,84.48,75.528,73.711,75.683,105.06,105.32,81.909,97.012,85.836,326.01,318.87,287.93,348.96,259.45,215.18,160.71,106.42,106.82,113.16,114.68,117.02,110.93,111.23,112.46,112.75,116.8,115.85,92.942,5.5433,5.1014,4.7166,29.048,66.216,36.663,37.692,45.685,78.952,70.613,57.097,58.286,87.376,83.655,100.12,84.442,84.304,86.337,81.908,86.119,0.72857,2.4392,1.4754,3.3732,18.123,11.892,14.967,33.877,68.869,66.42,50.556,62.02,120.22,115.46,119.35,105.74,113.24,82.115,79.218,81.529,80.014,51.758,89.065,77.834,74.11,82.729,89.292,78.058,80.095,89.247,110.91,113.84,133.59,82.476,88.125,85.428,81.568,66.186,113.74,117.33,107.08,106.11,109.78,108.32,106.32,100.1,94.011,108.5,88.03,113.76,83.901,85.628,80.931,74.211,76.575,76.515,251.52,236.64,228.2,200.52,253.18,258.01,254.93,246.24,156.65,145.95,108.57,120.53,112.94,113.42,121.45,116.51,118.25,118.53,111.13,113.14,102.41,87.102,103.43,91.922,87.948,85.957,100.68,121.87,3.0176,4.5899,10.242,18.503,15.062,31.525,25.849,18.366,45.541,43.521,55.789,32.876,83.727,58.564,95.694,63.949,56.777,69.293,76.05,77.848,89.007,87.903,83.095,81.56,85.559,37.48,16.409,11.877,13.081,27.605,29.288,6.3899,19.194,69.423,69.455,59.913,72.77,114.48,100.28,79.104,79.176,88.802,85.479,78.772,79.401,83.871,84.851,83.926,81.657,83.455,79.312,107.44,99.281,98.535,82.965,49.293,68.397,83.807,115.13,111.39,129.1,85.352,79.291,74.7,75.934,241.14,214.4,94.234,33.966,40.559,86.418,84.866,84.824,86.962,88.463,128.96,70.742,108.22,96.71,75.59,76.91,76.624,87.482,99.575,114.69,105.26,84.607,100.2,86.27,78.99,86.619,88.344,86.59,88.018,92.274,85.162,86.914,85.546,87.328,86.33,77.399,77.493,85.565,85.393
187.51,221.81,243.83,146.87,172.2,114.23,90.223,55.767,54.644,53.802,49.674,47.826,28.07,38.242,23.771,0,22.798,54.086,57.12,53.848,69.391,47.385,45.017,40.873,36.319,35.76,47.173,74.693,59.063,73.807,59.322,239.55,254.2,221.19,252.82,207.96,149.94,104.98,52.562,51.202,54.88,55.648,55.335,54.094,51.462,53.042,54.189,54.235,52.529,52.174,6.4667,10.398,17.255,15.307,17.162,14.86,24.447,31.804,35.439,29.91,18.942,33.376,36.36,34.635,42.144,37.102,35.737,37.376,35.496,38.022,24.883,11.075,18.085,9.3306,0.42857,28.512,21.132,5.2319,55.326,54.638,43.531,49.34,64.187,62.606,64.067,51.899,55.614,48.779,47.175,48.747,50.881,34.369,54.22,46.513,34.838,42.409,52.897,36.815,28.952,43.315,52.841,56.545,73.272,30.435,43.32,59.979,62.427,29.167,87.6,83.988,88.927,46.337,86.971,81.724,81.992,77.943,61.175,73.418,63.691,60.46,57.099,56.983,56.14,52.305,53.182,53.517,174.67,178.15,151.49,144.39,184.48,177.08,172.49,172.24,96.122,119.99,60.301,60.194,53.706,54.073,59.795,56.87,56.658,56.497,50.228,51.211,47.181,45.102,49.483,70.407,73.926,35.699,46.462,58.761,13.879,15.006,28.698,23.845,15.214,0.56539,0.12125,15.027,29.285,23.804,37.248,27.819,32.134,51.488,47.193,18.761,32.916,29.86,32.109,29.927,38.565,37.344,34.732,35.192,37.449,4.2367,5.9498,23.276,20.372,10.469,11.504,12.075,23.314,56.929,55.362,54.645,65.005,56.207,50.757,47.387,47.234,53.476,48.007,46.344,46.268,41.421,41.555,52.456,38.356,42.235,43.021,56.815,48.3,40.364,52.985,18.374,48.512,66.012,89.098,85.892,85.391,56.932,52.991,51.773,52.348,164.32,149.36,43.524,35.619,25.855,37.554,38.326,36.764,38.095,39.571,74.515,43.072,85.83,73.948,52.779,54.101,53.476,38.516,39.339,53.539,46.404,40.167,47.703,41.111,66.377,37.433,38.898,37.967,37.909,41.832,36.951,37.603,38.603,38.474,36.463,54.809,54.156,36.894,36.687
132.38,155.97,193.97,77.689,105.7,89.122,31.459,43.317,43.212,45.037,36.953,42.783,4.3856,5.5278,23.218,22.798,0,10.368,11.536,9.8384,48.43,18.012,21.711,17.011,17.375,19.021,37.901,29.697,17.92,25.353,19.879,176.83,170.01,147.74,195,127.57,98.239,63.275,35.937,37.041,40.866,41.862,44.368,39.211,41.126,41.307,40.876,44.893,45.133,25.41,19.043,8.7606,7.0085,1.9935,25.686,4.8884,2.2122,3.9131,21.685,18.18,14.978,9.015,28.394,26.173,36.616,25.286,26.017,26.77,24.086,26.182,17.097,16.528,13.056,19.091,21.898,3.6326,0.95895,11.984,12.264,11.331,5.4746,9.4254,42.552,39.142,41.847,35.682,40.516,19.147,17.727,18.797,17.558,5.9021,22.352,17.04,18.289,21.394,22.769,20.304,27.271,25.97,39.928,40.563,50.44,28.342,25.077,19.635,17.794,15.289,34.266,36.208,31.202,39.567,32.257,31.263,30.258,27.023,24.267,31.633,20.837,38.593,19.011,19.948,17.544,14.459,15.547,15.502,124.05,111.73,109.03,87.671,123.79,129.25,127.66,119.99,62.199,53.385,34.429,44.839,41.362,41.598,45.962,42.897,44.735,45.128,41.878,43.255,35.333,23.564,34.915,22.802,21.385,27.542,34.159,47.027,10.375,7.4016,4.7017,0.42018,1.21,25.669,21.53,0.84549,4.1398,4.45,7.2514,0.83777,28.131,8.5174,29.393,21.237,8.3602,17.201,21.231,24.289,28.403,28.203,25.605,23.973,26.042,16.695,5.5095,2.3274,1.4959,3.8755,3.8035,6.2159,0.27468,12.59,12.486,9.33,14.727,41.342,31.536,17.617,17.69,22.334,21.482,17.633,18.032,22.633,23.322,19.557,22.331,21.989,18.829,34.835,31.878,36.406,18.927,9.7914,11.954,18.943,35.047,32.988,43.532,19.802,16.93,14.716,15.282,117.29,97.708,30.06,1.5772,2.8999,26.73,24.94,25.823,26.873,27.296,45.968,13.666,31.422,25.212,15.092,15.666,15.556,27.072,38.449,43.209,38.644,23.773,32.998,24.639,17.053,26.984,27.599,26.626,27.934,29.309,26.002,27.14,25.356,26.963,27.359,15.873,15.945,26.391,26.371
76.01,91.616,127.57,32.061,52.562,53.89,5.7095,27.794,28.282,30.938,23.689,31.699,4.4727,1.3906,63.699,54.086,10.368,0,0.041462,0.022006,26.808,5.5981,9.8555,7.4321,9.9304,11.804,26.198,6.6176,2.0673,3.851,3.2417,109.3,98.671,83.256,125.7,66.442,50.8,28.606,21.009,22.965,25.406,26.155,29.275,23.916,27.577,26.913,25.786,30.519,31.787,10.248,56.528,38.098,33.981,11.977,32.188,12.853,5.8245,2.9539,14.683,14.26,18.271,4.5161,21.51,20.036,27.654,17.588,19.195,19.067,17.209,18.042,52.403,53.019,46.195,57.294,55.595,21.982,16.967,28.585,0.18624,0.055735,0.77476,0.17626,22.672,19.677,21.95,21.065,24.616,6.0055,5.4459,5.7289,4.0167,2.5507,6.6999,5.1437,11.578,10.767,7.546,12.517,24.999,14.939,25.411,24.188,27.272,25.261,14.008,2.9216,1.4134,11.829,7.4823,9.5386,5.619,28.678,6.3086,6.3678,5.6824,4.2703,5.9817,8.4588,2.8748,20.072,3.2232,3.9134,2.5026,1.5897,2.0039,1.8955,70.913,57.092,62.062,41.587,67.708,75.925,75.714,67.235,30.648,16.813,15.735,27.232,26.615,26.692,28.754,26.711,28.986,29.541,29.179,30.27,23.197,11.608,21.468,2.8777,1.9737,20.939,22.249,30.57,41.435,35.156,24.737,13.544,18.452,54.654,50.687,16.002,3.8984,6.5886,2.1153,5.4934,23.877,0.12593,16.586,25.395,4.3028,13.299,16.133,20.87,20.203,20.698,19.338,17.265,18.217,34.977,26.925,20.686,19.101,16.969,15.709,32.625,13.003,0.14798,0.23816,0.20287,0.5039,25.257,17.099,5.2784,5.3941,6.9538,8.3428,5.6859,6.0445,12.475,13.103,5.0245,13.756,11.432,8.0896,17.725,18.711,28.506,4.3642,13.691,1.1752,1.4999,7.793,6.8844,15.473,3.8228,2.9328,1.8644,2.0539,66.843,50.417,19.248,4.7243,5.1592,18.919,16.519,18.373,18.764,18.389,21.825,3.8632,5.9359,3.7479,1.835,1.8525,1.9372,18.742,31.68,28.891,27.528,14.286,20.264,14.692,0.82889,19.272,19.108,18.564,20.058,19.35,18.463,19.347,16.813,18.645,20.269,1.8082,2.0031,18.928,19.027
74.594,89.687,126.07,30.488,50.886,53.881,4.9294,28.641,29.174,31.93,24.584,32.875,5.3647,1.911,66.261,57.12,11.536,0.041462,0,0.068195,27.254,6.0171,10.469,8.084,10.781,12.725,27.233,6.3123,2.0522,3.481,3.2582,107.39,96.027,81.098,123.89,64.158,49.703,28.117,21.746,23.797,26.208,26.958,30.177,24.697,28.535,27.809,26.618,31.486,32.837,10.678,59.408,40.357,35.926,13.419,34.195,14.344,6.8453,3.6952,15.699,15.41,19.828,5.2765,22.7,21.23,28.866,18.644,20.335,20.159,18.298,19.087,54.623,55.663,48.446,60.108,58.648,23.282,18.351,30.785,0.20572,0.087405,1.1225,0.35817,23.14,20.101,22.4,21.822,25.376,6.3991,5.8659,6.1147,4.2906,3.2168,6.9659,5.5723,12.518,11.479,7.8742,13.432,26.489,15.75,26.269,24.91,27.625,26.719,14.791,2.9094,1.2816,12.927,6.8387,9.0632,4.8739,29.807,5.6442,5.8556,5.1401,3.7966,6.0337,8.2468,2.7575,20.566,3.3007,4.0163,2.5831,1.7452,2.1494,2.0281,69.71,55.382,61.252,40.374,66.134,74.801,74.713,65.993,30.467,15.537,16.105,27.943,27.484,27.554,29.52,27.497,29.844,30.419,30.217,31.313,24.145,12.271,22.303,2.5713,1.5328,22.131,23.188,31.416,43.68,37.199,26.104,14.761,20.049,57.7,53.628,17.543,4.7389,7.6593,2.6924,6.3982,25.25,0.23766,17.34,27.164,5.0682,14.422,17.281,22.214,21.296,21.838,20.509,18.363,19.283,37.387,29.027,22.103,20.561,18.686,17.364,34.687,14.221,0.12059,0.25905,0.2269,0.25641,26.019,17.772,5.6873,5.8108,7.248,8.8289,6.1358,6.5076,13.263,13.907,5.287,14.666,12.168,8.7035,18.25,19.497,29.792,4.5914,15.125,1.4199,1.2697,7.1166,6.2701,15.141,3.9241,3.1142,2.0439,2.224,65.812,49.325,20.179,5.3822,6.1257,20.002,17.511,19.462,19.828,19.402,21.984,4.3445,5.2918,3.3704,1.9859,1.9676,2.0724,19.794,33.084,29.831,28.622,15.162,21.112,15.555,0.56119,20.369,20.16,19.625,21.165,20.33,19.549,20.441,17.806,19.695,21.421,1.9022,2.1217,20.029,20.136
78.467,94.193,130.83,33.371,54.426,56.085,6.157,29.215,29.702,32.399,24.962,33.104,4.5449,1.4101,62.087,53.848,9.8384,0.022006,0.068195,0,28.31,6.2425,10.675,8.0928,10.63,12.566,27.494,7.3774,2.5158,4.394,3.7973,112.18,101.04,85.579,128.86,68.317,52.826,30.193,22.249,24.239,26.769,27.541,30.721,25.239,28.95,28.29,27.151,31.977,33.249,11.152,55.554,37.134,32.865,11.8,32.981,12.915,5.73,2.9449,15.535,14.992,18.828,4.847,22.555,21.018,28.911,18.55,20.176,20.071,18.135,19.031,50.859,51.86,44.88,56.179,55.163,20.89,16.182,28.695,0.33614,0.14776,0.64404,0.26108,24.043,20.96,23.302,22.3,25.969,6.6857,6.0795,6.3935,4.5936,2.6689,7.4572,5.7527,12.316,11.591,8.337,13.322,25.978,15.915,26.755,25.54,28.804,26.276,14.955,3.4507,1.7737,12.459,8.1813,10.423,6.0923,30.01,6.9085,7.0501,6.3011,4.805,6.7265,9.3356,3.3939,21.352,3.7735,4.5153,2.9894,1.9687,2.4318,2.3141,73.327,59.052,64.379,43.356,69.954,78.448,78.256,69.569,32.312,17.655,16.887,28.681,27.992,28.075,30.232,28.12,30.439,31.003,30.568,31.691,24.431,12.495,22.689,3.3531,2.2466,21.96,23.453,32.074,40.301,34.083,23.571,12.824,17.804,54.637,50.532,15.476,3.9403,6.6844,2.2904,5.1705,24.897,0.052211,17.655,26.122,4.5998,13.998,16.968,21.783,21.253,21.74,20.305,18.187,19.201,35.181,26.489,19.729,18.262,16.832,15.608,31.694,12.32,0.27612,0.40491,0.093249,0.53605,26.629,18.22,5.9044,6.0252,7.7194,9.1304,6.3244,6.702,13.346,13.998,5.6772,14.626,12.278,8.8103,18.914,19.85,29.753,4.9786,14.051,1.4703,1.8412,8.4962,7.5565,16.648,4.418,3.4431,2.2697,2.4821,69.215,52.435,20.344,4.2498,5.123,19.922,17.471,19.35,19.772,19.409,23.22,4.3458,6.5179,4.2788,2.2435,2.2693,2.3599,19.756,32.963,30.311,28.841,15.199,21.436,15.631,1.0172,20.282,20.136,19.565,21.095,20.426,19.445,20.361,17.777,19.656,21.287,2.2231,2.4355,19.92,20.019
29.124,44.091,53.774,25.661,27.807,6.3429,23.512,1.0102,1.2373,1.7978,1.6851,3.2482,23.743,25.009,129.44,69.391,48.43,26.808,27.254,28.31,0,8.4412,5.3381,8.1212,7.9281,7.1735,2.4301,10.446,14.607,15.568,11.884,51.236,63.086,46.051,57.375,45.457,16.522,5.2788,1.1996,1.3868,0.92645,0.87326,1.2647,0.96712,1.697,1.3361,1.0518,1.6452,2.2067,4.1049,98.14,83.638,86.905,36.08,19.098,28.368,29.942,26.045,6.3159,9.0752,16.32,15.796,5.3085,5.9805,4.0088,5.1657,5.5597,4.9491,5.8219,4.7931,118.13,102.62,103.86,104.23,77.444,78.49,62.359,37.631,22.75,24.525,30.737,23.866,0.19369,0.55954,0.2554,1.2931,0.78975,7.7923,8.6532,8.1011,10.166,21.784,6.7104,9.1364,7.6678,5.4518,5.9705,6.4617,9.0296,3.7249,1.233,0.66582,0.059615,8.2896,3.968,12.671,17.784,10.533,15.709,10.251,22.298,3.0082,18.083,14.269,15.98,16.985,7.8833,7.629,13.686,0.56387,11.632,10.375,13.072,15.348,14.154,14.453,24.037,29.299,15.829,16.936,29.132,24.777,23.09,23.369,2.5542,24.457,1.4694,0.43808,1.1973,1.1473,0.6159,0.75866,1.0294,1.1287,2.1855,2.1748,2.174,4.4305,1.682,16.486,23.456,5.5514,2.3009,0.97251,92.929,85.922,83.297,57.848,57.655,62.261,63.777,51.391,24.563,23.824,20.004,38.255,7.2798,29.743,2.5441,16.16,16.714,9.4423,7.4706,8.179,4.4971,4.9249,5.9588,5.9371,4.9798,39.349,55.365,71.736,65.796,37.769,35.738,78.338,55.998,23.78,22.213,31.653,28.938,0.74456,1.8647,8.8215,8.7056,6.4821,5.8059,8.5168,8.1341,4.9697,4.7082,8.6516,5.4858,5.1807,6.9771,1.1244,2.0485,4.7439,9.5474,19.355,17.212,19.193,16.1,15.835,5.2352,10.524,12.008,14.557,14.028,20.212,16.359,3.055,44.381,27.645,4.8934,4.8758,5.2173,4.7123,4.2478,0.67239,11.838,18.185,15.931,14.616,14.591,14.338,4.5694,5.8474,1.5036,2.7998,4.7531,2.0546,4.3708,24.037,4.9188,4.4199,4.7702,4.7263,3.5055,5.1415,4.855,4.7384,4.59,5.2523,14.757,14.18,5.1324,5.2041
53.627,70.222,93.872,27.41,40.3,27.757,9.4732,8.4483,8.7147,10.228,6.2762,10.831,4.7471,4.4424,79.766,47.385,18.012,5.5981,6.0171,6.2425,8.4412,0,0.6257,0.33733,1.1943,1.7665,7.6828,3.2256,1.692,3.9975,1.119,83.352,84.156,66.849,95.104,57.292,33.032,14.033,4.9218,5.8887,7.1586,7.5618,9.2696,6.3783,8.3455,7.9647,7.3561,9.9812,10.742,0.77329,61.476,46.259,46.078,12.969,15.853,10.041,7.8581,5.236,2.8131,3.4204,7.8158,1.6912,5.852,5.2893,8.7526,3.8803,4.7617,4.5446,3.8662,4.0086,69.306,61.97,59.574,64.685,51.651,37.204,27.222,21.259,4.0203,4.6759,6.9699,4.0926,6.1052,4.6596,5.7629,4.9454,6.7545,0.017358,0.0013246,0.010461,0.19218,3.3656,0.26499,0.014413,1.8051,0.95415,0.27837,1.8868,8.704,2.354,7.1557,6.5501,8.9618,8.6153,1.9938,1.3442,2.9668,2.7857,6.8076,5.2306,8.8157,9.1157,7.2051,5.2297,5.6454,5.1,0.88414,2.8413,2.011,4.7133,0.8502,0.64417,1.0481,1.3163,1.0664,1.1641,48.01,43.613,38.467,28.23,49.275,50.999,49.853,45.718,13.275,17.448,2.9264,8.2201,7.8006,7.8425,9.0308,7.873,9.113,9.4222,9.2739,9.8814,6.0727,1.1148,5.1517,3.6778,6.4782,5.6271,5.605,10.023,52.181,46.089,40.672,23.744,25.529,44.624,43.267,21.583,4.8968,5.5506,2.5729,11.516,7.6016,6.7544,2.9289,11.295,1.9506,3.0953,3.812,6.3383,4.9973,5.347,4.9377,3.9232,4.138,25.13,28.146,33.281,29.723,15.867,14.429,41.345,22.637,4.5551,3.8166,7.8325,7.5106,7.0954,3.1332,0.0047077,0.002057,0.24275,0.27436,0.0060044,0.0146,1.5321,1.7422,0.14756,2.1882,1.1572,0.31664,3.536,3.8518,9.3762,0.24067,6.8005,1.6582,3.8622,7.2335,6.4475,6.1229,0.65974,0.58953,1.0754,0.98021,43.621,32.731,4.232,14.308,6.6273,4.4585,3.3036,4.2724,4.3393,4.0508,6.5883,0.30962,6.9855,4.1124,1.1543,1.2421,1.1323,4.295,11.37,9.0592,8.4557,2.2589,4.5903,2.3602,5.6463,4.6379,4.439,4.2556,4.9798,4.3632,4.297,4.6591,3.4099,4.2526,5.2146,1.3394,1.1434,4.5214,4.588
