0,25.324,12.243,7.1668,17.226,184.85,177.39,87.004,73.239,56.871,214.56,201.05,194.81,157.4,146.45,108.53,90.974,62.057,66.75,97.316,98.396,81.432,124.12,59.84,97.154,71.777,72.371,64.44,67.977,67.734,2.0685,1.9595,2.4668,14.115,14.135,21.188,5.1254,11.352,32.789,14.064,8.8403,22.987,37.577,33.238,41.657,15.504,32.257,51.19,61.413,52.528,62.059,62.148,70.016,62.242,62.933,65.246,65.257,3.0235,1.4641,1.8866,24.801,5.8279,10.525,6.9206,11.072,182.61,192.23,180.03,151.91,171.73,175.34,194.57,129.85,87.714,124.65,110.86,77.545,78.953,35.751,64.015,39.153,39.945,56.988,22.147,18.964,285.37,231.63,179.21,129.87,132.8,158.51,117.48,144.78,191.47,85.269,80.428,98.499,66.717,64.688,90.919,103.25,116.98,109.27,108.71,113.81,128.93,95.794,98.575,72.964,82.415,60.75,75.286,73.52,64.953,73.831,73.426,73.366,65.461,65.298,65.835,69.173,67.903,64.082,75.65,67.495,68.025,67.762,1.3619,0.71083,11.355,11.137,7.3243,17.613,8.7667,9.8479,4.7309,8.661,12.884,17.297,103.94,57.73,68.761,84.745,60.651,1.5328,14.509,3.7921,2.8818,4.8289,2.7847,177.49,164.21,176.27,170.23,189.56,138.36,170.21,187.83,195.14,197.54,191.21,209.7,213.73,183.37,100.97,88.206,123.93,72.457,38.375,40.208,20.842,33.795,30.8,39.072,36.185,21.062,13.715,17.7,142.67,145.32,150.44,154.53,123.37,120.96,158.88,126.27,75.386,61.897,70.178,71.638,68.832,65.42,65.462,94.736,95.426,106.09,100.34,109.66,88.002,79.128,107.38,116.48,95.218,95.435,96.949,98.293,98.994,96.351,79.852,72.436,86.447,72.152,71.64,62.179,64.88,68.166,73.362,70.075,67.963,63.469,24.277,4.3219,67.178,65.005,64.861,65.938,65.673,63.87,65.609,98.402,96.016,68.957,63.328,64.68,61.984,63.02,33.455,37.464,36.51,38.645,65.284,65.761,64.982,64.911,63.611,63.947
25.324,0,36.313,44.208,3.4167,162.23,121.56,43.25,30.57,15.269,187.09,179.59,142.24,96.756,93.452,54.217,66.019,48.01,43.182,80.296,88.296,58.343,67.328,63.846,48.983,45.462,43.224,30.926,25.754,27.585,41.41,40.485,27.612,8.7465,36.553,3.8691,10.8,3.6578,1.4304,14.845,13.221,17.91,22.855,10.96,14.777,24.652,26.723,30.243,46.59,52.191,47.911,46.817,52.207,49.541,51.555,50.945,49.401,16.441,21.242,35.154,0.23574,29.137,3.2086,33.247,8.0628,137.32,169.07,159.17,131.61,133.67,130.87,128.26,84.688,47.228,95.361,73.274,62.311,46.687,49.603,20.532,25.548,33.79,34.012,3.5746,2.3537,207.67,157.25,112.7,93.178,82.069,94.388,72.567,85.499,133.54,64.827,79.485,71.077,52.616,50.269,78.523,67.529,79.925,94.787,90.516,65.033,68.535,46.981,86.5,44.551,52.811,40.692,47.849,46.816,38.72,37.12,35.675,29.783,25.961,27.045,27.965,30.003,27.417,25.793,34.344,27.507,27.683,27.343,16.3,23.737,8.9699,23.843,6.8236,2.3052,33.592,23.358,28.769,10.055,12.255,10.968,68.762,37.279,59.461,75.361,46.809,38.728,5.4369,33.903,30.011,27.065,23.322,145.86,141.18,123.04,115.01,119.58,121.6,136.46,157.02,147.74,147.25,141.21,156.8,154.49,134.71,97.863,84.666,105.63,70.788,39.205,43.959,8.2893,45.013,12.667,52.913,3.5789,5.5393,34.329,1.4296,85.946,93.583,95.579,98.356,70.45,82.057,119.31,84.48,74.355,62.379,54.177,56.177,54.318,52.728,52.749,78.425,79.157,86.412,82.081,57.825,45.636,45.443,86.184,60.38,48.06,48.176,48.934,50.186,49.929,48.654,46.619,47.062,48.081,33.986,33.079,27.08,25.607,26.461,30.464,29.201,27.454,48.28,3.6611,10.67,54.458,52.287,52.789,52.412,52.948,51.052,52.955,49.633,50.447,28.099,48.309,48.536,47.227,48.213,3.5338,19.983,5.9018,9.1071,52.604,52.929,52.315,52.654,48.413,48.725
12.243,36.313,0,36.56,38.653,106.85,113.48,53.362,47.056,42.58,129.85,118.45,123.89,103.24,91.942,71.414,45.147,25.505,31.841,46.108,44.903,39.08,81.276,19.523,61.276,35.591,37.362,36.752,45.054,43.098,12.149,17.95,3.7221,10.251,0.090267,19.793,8.866,17.408,36.391,5.7737,5.712,8.4377,16.216,21.247,25.744,2.2075,10.301,23.946,25.486,16.688,25.544,26.038,30.929,25.107,24.996,27.181,27.767,23.884,21.104,22.189,32.454,1.196,22.557,0.80371,10.207,112.33,112.35,102.95,82.871,102.03,106.97,130.63,77.476,51.434,67.296,62.283,34.025,42.227,6.6603,45.485,16.033,12.999,27.281,20.94,21.31,201.07,160.6,120.67,73.537,82.307,106.17,69.984,94.716,124.07,40.172,32.015,50.492,27.857,26.944,40.91,56.971,65.685,52.858,53.526,70.229,86.536,61.129,45.502,37.246,42.561,27.407,37.868,36.632,32.406,42.668,43.237,47.905,41.853,40.723,40.571,42.739,43.444,40.393,46.79,42.884,43.355,43.343,9.5361,7.2211,9.3232,1.438,12.91,36.868,0.29333,1.4446,1.757,8.1828,7.0215,9.7238,57.1,26.273,27.38,36.435,24.745,11.438,37.664,2.9473,3.3639,1.7778,3.7228,103.97,92.17,111.45,108.41,129.55,72.674,99.501,111.13,121.97,124.83,120.26,134.55,140.2,114.24,45.069,37.189,63.376,27.533,10.171,10.181,14.072,6.2316,17.582,8.0497,34.769,17.308,0.14913,23.404,91.821,90.539,95.473,98.786,78.2,68.964,93.77,73.594,29.081,21.28,30.33,30.903,29.095,26.702,26.731,44.331,44.736,52.323,48.329,70.099,52.832,43.123,53.609,76.745,59.617,59.793,61.063,61.771,62.811,60.546,43.211,35.445,49.472,43.04,43.143,37.171,41.486,44.622,47.297,44.464,43.483,26.627,22.406,9.9699,27.618,26.499,26.206,27.256,26.843,25.96,26.786,62.31,58.863,44.095,26.493,27.592,25.737,26.261,31.577,17.863,30.779,28.627,26.628,26.925,26.47,26.294,26.701,26.875
7.1668,44.208,36.56,0,26.446,264.51,254.44,140.61,121.47,96.671,299.89,283.63,275.99,228.76,216.42,166.8,148.95,111.3,116.9,157.3,158.47,136.61,186.86,107.81,153.24,123.4,123.78,111.74,113.86,114.35,7.7232,3.7144,17.247,38.962,40.047,46.893,22.364,29.86,58.058,40.645,31.091,55.139,76.491,67.312,79.419,43.743,69.613,95.492,110.39,98.341,111.3,111.36,121.81,111.6,112.56,115.58,115.53,6.8004,4.7203,1.7957,45.822,25.06,24.831,26.53,33.347,261.79,273.3,258.68,224.9,248.97,253.05,273.89,196.66,142.43,191.49,173.43,131.85,132.22,73.87,107.14,79.04,80.873,103.42,47.991,41.938,381.16,317.57,254.84,197.61,199.51,229.36,180.88,213.03,271.37,141.77,135.04,158.5,117.56,114.83,149.09,163.85,181.31,172.3,171.69,175.35,192.14,151.18,158.78,124.71,137.27,109.07,127.99,125.71,114.05,124.21,123.36,121.29,111.23,111.47,112.4,116.82,114.47,109.65,125.43,114.06,114.71,114.29,13.559,12.322,34.301,36.135,24.614,28.651,30.322,33.78,22.664,29.725,38.093,44.908,164.81,104.83,120.32,141.09,109.4,7.7681,21.523,18.956,17.77,23.201,18.771,255.98,239.84,253.39,245.71,266.97,208.28,247.22,268.34,276.78,279.46,271.86,293.87,298.14,262.48,161.21,145.17,190.62,124.82,78.674,81.138,49.231,71.427,64.83,78.526,65.181,48.008,39.684,38.286,210.9,215.21,221.12,226.02,186.89,186.17,233.28,192.57,128.56,110.83,122.11,124.07,120.37,115.86,115.92,154.01,154.89,168.4,161.13,169.07,142.36,132.2,170.03,176.92,150.9,151.17,153.01,154.81,155.48,152.29,133.27,124.41,141.19,121.43,120.58,107.97,110.46,114.37,121.56,117.52,114.55,113.16,51.016,20.101,118.21,115.31,115.13,116.54,116.2,113.78,116.12,154.77,152.43,115.88,112.97,114.74,111.17,112.57,62.194,75.757,68.052,72.913,115.68,116.32,115.28,115.19,113.35,113.8
17.226,3.4167,38.653,26.446,0,202.01,162.69,69.197,53.185,32.715,230.71,221.03,185.58,134.88,130.07,83.901,92.944,68.716,65.273,107.73,115.18,83.421,99.927,82.197,76.817,68.679,66.568,52.178,46.918,49.01,31.167,27.965,24.114,13.998,39.999,10.689,10.497,5.2958,9.2238,20.598,16.051,27.535,37.401,23.256,29.7,30.668,39.522,48.582,67.205,69.626,68.624,67.618,74.782,70.197,72.257,72.334,70.889,7.3496,11.277,21.985,4.8725,28.482,2.2833,32.554,11.557,178.81,209.74,198.18,167.16,173.35,171.39,171.68,118.71,73.56,128.01,104.08,86.168,71.421,61.155,40.146,40.582,48.795,53.815,10.589,7.4665,262.02,205.37,153.92,127.02,116.52,132.52,104.52,121.63,176.58,90.47,102.27,99.442,74.292,71.551,104.46,96.981,111.74,123.83,119.86,96.199,101.73,74.451,113.64,68.03,78.265,61.371,71.822,70.41,60.409,60.508,58.886,52.296,46.819,48.034,49.156,51.962,48.841,46.422,57.774,48.887,49.164,48.737,12.146,18.518,12.813,27.594,7.095,0.11531,34.203,26.396,27.268,12.432,17.307,17.968,98.328,57.261,81.142,99.936,67.202,29.024,0.27454,30.199,26.403,25.987,20.956,185.73,178.57,163.98,155.14,162.17,154.99,175.62,198.04,190.89,190.83,184,201.96,200.36,176.45,124.23,109.1,137.22,92.284,53.216,58.093,16.306,56.503,24.573,65.269,13.727,12.949,37.968,5.0746,121.85,130.04,132.79,136.17,103.17,114.57,157.41,117.9,96.285,81.619,76.676,78.927,76.448,74.039,74.07,105.37,106.22,115.49,110.12,87.981,71.916,70.185,115.59,91.535,75.559,75.714,76.737,78.273,78.083,76.355,71.527,70.409,74.242,56.839,55.763,47.564,46.326,47.77,53.079,51.188,48.893,69.354,11.394,9.4287,76.125,73.515,73.94,73.89,74.314,72.055,74.302,77.685,78.245,49.772,69.344,69.92,67.96,69.17,13.29,34.397,17.407,22.159,73.887,74.32,73.535,73.829,69.518,69.903
184.85,162.23,106.85,264.51,202.01,0,15.437,45.595,59.924,87.774,1.1201,0.45103,10.103,26.833,21.126,45.411,21.296,35.494,38.018,14.837,13.521,26.003,38.027,35.029,43.82,36.042,38.496,53.484,66.916,62.211,191.05,211.77,147.15,114.03,100.77,119.85,142.19,145.39,137.63,103.12,119.78,84.234,65.756,89.066,79.267,93.498,66.138,52.619,36.465,40.304,35.543,36.098,31.002,34.708,33.612,32.959,33.731,209.06,208.5,222.89,150.21,127.5,166.65,125.77,123.92,6.4766,0.073972,0.046342,1.6733,3.8933,6.8258,23.527,19.037,39.499,9.2988,20.366,24.591,36.156,60.258,77.871,61.886,55.126,47.705,120.43,131.86,30.435,27.837,27.647,11.862,24.066,31.562,24.626,30.279,14.997,22.111,21.897,18.769,31.705,33.467,16.765,22.687,17.034,10.005,10.733,31.893,41.385,46.327,13.54,37.133,30.505,40.726,34.101,34.895,42.538,47.487,49.734,61.899,64.237,61.62,59.978,57.94,62.738,63.598,53.755,62.202,62.215,62.798,162.5,162.72,120.49,105.28,145.82,193.2,117.75,109.4,133.07,126.69,109.58,102.88,21.805,44.238,28.68,19.36,36.62,188.04,209.64,145.08,146.45,131.34,142.37,1.2523,0.73137,13.221,16.396,29.646,3.3659,2.3937,0.70702,6.6659,8.2878,8.619,9.3113,13.825,8.5429,13.314,17.967,6.3364,26.009,54.957,52.652,104.02,61.607,85.715,56.534,121.68,112.68,100.55,143.12,27.507,20.086,21.874,22.012,32.116,16.878,6.4576,17.238,24.458,32.979,29.941,28.632,30.273,32.133,32.108,15.789,15.474,12.025,13.89,39.787,42.217,37.742,11.989,42.316,43.761,43.743,43.722,42.667,43.787,43.691,36.534,34.578,37.519,52.027,53.416,59.626,64.631,65.286,60.281,60.38,62.7,34.875,118.39,148.91,30.797,32.469,32.334,32.066,31.948,33.416,31.971,43.778,40.271,62.003,34.905,34.372,35.926,35.056,119.57,69.689,108,95.446,32.234,31.922,32.466,32.364,34.759,34.487
177.39,121.56,113.48,254.44,162.69,15.437,0,19.793,30.299,51.608,17.398,19.474,1.1348,2.2198,1.8553,14.647,15.538,31.393,26.528,17.684,22.404,19.376,9.0947,45.334,16.42,23.489,23.326,30.918,35.601,33.332,194.31,210.87,146.27,95.801,107.39,92.108,126.73,119.55,97.413,91.723,107.64,72.724,51.934,64.458,53.965,90.765,58.841,38.21,31.462,44.964,31.351,30.865,25.925,31.865,32.146,29.61,28.989,188.35,192.8,215.83,112.08,128.98,137.42,130.18,105.45,1.9962,16.295,16.1,13.2,3.9138,1.7356,1.0841,3.7209,17.498,7.6675,7.814,23.946,19.941,70.317,43.03,49.886,50.457,33.439,91.723,102.31,12.775,4.3065,1.7737,4.6422,3.867,3.5093,6.4995,4.0828,0.2856,18.935,33.822,12.686,28.976,29.844,21.983,9.9836,6.4969,17.729,15.219,8.7865,9.7614,17.756,20.842,22.888,17.984,30.635,21.548,22.509,27.82,24.896,25.852,31.22,35.166,33.976,33.01,30.815,33.525,35.389,26.677,33.415,33.227,33.605,150.55,157.21,103.15,102.74,125.09,154.2,122.59,106.6,134.02,110.94,95.75,86.27,9.8082,32.733,30.709,25.561,32.262,189.96,172.44,148.81,147.37,131.14,138.59,7.9184,12.261,0.086392,0.091283,2.3445,15.218,5.9181,9.863,2.5376,1.9359,1.3916,2.7036,1.9741,1.1045,28.357,29.739,14.029,35.319,55.741,56.508,82.748,68.967,64.636,67.763,83.691,87.574,105.67,111.74,3.5058,1.8279,1.6344,1.3664,7.1998,5.5288,2.6629,4.3675,35.038,41.103,26.54,26.135,27.802,30.263,30.232,18.622,18.509,14.651,16.396,12.177,18.279,20.135,13.6,11.951,16.871,16.81,16.431,15.703,15.974,16.564,19.618,23.147,17.364,27.209,27.958,34.361,35.581,34.697,30.429,31.609,33.484,30.185,88.72,132.74,29.422,30.451,30.841,29.614,30.124,30.968,30.19,16.108,15.393,32.786,30.324,29.192,31.162,30.572,83.662,52.942,73.989,64.765,30.334,30.03,30.487,30.724,30.104,29.916
87.004,43.25,53.362,140.61,69.197,45.595,19.793,0,1.1411,7.6594,56.786,55.023,28.844,11.069,9.5545,1.3131,6.7607,8.9837,4.0866,13.849,19.929,5.9548,3.2913,23.781,0.28503,3.1832,2.1677,1.6996,2.3559,1.754,103.66,113.15,69.387,31.537,49.822,27.306,50.85,43.623,29.411,31.602,40.452,21.492,11.054,13.671,8.9387,35.037,16.778,5.8313,8.4473,18.829,8.9186,8.181,7.4031,9.8906,10.879,9.1067,8.1047,89.888,94.512,113.93,37.703,59.692,54.089,62.083,37.022,27.404,48.866,44.761,31.898,27.11,24.648,23.098,7.1631,0.2565,13.908,5.0272,10.32,1.535,32.96,4.6658,10.927,14.636,4.5013,26.951,32.775,62.1,36.692,17.216,11.186,6.1641,10.863,3.9215,7.6362,24.796,8.3254,23.217,7.0928,9.405,8.9722,15.717,4.0072,6.9329,19.745,16.505,2.2202,4.1582,0.2691,18.263,2.4468,2.8571,5.5447,2.9857,3.1452,3.0395,0.59853,0.57907,1.3675,2.1942,1.9295,1.7276,1.2366,1.7997,2.2654,0.51509,1.7735,1.7302,1.818,67.316,74.328,36.021,41.861,48.236,63.684,57.692,43.974,62.552,41.118,32.948,26.751,4.4038,5.4138,13.228,16.586,9.0178,99.973,75.849,73.469,71.022,60.133,63.054,34.456,35.195,20.457,17.203,20.321,29.071,29.452,40.129,31.931,31.357,28.596,35.662,34.263,25.803,27.378,22.865,21.903,20.591,20.008,22.4,23.539,30.288,14.488,32.776,22.097,25.289,47.887,38.024,7.4859,9.5974,10.273,11.229,3.443,7.2083,20.553,7.4811,21.868,20.65,8.5751,9.1446,9.3912,10.224,10.214,13.655,13.884,14.5,13.797,1.312,0.068959,1.1405,13.774,2.1886,0.18618,0.19606,0.27261,0.34421,0.39695,0.24057,1.31,3.6309,0.53224,0.70265,0.7808,2.189,2.2994,2.1055,1.1746,1.3774,1.7903,8.3676,25.186,54.381,10.422,10.158,10.596,9.706,10.231,9.9662,10.273,0.35873,0.27796,1.6333,8.463,7.8744,8.5264,8.5729,22.075,10.48,17.265,13.069,10.217,10.166,10.191,10.471,8.3733,8.387
73.239,30.57,47.056,121.47,53.185,59.924,30.299,1.1411,0,2.8894,73.222,70.734,41.437,18.678,17.167,3.6581,11.343,10.596,5.332,19.957,26.635,9.456,7.411,26.287,2.167,4.8549,3.5211,0.88881,0.21779,0.10773,90.354,98.059,58.964,23.094,44.087,18.279,39.943,32.198,19.061,24.419,31.65,16.292,8.059,7.9339,4.4567,29.259,13.837,4.7105,9.8806,20.034,10.521,9.6769,9.8382,11.662,12.875,11.182,10.027,73.669,78.576,97.601,26.026,51.084,40.843,53.884,27.635,39.701,63.774,58.786,43.472,39.13,36.356,33.759,14.015,2.1538,22.053,10.62,14.067,3.4534,31.917,1.2102,8.4514,13.219,4.1577,17.884,22.601,79.107,49.622,26.239,19.126,12.522,17.97,9.2894,13.983,36.392,12.624,28.252,12.372,11.72,10.952,21.396,8.8786,13.345,27.4,23.839,6.4529,8.1916,1.7914,24.869,4.0057,5.6893,6.2655,5.0477,5.0357,3.6044,0.88793,0.58725,0.019587,0.22655,0.23841,0.24044,0.1232,0.10412,0.30566,0.16856,0.11731,0.096803,0.10962,54.932,62.338,26.98,34.941,36.854,48.353,50.23,36.648,53.43,31.553,25.047,19.449,9.4377,5.5668,16.242,21.707,10.431,86.754,59.246,63.615,60.807,51.059,52.791,47.547,47.717,31.204,27.067,29.842,39.577,41.719,54.177,45.136,44.46,41.16,49.545,47.741,37.797,34.719,28.728,30.868,24.576,18.877,21.782,16.079,28.817,9.0657,32.32,13.289,16.953,42.031,26.825,14.035,17.275,18.049,19.259,8.2164,13.859,31.2,14.379,26.264,23.295,11.216,12.048,11.978,12.476,12.47,19.509,19.824,21.422,20.165,4.3633,1.6553,2.8595,20.719,5.3524,1.9699,1.9935,2.1547,2.4211,2.3837,2.0936,3.2163,5.5339,2.6112,0.38916,0.28596,0.58572,0.26345,0.14897,0.00083273,0.037483,0.10168,10.084,16.35,42.884,12.93,12.345,12.82,11.959,12.517,11.974,12.556,2.314,2.511,0.065656,10.175,9.6788,10.056,10.259,13.37,6.9886,9.74,6.8325,12.45,12.456,12.379,12.686,10.111,10.174
56.871,15.269,42.58,96.671,32.715,87.774,51.608,7.6594,2.8894,0,104.37,100.8,66.12,35.3,33.894,11.96,23.603,18.258,12.282,34.756,42.48,20.014,18.513,35.612,9.8099,12.449,10.57,4.4259,1.5215,2.2238,74.908,79.754,47.929,14.818,40.499,8.9125,27.877,19.13,7.3976,18.235,22.929,13.198,8.3566,3.7541,2.2204,25.428,14.34,7.918,17.246,27.226,18.166,17.135,18.763,19.594,21.185,19.58,18.16,53.228,58.67,77.251,12.336,42.921,24.872,46.414,17.883,64.006,92.539,86.171,66.954,63.09,59.733,55.179,29.632,9.9222,39.942,24.326,25.12,11.364,35.706,0.39422,9.592,16.148,8.5792,8.438,11.413,110.51,74.557,45.042,36.592,27.277,33.744,22.54,28.608,59.415,24.489,41.55,25.712,20.501,19.195,35.572,21.457,28.366,44.702,40.579,17.84,19.108,8.8518,40.528,11.393,15.093,12.424,13.251,12.975,9.4332,6.1393,5.376,2.5668,1.8382,2.308,2.6405,3.1029,2.1371,1.9459,4.3443,2.2198,2.2309,2.123,40.632,48.772,17.788,29.332,23.949,28.95,43.918,30.404,44.456,21.573,17.698,12.981,22.283,10.814,26.204,35.03,17.777,71.413,37.895,53.554,50.128,42.139,41.951,73.303,72.676,52.932,47.358,49.394,61.399,66.129,81.469,70.865,69.987,65.832,76.282,73.748,61.575,51.67,43.313,50.211,36.187,22.353,26.117,9.2773,31.889,5.443,37.047,4.0719,8.7153,38.227,14.005,29.017,34.122,35.012,36.61,20.413,29.237,52.948,30.113,38.539,32.797,20.495,21.752,21.189,21.176,21.177,33.912,34.365,37.485,35.362,13.825,8.9025,10.433,36.8,14.937,9.4694,9.5136,9.7999,10.376,10.182,9.6967,11.094,13.51,10.697,4.659,4.2611,2.8369,1.769,1.7494,2.8351,2.6332,2.1454,17.896,7.2441,29.887,22.04,20.942,21.484,20.649,21.272,20.284,21.307,10.066,10.749,2.298,17.982,17.619,17.576,18.027,4.3523,6.4574,2.5978,1.7602,21.119,21.215,20.979,21.333,17.956,18.098
214.56,187.09,129.85,299.89,230.71,1.1201,17.398,56.786,73.222,104.37,0,0.43568,10.464,30.992,25.869,54.724,30.879,48.547,50.666,23.676,22.361,36.688,45.576,48.676,54.016,48.102,50.62,67.192,81.132,76.15,221.43,243.66,173.89,136.66,123.14,142.09,167.85,170.49,159.96,125.11,143.48,104.02,82.843,108,96.739,114.89,83.883,67.566,49.618,54.771,48.597,49.156,43.038,47.724,46.531,45.582,46.371,240.03,239.71,255.48,174.24,152.49,193.4,150.62,147.58,7.6592,0.6399,1.5718,5.4143,5.876,8.5928,24.545,25.057,50.27,15.391,28.084,35.662,47.54,77.808,93.158,78.599,71.471,61.807,142.6,155.17,24.953,26.225,30.103,17.567,30.096,35.899,31.98,35.662,15.83,32.292,32.922,27.544,44.132,46.167,26.34,31.187,24.066,17.668,18.395,39.957,48.734,56.792,22.318,49.132,41.283,54.109,45.728,46.73,55.585,59.973,62.39,75.31,78.511,75.745,73.951,71.482,76.695,77.958,66.453,76.162,76.128,76.771,190.19,190.68,143.89,127.95,171.43,221.18,141.83,132.49,158.56,150.84,132.1,124.43,30.203,58.094,40.856,29.661,49.866,218.18,239.23,171.69,173.15,156.66,168.61,2.7788,3.4231,15.168,18.973,31.393,8.3259,4.4886,1.4488,6.8808,8.3714,9.2029,8.5038,12.89,9.7357,22.129,28.059,12.545,37.91,71.586,69.05,125.23,79.334,104.69,73.562,142.55,134.44,122.88,167.36,32.908,24.869,26.33,26.143,39.382,23.556,9.5416,23.476,36.044,46.232,41.933,40.432,42.427,44.724,44.694,24.908,24.52,19.939,22.404,48.664,53.12,49.193,19.766,50.766,54.121,54.083,53.929,52.694,53.821,53.948,47.854,46.505,48.292,64.937,66.456,73.914,78.983,79.381,73.59,73.992,76.649,47.749,140.2,175.15,43.159,45.115,44.997,44.592,44.506,46.213,44.537,53.862,50.354,75.818,47.795,47.095,48.999,47.987,140.55,87.004,127.89,114.27,44.843,44.468,45.115,45.021,47.614,47.296
201.05,179.59,118.45,283.63,221.03,0.45103,19.474,55.023,70.734,100.8,0.43568,0,12.721,32.846,26.861,54.473,27.9,43.55,46.648,20.202,18.263,33.211,46.073,41.874,52.947,44.507,47.262,63.756,78.329,73.243,206.45,228.31,161.28,128.03,112.08,134.65,157.32,161.33,153.76,116.12,133.65,96.205,76.705,102,91.583,105.31,76.72,62.627,44.661,48.116,43.609,44.273,38.683,42.616,41.333,40.736,41.66,227.22,226.26,240.4,166.92,140.57,183.71,138.47,138.43,9.0158,0.1846,0.62338,3.7553,6.3417,9.7016,27.846,24.961,48.338,13.841,26.798,31.362,44.683,68.955,90.151,72.472,64.782,57.303,135.29,147.35,31.217,31.037,32.994,16.801,30.499,38.014,31.464,37.029,18.43,28.727,27.347,25.028,39.326,41.308,22.23,29.501,22.937,14.316,15.378,39.579,49.616,55.701,18.416,45.744,38.367,49.556,42.364,43.237,51.688,57.189,59.649,72.87,75.446,72.612,70.828,68.605,73.813,74.758,64.02,73.234,73.246,73.878,178.22,177.9,134.76,117.68,161.47,211.85,130.05,122.02,146.43,141.15,123.07,116.2,28.499,53.435,35.692,25.063,44.793,203.47,228.85,158.68,160.38,144.73,156.56,2.8002,2.322,17.013,20.81,34.809,5.9848,4.5324,1.6303,8.7158,10.506,11.162,11.139,16.135,11.393,17.407,22.996,9.9699,32.139,64.182,61.451,117.67,70.666,98.299,64.866,136.9,126.98,112,159.23,34.039,25.734,27.575,27.602,39.615,22.699,9.8159,23.011,30.31,39.865,37.428,35.936,37.74,39.742,39.716,21.287,20.917,16.98,19.139,48.318,51.317,46.444,16.985,50.932,52.912,52.889,52.843,51.67,52.881,52.818,45.103,42.865,46.167,62.158,63.674,70.448,75.874,76.568,71.119,71.248,73.771,42.908,133.19,164.38,38.248,40.119,39.938,39.705,39.537,41.181,39.559,52.881,49.085,73.012,42.934,42.385,44.06,43.094,134.62,81.047,122.35,108.95,39.855,39.512,40.114,39.981,42.779,42.477
194.81,142.24,123.89,275.99,185.58,10.103,1.1348,28.844,41.437,66.12,10.464,12.721,0,6.5284,5.5127,23.445,19.708,37.472,33.766,19.723,23.284,24.42,16.409,49.028,25.139,30.553,30.934,40.964,47.653,44.738,210.09,228.43,160.51,110.74,117.39,108.62,143.09,137.54,116.38,104.94,122.1,84.546,62.469,78.254,66.953,101.93,68.546,47.485,37.778,50.268,37.449,37.165,31.538,37.679,37.633,35.269,34.926,209.12,212.77,235.02,131.74,141.65,157.12,142.2,121.09,0.52693,10.454,10.907,10.299,2.0938,0.7586,2.9593,7.4382,25.55,8.8031,12.091,28.088,27.275,76.563,56.447,59.831,58.759,42.143,108.38,119.86,9.5583,4.7014,5.2302,6.6021,8.5288,8.5928,11.613,9.481,0.55657,22.992,35.521,16.399,34.389,35.604,24.039,14.792,9.9464,18.076,16.188,15.312,17.464,26.873,21.986,30.238,24.22,38.076,28.335,29.398,35.934,34.162,35.475,42.633,46.824,45.264,44.071,41.629,45.007,46.937,36.941,44.818,44.637,45.094,167.54,173.13,118.41,114.69,142.43,176.57,134.03,118.88,147.12,126.38,109.77,100.21,14.415,40.749,35.047,27.894,38.515,205.85,195.49,162.09,161.25,144.34,153.07,4.5292,8.6859,0.76986,1.788,5.6206,13.037,3.4973,5.4919,0.37936,0.12044,0.065514,0.36526,0.56072,0.20987,28.038,30.868,13.449,38.082,63.177,63.206,97.363,75.846,77.779,73.45,101.3,103.28,115.94,130.24,8.4936,5.316,5.2936,4.8943,13.561,8.9072,2.2827,7.7553,37.355,44.963,31.803,31.102,32.99,35.616,35.583,20.843,20.645,16.139,18.292,20.09,26.787,27.78,15.194,20.118,25.598,25.532,25.136,24.23,24.668,25.27,27.046,29.911,25.062,37.175,38.13,45.298,47.285,46.532,41.618,42.785,44.961,36.262,105.33,149.6,34.533,35.868,36.169,35.038,35.448,36.565,35.511,24.807,23.556,44.178,36.391,35.266,37.381,36.645,100.94,64.186,90.198,79.653,35.705,35.359,35.898,36.076,36.162,35.928
157.4,96.756,103.24,228.76,134.88,26.833,2.2198,11.069,18.678,35.3,30.992,32.846,6.5284,0,0.5821,6.2171,13.704,26.961,20.434,18.855,25.223,16.336,2.7157,44.316,8.1341,17.621,16.686,20.866,22.711,21.351,176.66,190.75,130.69,79.088,97.706,73.144,108.11,98.594,74.959,77.441,91.658,60.354,41.3,49.25,39.856,79.382,49.412,29.297,26.696,41.683,26.894,26.12,22.121,27.81,28.553,25.762,24.745,163.63,169.24,193.42,88.706,115.59,114.09,117.7,87.775,7.8941,28.392,27.308,21.223,10.338,6.9532,2.218,2.4065,10.181,10.029,5.7623,22.201,13.667,65.802,28.235,40.079,42.976,25.307,72.551,81.909,20.929,7.4556,0.70748,5.8173,1.2091,0.19318,3.2443,0.35485,3.6955,17.28,35.552,11.473,25.469,25.854,23.155,7.2032,5.5986,21.267,17.872,3.5467,2.8229,8.9136,23.284,16.612,13.252,24.277,16.06,16.884,20.492,15.91,16.364,19.212,22.839,22.17,21.522,19.662,21.437,23.222,16.28,21.441,21.239,21.508,131.11,139.29,86.01,90.275,105.07,127.12,110.91,93.704,120.04,93.567,80.341,70.953,7.3107,25.573,28.724,26.363,27.591,172.16,144.44,134.61,132.32,116.99,122.66,16.56,21.207,2.9478,1.5329,1.5103,22.259,13.201,19.874,9.3822,8.2884,7.0651,9.7694,7.7193,6.1851,32.882,32.248,18.835,35.565,49.502,51.31,66.454,63.559,50.358,64.027,63.132,69.751,95.6,90.023,0.36253,0.79688,0.34871,0.25622,2.1665,4.7194,7.0769,3.5294,35.908,39.836,23.233,23.243,24.606,26.847,26.819,19.542,19.55,16.575,17.759,4.9917,10.316,13.421,15.366,4.3886,8.58,8.5247,8.1644,7.6837,7.7165,8.2985,13.208,17.703,10.55,17.243,17.702,23.061,23.191,22.112,18.737,19.946,21.402,25.75,69.602,113.41,26.343,26.946,27.465,26.097,26.75,27.213,26.821,7.8452,7.8948,20.822,25.904,24.756,26.532,26.143,63.57,41.309,55.38,47.998,26.895,26.647,26.99,27.312,25.696,25.57
146.45,93.452,91.942,216.42,130.07,21.126,1.8553,9.5545,17.167,33.894,25.869,26.861,5.5127,0.5821,0,6.224,9.0713,20.885,15.836,12.9,18.17,11.499,2.9692,35.423,7.2385,13.411,12.93,17.935,21.205,19.493,163.55,177.89,119.53,72.431,86.615,68.351,99.947,92.512,72.404,69.755,83.543,53.414,35.667,44.971,36.186,70.317,42.375,24.474,20.751,33.548,20.834,20.248,16.557,21.517,22.043,19.691,18.922,154.69,159.31,181.46,85.213,104.57,108.08,106.2,80.828,5.7915,22.724,21.355,15.366,7.1536,4.7695,3.4382,0.68506,8.1132,5.7931,2.9792,16.149,10.345,55.67,27.019,34.238,35.921,20.736,67.953,77.093,23.417,9.7392,2.0796,2.7263,0.37278,1.3426,1.5952,0.82264,3.5699,11.981,27.227,7.1644,19.35,19.808,16.527,4.1905,2.6744,14.812,12.007,2.5706,3.6321,8.1423,16.54,12.729,9.4567,19.183,11.991,12.717,16.351,13.385,14.019,17.855,20.905,20.026,19.305,17.616,19.634,21.104,14.502,19.56,19.41,19.696,121.65,128.57,78.943,80.752,97.892,122.48,99.577,84.088,108.95,85.963,72.922,64.358,4.2031,20.58,21.821,19.318,21.498,159.37,138.95,122.65,120.84,106.18,112.19,12.315,15.695,2.1689,1.1235,3.3752,15.942,9.342,15.435,7.5339,6.8879,5.6594,8.7085,7.6545,4.6174,24.717,24.257,12.864,27.428,41.361,42.687,60.819,53.861,45.424,53.854,60.653,64.634,84.793,85.231,0.42536,0.017608,0.03736,0.12607,1.7819,2.0593,4.2242,1.2912,27.643,31.47,17.379,17.287,18.529,20.517,20.492,13.499,13.493,10.965,11.974,4.5677,8.558,10.329,9.9866,4.6065,7.5372,7.4964,7.245,6.7641,6.9493,7.3327,10.034,13.332,8.1456,14.984,15.518,20.43,21.228,20.514,17.263,18.176,19.603,19.84,65.298,105.2,19.999,20.626,21.043,19.894,20.423,20.92,20.483,7.0352,6.5768,19.067,19.969,18.985,20.571,20.177,60.675,36.133,52.502,44.862,20.564,20.336,20.661,20.919,19.786,19.66
108.53,54.217,71.414,166.8,83.901,45.411,14.647,1.3131,3.6581,11.96,54.724,54.473,23.445,6.2171,6.224,0,10.331,16.013,9.3773,18.34,25.54,10.365,0.71658,34.021,0.39722,7.7419,6.2999,5.8982,5.3934,4.9918,127.78,137.88,89.435,44.648,67.298,38.288,67.228,57.56,38.168,45.393,55.661,33.256,19.943,22.241,16.048,49.887,27.475,12.669,15.4,28.766,15.932,15.005,13.327,17.119,18.274,15.885,14.639,110.11,115.88,138.15,48.387,78.589,68.891,81.404,51.011,23.583,48.324,45.06,33.369,24.85,21.244,15.797,5.7248,1.8935,15.073,5.6439,16.189,4.8011,46.698,8.0222,19.814,24.549,10.598,37.7,44.395,49.783,26.8,10.583,10.962,3.8298,5.5352,3.1741,3.6023,18.759,12.918,31.377,9.8695,16.12,15.768,21.315,5.3058,7.3003,24.071,20.231,1.1936,0.90243,0.40906,23.524,6.6363,6.2581,11.762,7.152,7.5318,8.0937,3.684,3.5789,3.792,5.7006,5.5646,5.3508,4.439,4.9918,6.0096,2.96,5.0477,4.9241,5.029,86.179,94.633,49.985,57.915,63.589,77.795,76.395,60.363,81.817,56.062,46.769,39.176,5.7406,11.798,20.597,23.025,16.174,123.63,91.753,94.26,91.376,79.017,82.114,33.014,35.713,15.724,12.455,12.78,31.71,27.944,38.437,27.296,26.19,23.721,29.639,27.152,21.443,34.108,30.149,24.904,29.06,31.19,33.942,34.793,43.686,23.748,46.258,29.938,36.329,65.055,50.155,3.8745,6.4903,6.5022,7.0867,1.3566,7.1041,18.586,6.6945,30.287,30.127,14.77,15.333,15.906,17.247,17.23,18.397,18.597,18.11,17.929,0.18868,1.466,4.2102,17.071,0.1662,0.5429,0.52657,0.41597,0.38473,0.28576,0.45989,4.3885,8.2771,2.5133,3.7588,3.8369,6.4148,5.8805,5.1674,3.6601,4.3381,4.9748,15.124,35.429,71.148,17.328,17.203,17.754,16.562,17.232,17.069,17.289,0.32023,0.75686,4.6959,15.255,14.403,15.45,15.419,30.406,19.034,24.948,20.408,17.25,17.144,17.245,17.596,15.119,15.107
90.974,66.019,45.147,148.95,92.944,21.296,15.538,6.7607,11.343,23.603,30.879,27.9,19.708,13.704,9.0713,10.331,0,2.8318,2.4406,1.2577,3.4982,0.27452,10.298,8.7491,7.5854,1.9319,2.612,7.6077,14.073,11.789,101.12,113.99,67.741,38.961,41.309,40.596,57.967,57.071,50.677,34.375,44.512,23.276,13.019,23.384,18.391,32.008,14.907,7.1439,2.9168,7.7805,2.8246,2.751,1.3846,2.9203,2.9857,2.2699,2.1624,102.89,104.44,119.01,58.455,55.706,70.483,56.17,45.091,15.806,23.803,20.265,11.343,13.032,13.718,22.848,4.7758,4.3981,2.8493,1.6948,1.02,2.2891,19.955,19.139,11.554,10.422,5.3184,40.82,47.728,55.693,35.874,19.837,3.4967,6.8881,15.772,3.9611,11.865,19.538,0.20881,5.8985,0.15191,2.08,2.3465,1.97,1.146,1.9905,3.4875,2.3071,5.7681,12.782,8.4431,2.8079,2.2424,0.97111,3.3611,1.5274,1.6795,3.6384,5.9372,6.8205,12.294,12.511,11.268,10.563,9.9654,12.056,12.076,8.8094,11.76,11.822,12.069,73.169,76.215,43.247,39.326,58.678,86.883,51.137,41.8,59.144,47.697,37.518,32.625,1.0444,4.3564,2.7557,2.5615,3.1214,98.174,98.671,68.831,68.215,57.377,63.013,15.931,14.135,14.73,13.795,23.511,8.8932,13.199,19.645,19.645,20.423,18.458,24.464,26.339,16.092,7.0163,5.1965,4.9697,5.3551,12.461,12.789,32.219,19.084,21.975,18.776,41.246,36.669,40.315,54.584,10.327,8.4888,10.269,11.327,7.7599,2.6128,9.4298,3.6428,5.6736,6.8164,1.4689,1.3718,1.7712,2.4314,2.4226,1.2071,1.2721,1.6063,1.2665,8.1143,5.506,2.8126,1.4605,10.539,7.2405,7.2684,7.5089,7.2867,7.883,7.3965,2.4794,1.6019,3.5,7.661,8.2086,10.092,12.64,13.303,11.526,11.187,12.044,2.5043,39.496,62.226,2.2045,2.4851,2.5984,2.2519,2.3925,2.6399,2.4112,7.7777,5.9199,11.823,2.5382,2.2507,2.8051,2.6059,39.954,14.415,33.414,26.591,2.4517,2.3657,2.4952,2.5637,2.4781,2.4171
62.057,48.01,25.505,111.3,68.716,35.494,31.393,8.9837,10.596,18.258,48.547,43.55,37.472,26.961,20.885,16.013,2.8318,0,0.96695,4.4346,6.0895,1.4427,18.599,3.5804,11.542,1.4949,2.3257,5.5268,12.034,9.9529,70.113,80.967,42.908,22.305,22.671,25.494,36.234,37.242,36.632,18.08,25.574,10.494,4.733,13.208,10.606,15.83,4.9462,2.3074,0.014438,1.8587,0.00013258,0.020868,0.26146,0.025654,0.11337,0.046988,0.048563,73.253,73.941,85.492,41.517,33.419,48.376,33.807,26.844,31.833,38.804,33.76,21.764,27.355,28.878,40.874,14.183,6.9183,10.816,8.1412,0.99815,3.2779,8.6219,15.743,3.6851,2.4259,1.8078,25.908,31.103,83.564,58.178,35.918,12.62,16.751,29.079,11.524,23.335,37.111,1.8417,4.7309,4.2952,0.10876,0.02994,3.7519,6.3673,9.3294,8.0584,7.192,12.688,21.661,12.086,5.6515,2.0662,2.5629,0.58728,1.7756,1.5812,1.8451,5.7944,6.534,11.47,10.163,9.018,8.4875,8.5891,10.223,9.5072,8.7665,9.8807,10.038,10.208,47.893,49.883,25.301,21.091,37.539,63.765,29.951,22.922,36.095,28.399,20.62,17.532,6.3594,0.96917,0.72263,3.0967,0.0088464,67.671,72.831,43.746,43.257,34.729,39.247,30.334,26.219,30.384,28.757,40.853,17.349,27.004,35.051,37.173,38.374,35.701,43.853,46.438,32.389,9.0522,5.5232,11.849,3.0527,3.4874,3.8844,18.113,7.732,11.394,8.1568,29.306,22.065,21.872,36.653,21.557,20.142,22.631,24.246,16.12,10.591,22.376,12.467,3.7478,2.4843,0.25321,0.37145,0.20795,0.11701,0.11758,3.942,4.1037,6.2717,4.9922,14.181,8.0053,3.8285,6.4423,17.55,10.886,10.95,11.436,11.468,12.136,11.229,3.6368,1.2669,5.8386,7.0636,7.4662,7.3511,10.166,11.386,10.783,9.8587,10.225,0.014244,25.25,39.651,0.20646,0.09807,0.13315,0.096563,0.12642,0.054321,0.12781,11.937,9.8092,10.217,0.010681,0.048145,0.007108,0.0064007,27.63,6.0501,22.65,17.184,0.11184,0.12407,0.10005,0.12255,0.015282,0.018507
66.75,43.182,31.841,116.9,65.273,38.018,26.528,4.0866,5.332,12.282,50.666,46.648,33.766,20.434,15.836,9.3773,2.4406,0.96695,0,5.9636,9.1079,1.1388,11.934,8.2645,5.9785,0.1044,0.30725,2.1165,6.6035,5.048,77.633,87.878,48.41,22.407,28.832,23.138,37.848,36.14,31.226,19.691,27.471,11.473,4.4044,10.724,7.5503,19.414,6.4077,1.249,0.78613,5.3742,0.94505,0.7101,0.70908,1.293,1.6935,1.0821,0.74421,75.022,77.012,91.073,37.09,39.025,46.887,40.101,27.164,29.46,41.37,36.547,24.04,26.311,26.514,34.024,10.459,2.8444,10.489,5.5638,2.2754,0.79922,14.313,9.7356,3.7038,4.1531,0.55344,23.299,28.594,76.116,50.34,28.614,10.807,11.825,21.752,7.4715,16.752,32.118,2.2514,9.0975,3.6031,1.2429,1.018,6.0668,3.9662,7.0614,10.469,8.8033,7.6009,14.276,6.307,8.2628,0.24149,0.82989,0.16629,0.26693,0.17102,0.19058,2.0442,2.5115,5.9763,5.3023,4.4685,4.0637,4.0085,5.241,4.8829,3.9668,5.0046,5.0987,5.2356,50.925,54.579,25.829,25.073,37.84,60.203,36.141,26.957,41.713,29.526,21.776,17.737,4.1046,0.32872,2.962,5.8527,0.96525,74.797,70.154,50.353,49.196,40.01,43.899,30.805,28.208,26.084,23.847,33.003,20.039,26.856,35.921,34.621,35.238,32.486,40.41,41.667,29.289,13.583,9.597,13.853,7.0135,6.6377,7.7293,17.075,12.805,9.7924,13.994,24.048,20.231,27.653,33.95,15.521,15.354,17.265,18.69,10.368,8.0259,20.692,9.4058,7.9357,6.5224,1.1025,1.3915,1.3311,1.5079,1.5054,5.5439,5.7354,7.4931,6.348,8.205,3.4893,1.025,7.3754,10.777,5.4938,5.5414,5.9027,5.9656,6.426,5.7492,0.96782,0.11699,2.2207,2.8793,3.1598,3.4339,5.3322,6.1014,5.4659,4.8911,5.2395,0.78678,22.304,41.247,1.6566,1.4676,1.6368,1.3264,1.5197,1.3591,1.534,6.2757,4.8374,5.1946,0.81487,0.65824,0.81584,0.84509,22.918,5.0623,18.104,13.171,1.5003,1.4974,1.4797,1.5881,0.79131,0.80257
97.316,80.296,46.108,157.3,107.73,14.837,17.684,13.849,19.957,34.756,23.676,20.202,19.723,18.855,12.9,18.34,1.2577,4.4346,5.9636,0,0.59606,2.0218,17.404,6.5629,14.881,5.6095,7.0176,14.392,23.358,20.347,104.7,119.04,71.607,46.612,42.128,50.749,65.56,67.361,64.249,40.018,50.748,28.442,18.196,31.926,26.784,35.15,18.458,11.99,4.7882,7.3205,4.4522,4.6632,3.0199,4.1716,3.8394,3.5689,3.8449,113.13,113.37,125.91,71.848,58.527,82.076,58.162,53.043,14.788,17.003,13.73,6.5505,10.971,13,26.686,7.8202,10.354,2.1814,4.3757,1.226,6.8094,18.731,29.631,16.149,12.935,9.9317,51.219,58.62,56.737,39.405,24.94,4.2626,11.265,21.9,8.0773,17.728,21.227,0.90029,2.669,1.3128,3.1652,3.7378,0.23512,4.0477,3.965,0.63096,0.33277,11.404,20.574,16.119,0.32218,6.3671,4.3458,6.6717,5.1059,5.2599,8.1326,12.448,13.722,21.221,21.198,19.531,18.607,17.954,20.708,20.547,16.591,20.297,20.403,20.72,80.269,81.623,50.831,42.712,67.694,101.42,52.835,45.351,62.224,55.022,43.944,39.585,3.7301,8.1608,2.4867,0.72562,4.8383,102.06,113.09,71.411,71.582,60.732,67.554,11.955,9.1003,16.245,16.318,28.841,4.2915,10.209,14.81,18.309,19.662,18.051,23.568,26.843,15.882,2.4298,1.7943,1.7881,3.0391,13.553,12.992,40.372,18.636,29.564,17.114,53.876,45.992,41.535,66.186,15.596,12.051,14.296,15.39,13.706,4.7274,8.661,6.0709,2.9393,5.1339,2.6372,2.25,2.7234,3.3202,3.3119,0.017584,0.01065,0.19638,0.027125,15.164,12.02,7.7276,0.29588,18.241,14.434,14.47,14.777,14.425,15.254,14.631,7.176,4.9433,8.9536,14.876,15.628,17.745,21.339,22.362,20.204,19.639,20.696,4.2263,50.076,70.144,2.9057,3.4267,3.401,3.2842,3.2611,3.7334,3.2699,15.121,12.502,20.444,4.2343,4.0717,4.5929,4.2849,52.042,20.441,44.736,36.761,3.3527,3.2503,3.4271,3.405,4.186,4.0919
98.396,88.296,44.903,158.47,115.18,13.521,22.404,19.929,26.635,42.48,22.361,18.263,23.284,25.223,18.17,25.54,3.4982,6.0895,9.1079,0.59606,0,4.3517,24.373,5.3282,21.35,9.0078,10.928,19.645,30.301,26.83,103.61,118.66,71.608,50.343,40.971,56.391,68.519,72.413,72.345,42.45,53.197,31.059,21.471,37.193,32.298,35.915,20.395,15.54,6.6138,7.1396,6.1248,6.5411,4.9434,5.5807,4.9839,5.1071,5.6572,116.73,115.96,126.69,79.407,58.192,87.675,57.259,56.747,17.401,15.573,12.262,5.8119,12.635,15.69,32.859,12.214,15.715,3.8666,8.0967,2.346,10.981,17.255,37.191,19.091,14.457,13.516,57.054,64.539,62.449,45.989,31.684,7.0805,16.622,28.934,12.926,24.318,25.887,2.5862,1.3095,3.6775,4.5956,5.3246,0.30834,7.7405,7.3393,0.35149,0.69283,17.184,28.09,22.8,0.04298,10.104,7.833,9.4851,8.5364,8.6416,11.885,17.797,19.313,28.099,27.694,25.757,24.71,24.12,27.256,26.866,22.811,26.76,26.909,27.262,82.385,82.446,54.331,43.343,71.698,108.86,51.904,46,61.955,58.153,46.815,43.078,7.2911,11.218,2.9961,0.55071,6.5295,101.25,120.05,70.51,71.23,60.705,68.165,12.341,8.4391,20.511,21.163,35.92,3.3978,11.173,14.763,20.924,22.727,21.251,26.75,31.07,19.079,0.61902,0.53436,1.623,2.1309,13.977,12.826,44.811,17.679,34.131,15.445,61.642,51.147,40.677,72.396,21.751,17.117,19.778,20.977,19.903,8.2882,10.997,9.9652,1.8037,4.3593,4.2328,3.6813,4.1232,4.5688,4.5623,0.59576,0.55431,0.90495,0.7148,21.773,17.753,12.169,1.2154,25.426,20.791,20.836,21.224,20.821,21.817,21.042,11.491,8.1298,13.949,20.633,21.502,23.488,27.825,29.171,26.926,26.125,27.244,6.0109,56.129,73.201,4.0738,4.7004,4.5699,4.6524,4.5031,5.0809,4.5027,21.652,18.481,27.003,5.996,5.9644,6.3772,6.0247,59.388,24.277,51.79,43.236,4.6059,4.5066,4.6931,4.6035,5.965,5.8579
81.432,58.343,39.08,136.61,83.421,26.003,19.376,5.9548,9.456,20.014,36.688,33.211,24.42,16.336,11.499,10.365,0.27452,1.4427,1.1388,2.0218,4.3517,0,11.218,7.2854,7.2402,0.90067,1.5104,5.6258,11.714,9.6009,91.418,103.48,59.746,32.701,35.549,34.388,50.273,49.498,44.238,28.531,37.824,18.504,9.523,18.828,14.537,26.585,11.189,4.6803,1.4659,5.8341,1.4338,1.3427,0.47623,1.5681,1.7017,1.1012,0.96501,92.535,94.044,108.08,51.222,48.597,62.061,49.169,38.332,20.186,28.791,24.783,14.716,17.089,17.804,27.04,6.6413,3.8529,4.8832,2.7754,0.64702,1.5321,16.589,16.207,8.2674,7.4236,3.2679,34.628,40.973,63.118,41.33,23.279,5.6361,8.6759,18.266,5.1356,13.878,23.936,0.23067,5.7345,0.81429,1.0161,1.1368,2.4118,1.8439,3.4346,4.8966,3.6682,6.5233,13.758,7.9494,3.6684,1.2158,0.56372,1.7228,0.70641,0.75969,2.0946,4.5488,5.3304,10.336,10.157,9.0076,8.3863,7.9964,9.8536,9.6925,7.2515,9.5623,9.6446,9.8591,64.544,67.554,36.631,33.281,50.932,77.715,44.516,35.547,51.778,40.737,31.381,26.917,1.8025,2.4669,1.885,2.6646,1.6348,88.565,88.748,60.964,60.262,50.082,55.216,20.309,18.018,18.609,17.32,27.277,11.678,17.254,24.442,24.5,25.309,23.088,29.78,31.639,20.422,7.974,5.4841,7.0854,4.7264,9.4057,9.8919,26.606,15.592,17.452,15.681,35.552,30.732,34.548,47.347,12.365,10.912,12.821,14.032,8.8761,4.2168,12.895,5.4385,5.217,5.5121,0.60687,0.61614,0.84403,1.3005,1.2943,1.8349,1.9386,2.8171,2.1837,8.407,4.868,2.0018,2.7231,10.998,6.8227,6.8597,7.1595,7.0298,7.6102,7.0252,1.7428,0.65202,2.9814,6.0338,6.5084,7.7872,10.249,11.014,9.6298,9.159,9.8459,1.1938,33.466,54.242,1.1928,1.3254,1.4381,1.144,1.2785,1.4001,1.2939,7.4825,5.6664,9.6905,1.2211,1.0065,1.3969,1.271,34.235,10.764,28.258,22,1.3117,1.2562,1.3347,1.4042,1.1776,1.14
124.12,67.328,81.276,186.86,99.927,38.027,9.0947,3.2913,7.411,18.513,45.576,46.073,16.409,2.7157,2.9692,0.71658,10.298,18.599,11.934,17.404,24.373,11.218,0,36.515,1.667,9.8838,8.5922,9.6976,9.9206,9.2118,143.47,154.91,102.47,55.181,76.672,48.876,79.999,70.29,49.308,55.166,66.785,41.327,26.019,30.161,22.862,58.862,33.81,17.114,18.098,32.11,18.522,17.638,15.164,19.629,20.655,18.11,16.931,127.18,132.94,155.94,60.758,90.181,83.021,92.783,62.34,17.01,40.482,37.965,28.16,18.723,15.146,9.7845,3.3049,3.4019,12.185,4.4306,17.111,6.5612,52.218,13.512,25.531,29.701,14.384,48.278,55.881,38.564,18.796,5.8123,7.9885,1.605,2.3032,1.8933,1.1073,12.307,13.249,31.782,9.2257,18.169,18.063,20.856,4.7026,5.4798,22.039,18.322,0.65194,0.1342,1.932,22.369,8.7958,7.4085,14.832,8.96,9.4942,11.082,6.5407,6.6161,7.6728,10.187,9.8805,9.5237,8.2847,9.2384,10.529,6.1517,9.2805,9.128,9.2875,100.38,108.79,61.071,67.876,76.52,93.254,87.163,70.659,93.825,67.671,57.044,48.808,5.0314,15.289,22.27,23.09,18.92,139.19,108.38,107.02,104.32,90.93,94.877,26.28,29.693,10.073,7.4125,7.5174,27.43,21.769,31,19.961,18.839,16.79,21.609,19.225,14.991,32.685,29.839,21.749,30.242,36.352,38.808,44.342,49.446,31.563,51.329,39.862,46.449,74.463,62.434,1.3086,3.227,3.0627,3.4107,0.26797,5.0414,13.456,4.3496,31.177,32.4,16.509,16.89,17.735,19.39,19.37,17.678,17.813,16.467,16.754,0.44802,3.1502,6.076,15.36,0.20075,1.9205,1.8904,1.6907,1.5079,1.4465,1.7671,6.1263,10.273,3.9523,7.0277,7.231,10.767,10.426,9.5731,7.4304,8.3009,9.2154,17.595,45.765,84.389,19.275,19.395,19.939,18.678,19.348,19.394,19.41,1.5147,1.8438,8.8328,17.735,16.775,18.077,17.925,40.338,25.398,33.958,28.473,19.409,19.254,19.438,19.782,17.573,17.522
