0,13.476,21.875,153.65,170.55,182.26,8.1433,113.85,72.072,55.844,65.121,22.093,39.591,5.4292,22.205,10.253,11.914,16.226,19.077,0.35809,20.422,16.902,5.6832,16.435,33.589,15.542,10.959,13.765,32.165,30.911,32.172,29.847,24.7,2.4353,33.127,35.729,32.783,13.558,17.903,35.444,3.543,140.28,70.347,116.9,122.62,89.63,88.729,70.186,76.316,61.732,61.615,62.166,83.668,34.61,56.834,29.506,25.323,19.563,9.4185,9.7717,174.47,139.27,127.97,127.23,101.65,142.05,96.313,78.943,71.294,104.92,54.644,24.436,26.46,16.104,35.604,2.7111,8.1562,35.949,16.231,23.552,22.959,24.074,24.138,35.867,47.357,4.51,8.6535,13.075,8.8985,10.853,11.212,26.828,31.692,33.608,32.675,32.23,17.423,16.294,19.68,14.721,14.616,17.725,14.444,10.759,8.0971,8.2597,6.1619,7.8167,7.7688,7.1226,30.607,11.572,8.4741,16.655,22.291,17.445,21.972,14.445,14.819,7.0853,5.7765,56.076,22.903,33.406,12.541,27.398,32.863,26.224,20.019,0.69068,162.12,186.27,110.03,125.04,128.4,109.57,74.245,84.827,68.895,51.914,61.883,26.441,51.023,7.0637,8.2935,6.5283,12.51,13.499,243.12,207.97,189.51,162.44,106.26,109.87,137.61,151.04,132.16,169.06,76.865,84.731,88.033,61.578,79.862,77.14,75.244,13.076,24.268,4.4308,34.789,3.4303,7.2279,1.2931,0.81262,21.861,3.6056,22.04,23.003,8.9788,11.232,9.6248,8.9842,10.754,11.462,11.241,11.127,30.7,31.507,33.704,17.769,18.683,17.49,19.59,17.407,34.947,8.4866,8.1101,9.0421,9.0182,8.368,8.1191,7.8825,7.9275,7.7913,8.1003,20.395,9.9558,10.026,10.561,10.468,30.963,36.228,3.2999,0.85303,3.3748,3.0048,5.3459,5.3958,21.285,20.534,10.757,11.109,32.591,33.311,10.783,31.569,10.17,9.8235,9.4545,9.4349,10.292,10.172,22.253,24.667,22.458,22.279,22.782,21.16,9.6493,9.9908,22.7,22.57,22.088,21.971,22.593,22.174,20.951,22.311,22.047,22.036,22.51,21.633
13.476,0,18.791,231.5,232.4,228.33,24.445,154.25,123.29,98.745,94.911,60.676,49.81,19.347,20.807,41.376,43.944,28.773,29.614,9.6262,7.6907,7.7939,4.5904,7.7194,16.641,7.9919,8.1501,11.62,28.379,19.39,34.793,29.034,22.201,21.798,4.346,5.728,11.898,2.4338,11.739,22.171,4.7917,202.77,107.32,185.62,159.81,120.64,123.46,100.63,105.11,102.01,78.148,91.94,108.44,79.385,73.273,71.555,52.584,39.99,27.345,26.053,256.29,189.56,195.05,182.75,157.06,188.37,143.44,131.77,115.05,162.5,78.023,58.48,56.155,46.261,26.45,25.717,33.065,26.568,23.347,17.764,20.783,22.184,20.946,39.969,50.904,27.583,34.461,45.524,38.431,40.282,42.201,36.647,41.68,41.755,41.609,41.473,29.098,28.065,31.697,27.371,26.274,30.656,29.24,33.778,28.246,28.927,27.816,29.451,28.408,1.4209,16.216,6.2542,5.8971,13.482,17.954,25.532,23.188,16.331,13.81,33.953,31.893,14.716,4.4116,5.2116,0.089809,22.88,27.326,19.35,13.479,19.437,219.82,247.78,168.21,175.68,177.25,164.07,126.68,122.35,100.31,78.128,97.404,63.144,55.225,24.73,35.133,32.565,26.291,31.579,329.45,273.52,249.92,237.95,160.2,176.32,182.92,190.25,177.01,234.84,130.55,127.84,139.25,85.682,133.66,106.86,110.95,40.196,60.757,17.256,19.304,19.811,8.8771,13.091,17.701,19.988,12.023,21.77,23.017,39.158,42.305,39.065,37.524,40.425,41.592,42.489,42.126,39.936,40.214,42.292,29.784,28.686,32.045,32.922,29.59,36.412,34.929,28.933,30.494,32.074,30.533,29.708,29.011,29.607,28.925,29.65,10.105,27.702,28.604,29.585,28.954,22.907,33.178,26.001,16.522,16.71,16.285,19.128,18.277,20.436,19.459,41.082,42.154,40.927,42.024,5.4537,21.113,27.883,27.138,26.897,28.356,28.336,28.071,21.32,22.47,20.904,20.991,21.14,20.366,26.399,27.562,20.562,20.76,21.079,21.331,20.837,20.904,20.729,21.766,19.452,22.661,20.753,20.153
21.875,18.791,0,143.27,129.74,119.68,8.5832,70.158,61.769,44.113,33.448,32.968,8.0318,8.4884,0.077458,25.632,25.923,4.5374,3.5053,18.239,3.4847,2.5492,7.7801,2.5361,3.5679,2.2964,2.6905,1.1354,1.1409,1.4093,2.5044,1.1109,0.14401,16.955,29.249,37.561,6.5159,7.8064,0.84679,2.2997,10.718,112.1,43.128,109.09,72.264,47.206,50.214,36.498,38.084,43.066,21.135,32.058,38.594,42.492,18.841,37.883,17.409,10.304,9.3749,7.9463,161.55,96.227,111.97,95.303,81.206,93.583,67.752,66.926,51.394,85.906,23.045,25.573,20.233,21.121,1.7075,22.139,17.437,1.79,1.9565,0.13589,0.052902,0.14241,0.067687,4.0341,7.839,18.566,18.314,25.88,24.013,22.239,24.588,4.2086,5.4563,5.0768,5.1928,5.2233,4.0455,4.0982,4.3424,4.6608,4.1112,4.771,6.0208,13.818,11.975,12.412,14.883,13.681,12.649,12.729,2.3771,3.5406,4.7374,0.49617,0.031305,2.3149,0.4228,0.86788,0.70669,21.302,21.676,39.821,41.412,20.726,16.313,0.31677,1.1462,0.30998,0.52349,22.37,119.24,139.5,89.383,88.037,87.965,84.118,64.417,50.938,36.786,24.309,37.72,29.368,9.5883,10.242,20.091,20.569,5.5906,8.5372,211.2,158.95,140.31,144.23,81.612,101.99,89.721,92.2,85.855,133.94,67.342,57.017,68.781,26.782,68.742,39.342,44.17,17.913,29.14,8.672,2.9359,12.262,4.198,13.009,18.454,0.034395,7.8727,0.1901,0.28994,25.135,24.723,23.174,22.208,22.694,22.973,25.025,24.671,4.8132,4.7639,5.3161,4.2418,3.2168,5.7786,5.1068,4.3288,2.8912,19.343,12.651,12.841,14.615,13.951,13.456,13.096,13.664,13.154,13.425,1.8626,9.0414,9.7209,9.9443,9.5046,0.8575,2.2052,20.092,16.913,10.11,10.556,8.4648,7.8818,0.099604,0.075344,23.782,24.766,4.8796,5.2637,4.2651,1.2378,8.9471,8.7325,8.9616,10.23,9.1835,9.0997,0.12285,0.1645,0.074663,0.089725,0.082136,0.10241,8.3443,8.8866,0.04423,0.060048,0.10817,0.14235,0.064831,0.087211,0.15877,0.16922,0.0076518,0.32201,0.061369,0.054777
153.65,231.5,143.27,0,11.067,34.65,105.49,27.595,17.182,28.684,43.857,59.264,91.03,117.2,136.82,84.677,80.048,101.54,103.53,161.04,188.1,176.69,170.98,175.74,188.9,171.93,160.44,151.46,136.6,167.24,115.79,128.17,138.2,118.56,288.15,307.48,210.69,199.21,161.01,170.47,171.03,5.4164,32.017,2.5419,34.03,40.861,34.525,42.196,44.727,29.44,70.602,44.309,52.331,42.457,71.485,48.503,64.231,80.897,99.716,102.35,0.66338,17.77,2.1663,10.164,9.5487,23.66,17.518,14.423,23.51,7.8387,57.274,57.587,59.965,71.945,153.77,115.84,92.546,154.39,116.12,151.67,138.79,136.65,141.24,109.37,106.48,105.91,90.528,77.085,88.645,83.006,81.85,98.864,95.373,99.193,97.588,97.015,102.35,103.4,99.151,103.14,105.75,98.908,98.415,88.84,98.555,97.384,101.4,97.021,98.555,196.98,180.28,170.85,166.79,150.61,147.51,111.91,128.15,135.19,145.14,94.776,99.846,331.2,287.71,267.44,223.47,142.98,142.3,153.02,159.3,134.41,13.564,15.304,7.2239,15.205,17.836,10.122,15.879,30.191,40.693,52.592,35.461,53.576,103.62,105.22,90.916,96.92,103.45,92.711,11.995,17.194,17.417,0.71144,10.608,3.7532,24.215,36.798,23.857,7.1781,14.503,22.632,13.989,54.69,13.663,43.046,33.344,79.777,56.353,122.78,180.76,118.43,151.4,139.43,132.78,138.88,138.33,133.08,131.14,88.558,81.801,86.365,88.362,83.199,81.29,81.79,82.086,97.907,98.843,97.962,101.12,105.34,95.319,96.022,101.1,117.73,90.566,97.488,94.505,92.388,95.008,96.365,97.57,96.695,97.779,96.463,175.62,99.06,97.354,95.571,96.729,153.17,131.53,111.92,133.95,125.17,126.75,117.75,119.78,135.89,137.53,83.1,82.138,99.229,97.836,173.34,162.18,98.737,100.15,100.58,97.843,97.88,98.373,135.14,137.16,137.11,136.36,137.08,135.83,101.61,99.338,138.93,137.89,135.58,134.42,137.68,136.41,134.07,133.74,141.28,130.05,137.77,137.73
170.55,232.4,129.74,11.067,0,6.7982,109.85,10.109,22.52,31.343,31.441,74.855,74.443,122.65,123.5,101.41,96.141,97.645,96.816,174.58,175.51,166.47,172.58,165.88,167.37,162.73,155.31,143.8,117.3,147.2,98.713,110.92,123.15,132.22,280.09,302.66,190.61,193.82,149.77,147.82,176.25,2.2358,23.89,13.201,11.754,22.115,18.984,28.685,28.071,27.277,49.91,32.849,30.607,57.554,52.298,63.313,65.842,80.202,104.13,105.32,11.032,2.8273,7.4491,3.1694,9.5706,4.5246,10.768,19.059,21.343,9.2106,43.515,66.221,63.138,82.116,131.55,133.31,104.19,131.96,109.46,136.61,124.83,122.12,126.34,91.288,83.563,120.09,102.6,92.531,104.87,96.927,97.329,87.674,82,84.014,83.223,83.009,97.235,99.023,92.904,100.26,102.39,94.321,97.012,96.263,105.86,104.97,112,105.86,106.58,199.75,160.4,165.32,164.49,140.57,133.47,104.94,115.75,127.83,136.82,109.88,115.82,312.83,295.61,254.1,223.64,125.94,122.2,136.19,146.48,152.33,0.32301,0.49657,7.7259,4.034,4.1745,6.8772,21.77,18.092,28.361,41.897,28.895,63.883,79.671,111.55,104.53,111.73,102.75,94.144,11.684,1.8941,0.88023,6.4621,7.7353,13.884,5.2163,9.7602,5.7265,0.44474,20.853,15.531,13.837,39.126,19.058,26.858,22.579,89.18,67.807,128.72,158.43,127.96,150.46,149.73,147.82,125.64,143.33,120.17,117.77,105.57,97.369,101.61,103.22,97.511,95.439,97.576,97.67,84.587,84.882,82.966,95.984,98.575,91.847,90.584,96.271,98.944,103.51,105.34,102.04,101.38,103.79,104.88,105.9,105.47,106.21,104.96,162.58,102.9,101.75,99.874,100.7,133.51,110.55,127.7,147.75,132.75,134.82,123.21,124.66,123.26,125.3,98.22,97.802,84.594,83.076,168.74,141.86,102.38,103.79,104.62,102.99,101.67,102.15,121.92,122.21,123.6,123.03,123.36,123.3,104.99,103.03,125.12,124.25,122.44,121.45,124.04,123.14,121.82,120.6,127.76,117.42,124.18,124.73
182.26,228.33,119.68,34.65,6.7982,0,114.89,8.0491,36.418,41.695,29.835,91.768,65.742,127.76,113.96,117.23,111.79,96.945,93.986,183.33,163.7,156.92,171.87,156.64,149.31,154.14,150.25,137.41,103.69,131.31,87.923,99.212,112.34,143.44,267.14,291.32,172.48,186.63,140.32,129.98,178.22,13.814,26.507,34.377,6.119,17.084,16.718,26.592,23.741,34.178,40.301,31.801,22.348,75.649,43.55,80.592,71.866,83.249,109.58,109.53,35.149,4.6083,25.082,10.854,21.345,2.9018,16.604,32.927,29.066,22.293,39.598,77.976,70.656,93.849,114.95,147.62,115.55,115.18,105.85,125,114.72,111.75,115.45,80.259,69.565,132.49,114.42,107.9,120.01,110.69,112.37,82.046,75.131,75.648,75.522,75.592,95.609,97.857,90.698,100.19,101.79,93.306,98.307,104.69,113.53,112.93,121.97,114.8,114.79,198.62,143.93,159.43,161.14,132.53,122.81,101.38,107.37,122.56,130.3,123.72,129.99,290.83,294.47,238.19,219.39,113.48,107.7,123.29,136.01,165.9,4.8597,5.0174,20.441,8.1081,6.3636,16.52,36.281,18.509,27.19,40.451,32.083,77.251,65.222,118.07,117.49,125.21,104.22,97.882,30.607,7.0892,4.1257,26.37,17.462,34.213,3.4336,1.8131,4.3428,10.718,35.931,20.206,24.516,34.323,33.603,23.021,23.347,99.741,81.796,133.85,140.25,136.04,148.9,157.18,159.25,116.04,146.87,111.14,108.53,121.32,112.49,116.16,117.31,111.56,109.5,112.86,112.78,77.57,77.364,74.813,94.428,95.588,91.871,89.164,94.938,86.873,115.99,113.5,110.16,110.73,112.82,113.6,114.42,114.37,114.77,113.66,151.09,107.98,107.35,105.52,106.03,118.67,96.125,140.96,158.18,138.97,141.31,128.29,129.18,114.26,116.48,112.9,112.97,76.591,75.091,163.38,126.07,107.33,108.64,109.73,109.11,106.78,107.23,112.55,111.53,113.91,113.5,113.52,114.36,109.56,107.97,115.12,114.42,113.09,112.29,114.22,113.66,113.19,111.36,117.81,108.77,114.39,115.36
8.1433,24.445,8.5832,105.49,109.85,114.89,0,62.504,38.051,25.234,27.683,9.3678,12.581,0.35365,7.8472,4.5817,4.8169,1.6982,2.9321,7.9702,15.64,11.987,7.8819,11.625,22.007,10.567,6.9115,6.3566,12.931,16.818,10.486,10.619,9.2491,2.3901,45.845,53.032,25.873,15.645,9.566,19.764,8.0076,87.959,32.184,75.344,68.38,44.127,43.954,31.012,34.88,27.722,25.11,25.816,39.636,16.545,22.095,13.224,5.6184,2.5448,0.08176,0.075611,122.46,83.139,81.628,76.01,58.415,84.279,51.854,42.887,34.596,61.522,20.647,7.3908,6.6324,3.7921,17.226,4.1261,1.5622,17.51,2.7905,10.627,8.4756,8.7313,9.3881,11.904,18.383,2.182,1.8464,4.926,3.8853,3.3208,4.2294,6.1988,8.4787,9.7832,9.158,8.8775,2.1908,1.8262,2.9138,1.2627,1.375,2.12,0.98048,0.87089,0.29184,0.36948,0.90262,0.59627,0.396,14.181,18.909,9.0149,7.4318,7.3553,9.3959,2.9009,6.6316,4.2512,5.7869,2.8616,3.1111,66.904,45.629,39.739,21.902,11.272,14.077,12.149,10.197,5.9124,102.19,121.64,65.186,72.902,74.837,63.358,39.91,41.77,30.298,19.175,26.597,9.2252,20.38,0.088336,2.4152,2.6229,0.62073,0.68684,175.61,139.65,123.79,110.12,60.899,69.464,80.773,89.87,76.663,110.21,42.077,42.983,47.834,24.992,43.911,35.513,35.089,2.2465,8.5071,0.74908,21.17,1.0368,4.4384,3.3128,4.23,7.9621,2.2729,7.2776,7.4945,4.3426,4.2833,3.58,3.1913,3.4767,3.646,4.4023,4.2545,8.1243,8.6205,9.745,2.2538,2.8933,1.8843,2.7188,2.1127,12.224,2.1688,0.40538,0.49279,0.86151,0.67319,0.55918,0.4809,0.59561,0.49008,0.55208,13.221,0.11362,0.16462,0.24847,0.2008,14.621,14.535,3.0569,3.824,1.1446,1.3669,0.38386,0.47315,7.2873,7.1575,3.8828,4.29,9.2324,9.5211,9.2767,16.34,0.1323,0.088077,0.063924,0.15081,0.15848,0.13996,7.6478,9.0926,8.0062,7.8209,8.1588,7.2217,0.06454,0.11036,8.3689,8.166,7.627,7.4185,8.1486,7.7767,6.8929,7.4928,8.383,6.8938,8.121,7.6977
113.85,154.25,70.158,27.595,10.109,8.0491,62.504,0,12.818,13.898,7.206,46.232,30.914,72.156,65.653,64.07,60.11,50.318,48.701,114.96,104.91,98.651,107.61,98.312,96.634,96.101,91.829,82.308,59.832,81.649,47.128,55.67,64.964,83.571,189.7,209.32,114.86,121.38,85.677,81.658,112.03,9.1091,5.3576,19.958,0.52021,2.3742,1.7116,5.7097,4.8627,9.3797,15.329,8.1187,5.5396,35.941,16.863,38.866,31.837,39.884,58.529,58.642,32.252,2.2552,15.104,4.3303,7.1035,1.7053,2.6391,11.468,7.2397,8.4416,12.948,36.116,31.011,46.997,69.675,86.734,62.604,69.946,57.585,74.832,66.449,64.341,67.323,41.824,35.908,75.227,61.783,57.28,66.046,59.14,60.466,41.013,36.613,37.519,37.182,37.126,49.567,51.087,46.174,52.538,53.828,47.76,50.896,54.719,61.24,60.776,67.382,62.1,62.137,129.16,91.636,99.297,99.846,79.141,72.767,54.279,60.296,70.588,76.895,68.703,73.387,213.85,208.49,166.99,146.98,66.538,63.215,74.111,82.767,100.88,6.9843,12.095,8.0508,1.9437,1.3791,5.0514,13.118,2.1465,5.8556,12.895,7.9979,35.846,33.248,64.706,64.066,69.795,55.177,50.199,43.162,18.17,12.142,23.086,5.1108,18.434,1.2212,3.1222,0.79268,12.679,13.342,3.1863,6.8832,10.252,12.149,4.4285,3.9852,51.127,38.963,76.783,89.694,78.116,89.756,94.494,95.771,67.234,87.049,63.346,61.488,67.056,60.554,63.175,63.992,59.792,58.303,60.844,60.766,38.353,38.39,36.861,48.696,49.902,46.503,44.885,49.011,46.954,62.951,61.186,58.731,59.091,60.637,61.228,61.841,61.788,62.102,61.275,94.88,57.389,56.869,55.526,55.932,71.558,54.72,81.639,94.994,80.55,82.313,72.561,73.316,65.665,67.256,60.812,60.909,38.033,36.99,102.24,77.615,56.933,57.906,58.679,58.108,56.507,56.838,64.532,64.305,65.671,65.302,65.442,65.715,58.62,57.399,66.707,66.113,64.926,64.254,65.958,65.403,64.722,63.592,68.705,61.435,66.072,66.631
72.072,123.29,61.769,17.182,22.52,36.418,38.051,12.818,0,1.4844,9.5195,15.432,31.411,45.407,57.614,29.025,26.236,35.194,36.492,75.999,91.742,83.74,80.302,83.073,93.511,80.445,72.626,66.638,58.667,78.59,45.449,52.946,58.762,48.173,164.72,179.68,108.39,99.444,73.178,81.346,80.884,11.519,4.7566,6.6988,18.367,13.358,9.9107,9.6862,12.312,2.2583,23.487,9.1842,18.083,8.0712,23.033,10.362,15.004,23.52,34.605,35.992,24.214,15.429,8.2197,9.1138,2.736,18.854,4.0026,0.157,1.4074,3.1241,14.637,12.672,13.049,20.12,70.325,47.749,31.869,70.785,44.042,67.431,58.962,57.695,60.673,42,42.156,40.526,30.824,24.402,31.072,27.126,27.005,34.354,32.849,35.421,34.318,33.911,35.711,36.298,33.909,36.127,37.682,33.678,33.37,28.773,34.388,33.751,36.806,33.797,34.53,98.652,87.311,79.685,77.055,66.191,64.574,41.503,52.027,56.028,62.505,34.209,37.487,197.61,166.58,149.06,117.33,62.169,62.449,68.605,72.177,59.722,20.684,29.233,4.0858,10.344,12.353,4.5898,0.028391,6.9069,8.6594,11.653,4.8344,11.211,41.08,38.192,31.496,35.368,36.364,30.205,50.655,37.447,31.12,18.708,3.9596,5.0239,17.816,27.902,16.091,20.915,0.12113,3.5205,1.1935,14.551,0.2098,11.613,6.3433,24.126,12.761,48.996,88.159,46.986,66.775,60.663,57.669,58.913,58.852,55.185,54.039,31.309,27.009,29.44,30.436,27.358,26.252,27.08,27.172,34.245,34.918,34.689,34.99,37.562,31.574,32.056,34.962,47.075,31.095,33.866,32.057,31.127,32.605,33.34,34.012,33.59,34.154,33.394,83.194,34.142,33.21,32.155,32.789,69.285,56.01,44.726,58.044,50.822,51.93,45.752,46.931,56.923,57.916,27.572,27.229,35.3,34.557,81.42,75.311,33.928,34.762,35.069,33.604,33.44,33.73,56.535,58.087,57.821,57.322,57.837,56.877,35.596,34.287,59.023,58.342,56.803,56.043,58.206,57.342,55.723,55.639,60.49,53.244,58.257,58.146
55.844,98.745,44.113,28.684,31.343,41.695,25.234,13.898,1.4844,0,5.293,9.8472,19.816,31.408,40.619,20.142,17.845,22.296,23.265,58.628,69.919,62.995,60.766,62.426,71.536,60.164,53.582,48.321,41.75,58.599,30.791,36.895,41.62,34.964,135.43,149.31,84.529,76.999,53.836,61.095,61.672,19.201,2.7414,14.488,18.968,10.768,8.2928,5.926,8.4283,0.54959,15.243,4.7801,13.439,5.1412,14.481,6.3529,7.2226,13.317,22.453,23.416,37.49,20.156,16.291,14.586,6.9079,22.682,5.9512,2.4347,1.1387,7.9553,7.9929,6.4483,5.9973,12.01,51.705,35.371,21.319,52.108,29.386,48.928,41.759,40.712,43.217,28.135,28.926,28.763,20.57,16.3,21.621,18.045,18.291,21.629,20.584,22.716,21.793,21.45,22.671,23.164,21.212,23.089,24.32,21.063,20.959,18.195,22.641,22.169,25.094,22.391,22.857,76.999,66.101,59.672,57.601,47.875,46.489,27.306,35.951,39.33,44.778,23.854,26.666,164.95,138.7,120.96,93.346,44.544,44.949,49.966,52.961,45.497,28.175,38.582,9.3226,14.536,16.25,8.9693,1.9167,5.8301,5.0904,5.6363,1.9389,5.7908,28.306,25.589,21.396,24.72,23.407,18.65,67.707,48.565,40.321,30.189,8.04,11.97,21.2,30.195,19.128,30.593,2.4478,3.8652,3.6604,8.5296,2.7543,8.0312,4.2762,14.894,7.0468,34.456,66.935,33.279,48.832,44.918,43.188,41.706,42.653,38.583,37.639,21.987,18.315,20.125,20.818,18.307,17.42,18.419,18.444,21.659,22.227,22.133,22.093,24.122,19.433,19.76,22.08,32.244,20.949,22.3,20.808,20.284,21.429,21.975,22.487,22.215,22.615,22.016,62.462,22.017,21.331,20.478,20.947,50.662,39.697,32.523,43.278,36.201,37.199,31.695,32.605,40.031,40.859,18.647,18.505,22.576,22.011,61.236,55.81,21.825,22.494,22.784,21.733,21.449,21.68,39.715,41.052,40.796,40.375,40.813,39.991,23.14,22.118,41.808,41.234,39.938,39.3,41.12,40.39,39.024,38.966,43.035,36.964,41.162,41.06
65.121,94.911,33.448,43.857,31.441,29.835,27.683,7.206,9.5195,5.293,0,21.982,9.3001,34.142,30.318,31.865,29.327,19.441,18.494,65.359,58.407,53.372,59.123,53.07,54.258,51.353,47.808,41.182,27.657,42.965,18.901,24.412,30.162,43.22,124.22,139.8,67.522,69.879,44.048,43.7,62.456,23.942,0.95702,28.112,9.0481,1.9969,1.9074,0.094869,0.54471,2.6832,3.2669,0.036948,2.0522,17.882,3.3597,18.536,9.6609,13.441,25.167,25.057,52.832,16.355,26.577,16.123,12.478,15.89,6.4225,10.296,3.7689,14.617,1.0023,13.915,9.6873,19.805,35.151,46.345,29.212,35.401,24.155,36.989,30.973,29.64,31.745,15.877,13.797,37.853,28.839,27.468,32.822,27.899,29.269,14.17,11.89,12.714,12.375,12.284,18.983,19.921,16.922,20.837,21.645,17.863,19.865,23.376,27.341,27.106,31.913,28.194,28.044,75.359,50.145,53.307,53.494,39.209,35.351,22.032,26.557,32.939,37.419,34.021,37.226,145.98,138.19,106.8,89.241,31.65,30.14,36.852,42.209,56.122,26.421,36.47,15.569,12.96,12.98,12.524,10.446,1.8326,0.079391,0.82199,0.84647,14.606,12.676,29.374,30.699,34.602,22.572,19.664,77.534,46.754,37.054,41.957,11.728,24.963,14.341,17.819,12.702,33.756,11.423,3.5551,8.5281,0.6019,11.194,0.5506,0.78763,21.808,16.493,37.315,49.402,38.72,46.111,50.147,51.883,31.384,44.336,28.684,27.51,33.731,29.356,30.747,31.084,28.422,27.506,29.612,29.484,12.887,13.009,12.301,18.444,19.245,17.11,16.126,18.634,19.198,29.812,27.416,25.831,26.375,27.275,27.579,27.923,27.984,28.105,27.605,51.042,24.375,24.128,23.284,23.486,35.746,24.74,42.481,51.086,40.08,41.352,34.414,34.858,30.211,31.235,29.322,29.598,12.915,12.333,55.404,40.169,24.064,24.673,25.209,25.012,23.818,24.022,29.538,29.695,30.362,30.081,30.243,30.231,25.091,24.361,31.121,30.687,29.793,29.309,30.581,30.138,29.512,28.889,32.444,27.354,30.65,30.931
22.093,60.676,32.968,59.264,74.855,91.768,9.3678,46.232,15.432,9.8472,21.982,0,24.237,12.087,30.713,2.2625,1.5601,13.217,15.856,25.263,49.054,42.441,32.826,41.774,57.889,39.746,32.371,30.805,37.051,47.94,29.059,32.325,32.855,10.41,94.749,103.57,65.608,48.719,37.148,52.086,31.369,53.613,20.55,37.456,54.315,36.303,33.207,24.537,29.429,13.983,30.305,20.281,37.084,1.3992,27.614,0.54171,4.4626,7.3156,7.9619,9.2414,72.457,58.16,44.398,47.48,31.098,62.297,31.09,18.675,17.662,32.419,20.635,1.101,3.4833,1.3239,45.825,9.3931,4.1591,46.284,18.872,37.259,31.955,31.858,33.655,28.954,35.181,6.8684,3.6836,1.1818,2.9501,2.1149,1.8351,19.075,20.856,23.568,22.347,21.839,14.319,13.984,14.548,12.849,13.797,13.175,10.823,4.5395,6.5829,6.2275,6.3294,5.7635,6.35,43.55,52.699,36.721,33.126,32.373,34.853,18.039,27.237,25.035,29.085,4.2002,5.2787,125.76,87.585,87.269,57.076,36.423,39.681,39.5,37.875,15.173,70.666,86.371,35.39,48.211,51.395,36.36,16.263,29,23.117,17.038,16.544,0.75272,36.411,8.5116,3.5446,4.6812,11.508,7.9541,119.77,100.56,89.255,65.206,34.477,33.575,59.746,73.185,56.199,72.278,17.346,25.864,24.344,24.028,18.925,29.282,24.199,2.4528,0.41262,13.566,55.578,11.148,26.455,17.766,14.746,31.278,18.999,29.171,29.052,2.9349,1.8247,2.5747,2.9522,2.1106,1.8318,1.8172,1.8671,21.201,22.083,23.153,14.066,16.301,11.621,13.272,13.82,31.59,3.5587,6.1631,5.6211,4.7428,5.3429,5.7154,6.0336,5.7109,6.0524,5.7417,44.317,8.0693,7.4424,7.1007,7.4963,42.614,37.712,8.3383,15.267,13.752,14.102,12.245,13.071,29.758,29.899,2.0422,1.8727,22.93,22.852,37.14,46.438,8.0875,8.4098,8.3299,7.2309,7.8317,7.9451,30.101,32.436,30.985,30.584,31.186,29.656,8.8655,8.2031,31.839,31.359,30.163,29.641,31.293,30.533,28.846,29.602,32.318,28.007,31.274,30.689
39.591,49.81,8.0318,91.03,74.443,65.742,12.581,30.914,31.411,19.816,9.3001,24.237,0,15.834,6.5918,25.417,24.235,5.1644,3.7158,37.283,22.057,19.524,26.929,19.43,18.641,18.582,17.734,13.314,4.8827,12.306,1.7118,3.6302,6.2701,25.931,67.933,80.284,26.814,31.01,13.969,12.696,30.646,62.989,15.457,65.699,32.114,16.34,18.371,10.743,11.268,17.23,3.1793,8.756,11.437,27.09,2.2841,24.981,7.9728,5.7588,11.782,10.756,104.69,49.211,65.571,49.914,42.013,46.94,31.038,34.335,22.053,45.693,4.1962,15.387,9.6972,16.187,8.3253,30.736,19.076,8.4545,5.6632,9.5664,6.7913,6.1006,7.0206,0.87509,1.0477,24.25,19.418,23.209,24.962,21.289,23.418,1.2595,0.44587,0.35512,0.38328,0.41292,4.4897,5.092,3.4631,6.0695,6.0973,4.4094,6.5399,13.698,14.646,14.803,18.894,16.188,15.451,37.525,16.305,20.768,22.001,11.642,8.8861,4.7705,5.1007,9.2361,11.165,23.959,25.844,82.241,83.563,54.247,45.67,6.7561,5.9558,9.3027,12.656,35.66,66.237,81.302,47.808,43.954,43.522,43.008,33.316,19.268,11.075,5.2598,12.866,17.952,1.2401,14.577,21.484,23.815,7.7416,8.2029,140.54,96.241,81.723,89.741,41.389,60.427,44.219,45.875,41.572,78.43,35.373,24.051,33.659,5.6386,35.83,11.996,15.485,15.375,18.933,17.543,15.834,20.659,18.37,26.698,31.12,7.0988,20.374,5.927,5.3347,26.108,23.544,23.366,22.966,21.841,21.515,23.859,23.582,0.60456,0.53391,0.30867,4.3275,3.9217,4.7461,3.6038,4.5152,1.7765,20.562,15.12,14.4,15.814,15.874,15.721,15.673,16.068,15.807,15.715,17.584,11.134,11.455,11.147,10.964,8.5908,3.7483,27.537,29.738,19.89,20.815,15.955,15.774,6.665,7.2124,22.969,23.699,0.4387,0.33531,22.307,10.82,10.903,11.085,11.527,12.267,10.929,10.983,6.2544,6.0709,6.581,6.4814,6.4925,6.6907,11.046,11.022,6.8847,6.7089,6.3824,6.194,6.66,6.5186,6.4185,5.9767,7.551,5.3967,6.6997,6.9289
5.4292,19.347,8.4884,117.2,122.65,127.76,0.35365,72.156,45.407,31.408,34.142,12.087,15.834,0,8.0581,5.5364,6.0863,2.9144,4.2927,5.0554,13.371,9.9949,5.1964,9.6418,20.641,8.6942,5.2067,5.2905,13.834,16.274,12.269,11.729,9.5757,1.5308,39.369,45.663,23.409,12.278,8.3826,19.377,5.0865,99.329,39.274,85.252,78.318,52.093,52.053,37.823,41.974,34.311,30.478,32.083,46.907,20.639,27.145,16.813,8.776,4.7511,0.75945,0.70153,135.12,94.326,92.265,86.698,67.689,95.479,60.764,50.715,41.902,70.976,26.052,10.554,9.982,5.8494,17.603,3.2643,2.2448,17.882,3.4353,10.278,8.6542,9.0814,9.5426,14.192,21.516,1.9845,2.6295,6.4101,4.6128,4.485,5.4059,8.2994,11.047,12.33,11.706,11.418,3.4702,2.9775,4.4874,2.2976,2.3022,3.5529,2.1664,2.0019,0.85507,0.98395,1.1224,1.1603,0.91727,10.316,17.743,6.8719,5.2136,6.5506,9.1435,3.8081,7.1985,3.9579,5.0865,3.2636,3.1859,59.881,38.109,34.429,17.16,11.576,14.779,11.927,9.2489,4.0817,114.56,135.11,74.937,83.411,85.471,73.093,47.407,49.761,37.075,24.556,33.078,12.605,23.853,0.33167,3.1068,2.9106,1.4583,1.9877,191.32,154.05,137.37,122.4,70.445,79.011,91.737,101.17,87.359,122.96,49.741,51.134,56.279,30.904,51.788,42.706,42.441,3.8302,11.615,0.073338,20.265,0.38273,2.8238,1.5605,2.5874,8.0589,0.8749,7.6387,8.0069,5.0489,5.4596,4.4828,3.9867,4.6128,4.9092,5.5714,5.4122,10.527,11.041,12.346,3.6068,4.1539,3.431,4.4029,3.4386,14.109,2.9101,0.99805,1.2783,1.69,1.3579,1.1799,1.0415,1.1824,1.0333,1.168,11.544,0.86776,0.98034,1.1748,1.0815,14.716,15.923,2.4659,2.1748,0.24869,0.36281,0.00065369,0.020015,7.4731,7.2181,4.9937,5.4414,11.71,12.101,6.9477,16.071,0.91849,0.79315,0.71721,0.88878,0.98471,0.93815,7.9348,9.462,8.2227,8.0572,8.3994,7.4009,0.70361,0.85896,8.5233,8.3562,7.8833,7.7167,8.3498,8.0034,7.1333,7.8445,8.3879,7.3844,8.3123,7.8283
22.205,20.807,0.077458,136.82,123.5,113.96,7.8472,65.653,57.614,40.619,30.318,30.713,6.5918,8.0581,0,24.193,24.353,3.6594,2.6514,18.778,4.5827,3.4342,8.6059,3.4046,4.527,3.0897,3.2664,1.4867,0.92781,1.9209,1.7915,0.72942,0.068237,16.496,32.23,40.867,7.9581,9.1951,1.3745,2.8224,11.537,106.29,39.55,103.52,67.781,43.558,46.395,33.234,34.788,39.531,18.809,28.989,35.382,39.589,16.618,35.234,15.408,8.8405,8.4803,7.1251,154.66,90.894,106.23,89.947,76.3,88.384,63.248,62.566,47.513,80.868,20.47,23.336,18.087,19.367,1.8465,21.554,16.298,1.9386,1.447,0.38714,0.01258,0.03808,0.07022,3.1106,6.6684,17.769,17.113,24.228,22.7,20.792,23.083,3.1461,4.2406,3.9315,4.02,4.042,3.1778,3.2675,3.37,3.8364,3.3552,3.8112,5.0744,12.603,11.04,11.443,14.003,12.693,11.71,14.087,3.1846,4.3416,5.4672,0.80068,0.20189,1.689,0.14242,0.83565,0.90326,20.185,20.687,43.411,44.367,23.319,18.181,0.318,1.0573,0.55891,0.98992,22.239,113.28,133.06,84.23,82.907,82.857,79.099,60.176,47.057,33.499,21.644,34.385,26.97,8.2877,9.4938,18.883,19.517,4.7893,7.4407,203.19,152.08,133.87,137.68,76.671,96.619,84.632,87.216,80.867,127.57,63.004,52.892,64.281,24.022,64.332,35.983,40.553,16.414,26.835,8.3813,3.6987,11.842,4.5909,13.093,18.328,0.0094303,7.9627,0.026159,0.068414,23.807,23.215,21.809,20.908,21.247,21.47,23.514,23.172,3.6756,3.639,4.1383,3.3391,2.413,4.7268,4.054,3.4288,2.1862,18.133,11.683,11.79,13.495,12.907,12.453,12.127,12.668,12.191,12.424,2.689,8.1289,8.7602,8.9332,8.5265,1.0474,1.8136,19.432,16.831,9.8711,10.353,8.0486,7.5188,0.011036,0.034116,22.321,23.267,3.7494,4.0882,5.1252,1.6257,8.0257,7.8505,8.0915,9.2814,8.238,8.168,0.0052469,0.064707,0.00083259,0.0004704,0.0037689,0.014026,7.5027,7.9819,0.010235,0.0033935,0.0029203,0.011073,0.002874,0.00032366,0.031243,0.017789,0.036685,0.08617,0.0025511,0.0054885
10.253,41.376,25.632,84.677,101.41,117.23,4.5817,64.07,29.025,20.142,31.865,2.2625,25.417,5.5364,24.193,0,0.070596,10.051,12.85,12.639,36.107,30.4,19.884,29.784,46.616,28.096,21.475,21.383,31.88,38.93,26.36,27.853,26.505,3.1693,71.156,77.892,51.574,33.456,27.143,43.286,18.09,77.04,32.41,58.129,72.532,49.637,47.133,35.255,40.644,24.995,36.697,29.734,48.37,7.2152,33.292,5.016,6.794,6.983,4.027,5.0597,100.32,80.207,66.561,68.833,49.294,84.052,47.813,33.445,30.545,51.19,27.657,3.988,6.4366,1.4382,39.054,2.4381,0.7938,39.483,13.999,29.142,25.301,25.608,26.866,27.498,35.559,1.3974,0.6137,0.20361,0.054493,0.18299,0.055268,17.659,20.492,23.011,21.855,21.355,11.223,10.61,12.135,9.2868,9.9156,10.522,7.7692,2.021,2.571,2.3712,1.6737,1.8723,2.2839,27.616,42.073,24.649,21.105,23.451,27.067,13.828,21.719,17.656,20.568,0.36717,0.6574,99.939,62.491,66.318,38.648,29.861,33.923,31.579,28.364,5.721,95.948,114.39,54.869,68.774,72.095,55.509,30.265,42.91,33.837,24.235,26.934,4.3335,37.598,3.5891,0.35375,0.52735,7.5977,5.4183,154.78,130.99,117.45,91.702,53.159,53.263,80.894,94.596,76.715,99.042,31.822,40.576,40.361,32.237,33.883,40.791,36.543,1.27,3.3723,6.211,45.448,4.1257,16.116,7.9318,5.5634,24.466,9.6839,23.075,23.316,0.043939,0.05144,0.06197,0.12856,0.13569,0.17636,0.041893,0.04633,20.41,21.29,22.753,11.161,13.029,9.3506,11.209,10.868,29.026,0.44668,2.2707,2.2082,1.5539,1.7628,1.9467,2.0942,1.874,2.075,1.9592,32.883,4.2901,3.8668,3.807,4.058,35.303,33.68,1.9618,5.9724,5.9472,6.052,5.6168,6.2151,23.226,23.07,0.063558,0.041849,22.234,22.414,24.653,38.125,4.377,4.4869,4.3019,3.5098,4.2368,4.2762,23.788,26.205,24.465,24.129,24.712,23.114,4.7505,4.3976,25.134,24.76,23.775,23.376,24.723,24.059,22.485,23.463,25.244,22.271,24.682,23.984
11.914,43.944,25.923,80.048,96.141,111.79,4.8169,60.11,26.236,17.845,29.327,1.5601,24.235,6.0863,24.353,0.070596,0,9.8485,12.563,14.36,37.347,31.538,21.414,30.922,47.395,29.191,22.528,22.14,31.695,39.365,25.811,27.594,26.602,4.0015,74.252,81.399,52.84,35.227,27.923,43.633,19.75,72.448,29.632,54.276,68.411,46.397,43.862,32.556,37.799,22.48,34.568,27.287,45.409,5.9141,31.312,3.9314,5.794,6.377,4.1223,5.1662,95.271,75.602,62.352,64.506,45.634,79.41,44.258,30.447,27.72,47.462,25.566,3.0398,5.3655,0.98074,39.073,3.3008,0.94288,39.504,14.023,29.531,25.471,25.699,27.039,26.722,34.38,1.9471,0.72262,0.035049,0.21957,0.14117,0.02016,17.017,19.632,22.146,20.995,20.501,10.984,10.433,11.76,9.1711,9.8428,10.22,7.5995,1.9433,2.7382,2.5184,2.015,2.0511,2.4749,29.665,42.779,25.888,22.402,24.076,27.422,13.736,21.732,18.081,21.161,0.66444,1.103,103.19,66.162,68.869,41.057,29.952,33.818,31.899,29.03,7.0067,90.843,108.8,51.006,64.493,67.74,51.624,27.42,39.711,31.162,22.177,24.432,3.3046,36.264,3.8873,0.51412,0.87185,7.5842,5.2208,148.33,124.99,111.79,86.785,49.359,49.562,76.356,89.849,72.299,93.824,28.908,37.347,37.058,29.911,30.87,37.907,33.631,1.0116,2.4698,6.904,46.021,4.8371,17.163,9.1246,6.7454,24.676,10.682,23.174,23.346,0.22421,0.017077,0.14356,0.25358,0.10902,0.093424,0.012333,0.020171,19.621,20.489,21.865,10.891,12.786,9.0088,10.792,10.611,28.419,0.58042,2.4294,2.281,1.6193,1.8889,2.0984,2.2705,2.0423,2.2595,2.1128,33.863,4.3479,3.9022,3.7938,4.062,35.464,33.271,2.6942,7.1477,6.7482,6.9036,6.1795,6.8036,23.403,23.304,0.054035,0.018981,21.403,21.538,25.98,38.439,4.4194,4.5643,4.4049,3.5846,4.263,4.3144,23.916,26.284,24.622,24.278,24.857,23.294,4.8546,4.4566,25.315,24.927,23.917,23.501,24.885,24.212,22.641,23.564,25.492,22.316,24.849,24.182
16.226,28.773,4.5374,101.54,97.645,96.945,1.6982,50.318,35.194,22.296,19.441,13.217,5.1644,2.9144,3.6594,10.051,9.8485,0,0.17935,15.055,13.429,10.386,10.768,10.141,16.139,9.2266,6.8352,4.9776,6.2369,10.882,3.9296,4.4743,4.3952,8.0835,48.103,57.011,21.263,16.641,7.0544,12.833,12.285,79.419,24.955,72.508,54.373,32.691,33.511,22.154,24.76,22.861,14.828,18.033,27.677,19.269,12.544,16.203,4.4294,1.2386,1.5727,1.1118,117.6,70.743,76.464,66.653,52.421,70.456,43.822,39.464,29.234,55.859,12.686,8.5754,5.8385,6.2688,9.9092,11.108,5.4984,10.125,0.55556,6.2396,4.0913,4.0356,4.7046,4.654,8.908,7.5895,5.8574,9.5884,9.3411,7.6901,9.1177,1.4134,2.6284,3.3361,2.9858,2.8319,0.03391,0.011178,0.16967,0.036678,0.059261,0.036314,0.14665,3.0633,2.8402,2.9771,4.8067,3.6654,3.2177,18.28,13.462,9.1094,8.6717,4.9854,5.2884,0.37641,2.5071,2.432,3.9281,8.1626,8.9346,66.05,54.02,39.398,25.738,5.7612,7.251,7.0749,6.987,13.725,89.539,107.7,59.021,62.257,63.26,55.936,37.143,32.567,21.863,12.268,20.32,10.826,10.318,2.5325,7.0095,7.9061,0.26782,0.73293,165.01,124.89,109.18,103.97,53.736,66.702,67.161,73.301,63.531,99.501,39.348,35.361,42.359,16.067,40.711,25.483,26.783,4.7934,10.685,3.6999,14.706,5.1868,5.7141,8.4917,10.937,3.8817,5.4096,3.1253,3.0783,10.077,9.2018,8.5816,8.1342,7.9983,8.0235,9.3997,9.1918,2.4066,2.6736,3.3219,0.03928,0.19305,0.098329,0.17131,0.022708,5.0158,6.504,3.1202,2.9652,3.795,3.6387,3.4761,3.3803,3.6257,3.433,3.4668,10.445,1.3571,1.5527,1.5274,1.4001,8.3683,6.9343,9.2798,10.117,4.8043,5.2676,2.9676,2.9082,3.3529,3.4447,8.6952,9.2583,3.0172,3.1926,9.8143,10.119,1.287,1.2974,1.443,1.8467,1.3332,1.3312,3.4403,4.2423,3.7499,3.6105,3.8133,3.3224,1.2341,1.3054,4.0565,3.883,3.4666,3.2876,3.8579,3.5957,3.0481,3.2663,4.2695,2.7451,3.8537,3.674
19.077,29.614,3.5053,103.53,96.816,93.986,2.9321,48.701,36.492,23.265,18.494,15.856,3.7158,4.2927,2.6514,12.85,12.563,0.17935,0,17.481,12.534,9.7896,11.679,9.5909,14.103,8.7585,6.8834,4.6993,4.4649,9.0281,2.4318,2.9603,3.1669,10.508,47.819,57.146,19.42,16.671,6.3219,10.646,13.657,79.602,24.547,74.46,52.146,30.929,32.153,21.066,23.27,23.214,12.841,17.209,25.543,21.833,10.75,18.735,5.2907,1.8153,2.8109,2.1666,119.49,69.435,77.727,66.358,53.028,68.616,43.573,40.669,29.58,56.637,11.578,10.328,6.8963,8.2256,7.7705,14.014,7.6543,7.9601,0.38917,5.0153,3.0016,2.8725,3.4966,3.024,6.6575,10.074,8.0668,12.219,12.078,10.13,11.755,0.65952,1.5936,2.0722,1.8253,1.717,0.057291,0.13032,0.047438,0.34713,0.30882,0.12597,0.64225,4.6791,4.4458,4.6179,6.8335,5.4664,4.9151,19.347,11.633,9.1108,9.0834,4.4018,4.1932,0.16787,1.6129,2.1841,3.5624,10.759,11.644,64.462,55.771,38.436,26.484,4.281,5.3786,5.6253,6.0523,16.698,88.437,106.39,59.685,61.434,62.12,56.126,38.511,31.648,20.924,11.549,20.116,12.788,7.9331,4.0181,9.4144,10.467,0.85554,1.5873,165.52,123.5,107.65,105.27,53.973,68.589,65.341,70.458,61.823,99.222,40.772,35.074,42.951,14.725,42.012,24.051,26.038,6.6566,12.796,5.1429,12.563,7.0847,6.2919,10.497,13.542,2.885,6.7395,2.1686,2.061,12.913,11.851,11.192,10.696,10.488,10.492,12.076,11.843,1.3798,1.5654,2.0808,0.059731,0.0080977,0.32833,0.15073,0.082945,3.2995,8.8243,4.7957,4.5985,5.612,5.4314,5.2344,5.1167,5.4178,5.1814,5.223,9.4879,2.522,2.7873,2.7492,2.5804,6.5573,4.945,11.97,12.567,6.4573,6.9836,4.3471,4.2142,2.4335,2.5767,11.288,11.92,1.8229,1.9817,9.9348,8.2271,2.4267,2.437,2.6332,3.1771,2.4906,2.4876,2.4442,3.0262,2.7177,2.6005,2.7537,2.4145,2.3421,2.4507,2.9876,2.8342,2.4803,2.323,2.8089,2.5943,2.1761,2.2794,3.2372,1.8226,2.8109,2.7072
0.35809,9.6262,18.239,161.04,174.58,183.33,7.9702,114.96,75.999,58.628,65.359,25.263,37.283,5.0554,18.778,12.639,14.36,15.055,17.481,0,15.736,12.796,3.3123,12.399,27.804,11.685,7.9291,10.639,28.054,25.855,28.953,26.219,21.028,3.252,26.896,29.578,26.642,9.55,14.068,30.007,1.6903,144.92,71.708,123.21,123.04,89.575,89.325,70.425,76.148,63.883,59.755,62.468,82.689,38.461,55.067,33.022,26.228,19.521,9.4371,9.501,182.28,141.7,133.73,130.81,105.7,143.74,98.942,83.008,73.846,109.31,54.049,26.605,27.753,17.929,30.672,4.2087,9.4761,30.976,14.243,19.499,19.398,20.507,20.395,32.75,43.845,5.791,10.106,15.526,11.066,12.85,13.497,24.842,29.577,31.156,30.37,29.985,16.067,15,18.286,13.632,13.378,16.55,13.703,11.572,8.57,8.8117,7.0341,8.5665,8.3475,4.2981,25.23,8.225,5.6649,13.247,18.475,15.548,18.91,11.804,11.779,8.8678,7.5317,47.686,18.953,26.882,8.76,23.357,28.494,21.924,16.032,1.7275,165.52,190.01,114.43,127.78,130.76,113.29,78.351,85.981,69.326,51.856,63.183,29.032,47.516,7.1835,9.9708,8.195,11.7,13.331,250.72,212.14,193.01,169.2,109.94,115.88,139.19,151.36,133.75,173.84,81.148,86.871,91.586,60.944,84.092,77.111,76.279,14.498,26.913,3.9641,29.118,3.6197,4.9993,1.0061,1.4379,18.384,2.5654,18.772,19.735,11.274,13.532,11.714,10.943,12.806,13.556,13.576,13.419,28.501,29.204,31.316,16.451,17.021,16.58,18.404,16.13,31.477,10.073,8.6986,9.6815,9.9421,9.1751,8.8408,8.539,8.6777,8.4548,8.8165,15.96,9.9144,10.119,10.698,10.521,26.333,32.087,4.6473,1.253,3.0792,2.7364,4.9568,4.8628,17.969,17.219,12.94,13.412,30.199,30.953,7.4981,26.617,10.111,9.7182,9.3911,9.6183,10.281,10.143,18.887,21.036,19,18.864,19.299,17.857,9.4616,9.9185,19.154,19.073,18.718,18.655,19.103,18.765,17.733,18.995,18.467,18.89,19.023,18.218
20.422,7.6907,3.4847,188.1,175.51,163.7,15.64,104.91,91.742,69.919,58.407,49.054,22.057,13.371,4.5827,36.107,37.347,13.429,12.534,15.736,0,0.24546,4.616,0.30413,1.9694,0.50198,1.9253,2.1513,7.1953,2.6646,11.687,8.0805,4.8219,21.16,12.602,18.387,1.5109,1.5968,1.057,3.7581,7.214,154.14,70.645,148,107.39,76.323,80.141,62.472,64.609,69.658,41.563,56.502,65.095,62.994,38.411,56.708,33.271,22.797,17.493,15.725,209.41,136.28,152.62,134.67,116.8,133.18,101.36,98.351,80.318,122.24,44.411,42.283,36.904,34.411,5.7025,26.784,26.425,5.7436,8.6608,2.6137,4.3769,4.9576,4.2026,14.742,20.725,24.987,27.68,37.926,33.687,33.063,35.636,15.118,17.63,16.969,17.184,17.232,12.998,12.722,14.12,13.082,12.124,14.286,15.107,23.767,20.062,20.699,22.24,21.951,20.684,5.8631,1.6226,1.3017,2.6347,2.0813,2.9431,9.8365,6.1961,4.4345,2.8348,29.784,29.195,20.176,23.25,7.2541,6.2824,4.6877,6.4499,2.9915,1.3141,23.915,163.36,187,126.58,126.33,126.37,120.82,94.913,80.921,62.789,45.961,63.44,46.979,23.459,17.173,29.34,28.645,13.626,18.332,267.72,209.44,187.99,190.29,117.74,139.67,128.57,131.2,123.93,180.05,98.437,88.109,101.65,49.586,100.42,66.243,72.232,29.571,46.003,12.563,2.7448,16.648,4.2196,13.909,20.271,4.1775,9.3012,5.2334,5.7707,34.833,35.781,33.304,31.942,33.473,34.146,36.086,35.671,16.456,16.389,17.407,13.432,11.914,15.795,15.339,13.467,12.203,28.676,20.898,21.679,23.764,22.608,21.873,21.296,22.001,21.309,21.823,0.2532,17.341,18.286,18.859,18.232,4.2372,9.6398,25.42,18.563,13.478,13.63,13.252,12.372,4.6054,4.2203,34.574,35.754,16.612,17.314,1.53,3.3543,17.328,16.849,16.956,18.63,17.712,17.535,4.8878,4.9936,4.5758,4.6759,4.6365,4.5974,16.216,17.15,4.3084,4.4597,4.7819,4.9728,4.5002,4.6503,4.8867,5.1537,3.8178,5.8198,4.4704,4.3364
16.902,7.7939,2.5492,176.69,166.47,156.92,11.987,98.651,83.74,62.995,53.372,42.441,19.524,9.9949,3.4342,30.4,31.538,10.386,9.7896,12.796,0.24546,0,3.1699,0.0035438,2.8937,0.045398,0.80928,0.99689,6.4473,2.8894,10.105,6.9277,3.8403,16.966,14.76,20.641,2.8984,1.5173,0.46399,4.2458,5.4144,144.89,64.644,137.73,101.61,71.247,74.547,57.376,59.772,63.142,38.317,51.452,60.845,55.621,35.151,49.678,28.306,18.72,13.638,12.099,197.53,128.75,142.65,126.35,108.37,126.21,94.072,90.161,73.372,113.52,40.195,36.354,31.61,28.938,5.6715,22.072,21.577,5.7444,6.3398,2.0404,3.3363,3.8913,3.3043,12.994,19.13,20.323,22.713,32.077,28.186,27.615,29.967,12.541,15.07,14.668,14.771,14.775,10.084,9.7832,11.183,10.009,9.1823,11.207,11.742,19.228,15.881,16.448,17.815,17.559,16.43,4.969,2.2008,0.50402,1.4407,1.0961,2.1718,7.4005,4.7073,2.7748,1.5511,24.633,24.122,24.075,23.853,9.4313,6.271,3.9911,5.9332,2.5837,0.79503,19.723,154.88,178.07,117.8,118.68,118.99,112.56,86.75,74.921,57.552,41.34,57.592,40.691,21.801,13.317,24.218,23.603,10.374,14.51,255.46,200.02,179.22,179.26,109.55,129.69,121.72,125.25,117.13,170.45,90.111,81.33,93.745,45.311,92.093,61.283,66.433,24.488,39.721,9.3146,3.5016,12.895,2.4777,10.712,16.36,3.0866,6.616,3.9378,4.4479,29.238,30.1,27.831,26.588,27.988,28.607,30.379,29.999,13.988,13.998,15.049,10.476,9.2366,12.496,12.226,10.485,10.795,23.615,16.624,17.332,19.192,18.151,17.492,16.975,17.604,16.986,17.447,0.20352,13.518,14.351,14.869,14.315,4.0253,8.8296,20.775,14.825,10.138,10.288,9.8928,9.1351,3.3767,3.0128,28.994,30.075,14.278,14.936,0.71764,3.4517,13.513,13.083,13.167,14.639,13.853,13.695,3.6799,3.9726,3.45,3.5141,3.5254,3.3604,12.524,13.352,3.2602,3.3679,3.5822,3.7242,3.4019,3.485,3.5736,3.8964,2.8215,4.4082,3.3714,3.1925
