0,1.5613,19.917,53.521,289.66,200.5,130.68,76.383,64.425,46.224,186.95,175.95,219.17,111,126.01,95.537,94.863,84.57,96.994,84.163,60.473,65.822,65.224,43.515,36.437,54.687,90.194,58.498,36.088,32.047,39.384,2.2677,24.359,14.155,18.78,21.131,29.669,21.5,30.901,44.982,264.17,269.79,263.37,223.02,224.55,178.3,145.95,167.32,102.02,101.45,92.113,85.408,53.917,56.26,48.452,49.73,60.128,25.212,45.929,42.463,46.283,48.733,45.805,44.193,211.54,173.13,192.28,200.06,185.58,184.08,151.6,153.41,137.68,123.2,117.77,85.901,83.649,101.08,92.31,103.4,97.552,89.512,98.455,95.272,83.816,75.705,89.833,81.961,81.125,80.875,77.409,60.595,20.025,38.734,33.313,49.473,51.465,49.268,34.835,55.808,53.808,47.616,37.558,51.812,55.487,46.099,81.547,50.311,56.17,56.388,56.696,54.942,53.153,52.622,50.476,52.143,55.372,49.465,50.441,51.169,49.585,55.816,46.054,53.098,68.776,52.334,54.643,73.404,53.716,57.957,51.568,58.653,54.889,41.099,43.476,38.185,32.016,34.133,4.7662,2.5636,2.7984,13.799,10.631,9.1518,13.226,6.7263,8.1113,21.928,25.368,38.502,45.964,24.21,33.636,292.05,271.97,272.79,270.17,294.07,289.3,235.86,52.88,50.894,52.45,55.355,57.335,51.093,54.868,49.709,59.788,59.498,56.258,55.256,43.592,44.444,43.405,166.96,178.45,184.6,132.48,145.95,119.44,126.76,116.37,92.307,104.07,96.222,98.239,101.37,95.253,86.822,84.585,85.746,95.724,79.002,76.78,88.171,94.909,51.078,85.037,78.326,64.471,73.859,76.655,57.711,46.57,53.546,54.278,49.725,47.494,45.384,65.716,52.008,53.132,53.908,46.849,60.667,52.824,44.508,52.03,52.941,45.524,55.883,51.345,64.97,47.631,61.458,47.633,51.524,51.309,62.422,72.256,73.19,58.904,56.669,61.648,57.735,57.758,58.019,47.907,40.933,31.654,30.373,32.929,129.07,121.45,42.969,43.756,41.967,43.823,40.493,51.362,46.216,42.853,38.129,109.11,115.7,57.804,53.263,55.77,54.373,44.891,44.241,47.761,51.447,32.159,43.592,32.373,31.286
1.5613,0,32.594,69.693,328.08,236.22,157.13,96.242,84.16,62.217,221.39,209.6,254.37,137.63,154.5,114.29,113.12,108.81,115.52,108.3,77.262,87.077,80.656,54.698,51.514,73.988,111.14,74.595,47.309,43.432,50.829,3.5407,30.525,25.101,27.999,29.042,39.656,32.562,42.149,62.982,300.7,305.86,299.96,259.93,260.12,207.05,173.81,197.76,128.43,127.41,112.72,104.09,71.196,72.982,64.22,65.245,78.164,39.159,61.589,58.307,61.976,64.669,61.47,59.537,242.21,206.09,226.53,235.2,219.82,217.47,181.83,181.43,167.06,150.8,144.63,110.04,107.36,120.2,117.56,122.96,116.29,114.38,117.08,113.57,100.66,98.607,108.52,105.89,104.7,97.318,93.867,73.822,32.476,48.27,42,61.334,63.485,60.757,51.144,68.542,65.969,59.3,53.73,70.44,74.656,61.349,104.63,67.917,75.259,74.377,74.698,72.937,70.514,71.268,68.642,70.715,74.269,67.545,68.631,69.66,67.783,73.93,62.83,72.505,90.388,71.475,72.208,95.934,68.549,73.692,66.271,74.748,71.201,58.187,57.981,51.337,42.59,44.794,11.638,8.0723,4.8474,12.998,10.959,14.194,23.875,14.409,15.838,33.775,29.978,52.329,59.761,34.302,46.788,330.7,308.71,309.47,307.53,330.43,327.38,270.5,70.044,66.858,68.974,72.252,74.396,67.012,71.488,65.618,77.419,77.436,73.214,72.113,59.143,59.587,58.652,198.95,207.56,213,162.11,177.03,147.06,155.25,143.83,117.57,123.47,114.9,116.96,120.85,113.55,111.38,108.85,110.15,114.14,102.54,99.935,112.73,113.67,70.298,101.91,94.515,85.915,96.305,92.309,77.997,64.679,73.311,74.101,61.995,59.405,62.21,82.656,69.915,65.818,73.195,64.332,79.662,70.837,60.572,69.644,70.889,62.322,73.926,69.773,85.859,65.304,80.364,64.234,69.678,69.971,82.912,94.642,95.726,75.407,73.285,78.359,74.005,73.834,73.975,61.606,53.668,43.206,41.526,44.567,152.9,149,58.287,59.191,56.572,59.156,55.252,68.538,61.967,57.887,52.553,135.68,143.23,76.024,71.079,73.708,72.065,56.683,55.548,59.829,64.733,43.603,58.968,43.738,42.851
19.917,32.594,0,24.636,184.55,101.56,66.073,34.642,22.12,17.382,92.541,84.07,123.81,44.033,52.345,59.316,60.506,24.831,61.699,24.879,29.704,17.038,40.039,33.087,10.195,12.964,45.109,30.288,24.968,19.961,27.664,24.304,31.219,0.82908,13.67,21.233,22.708,9.5354,19.241,7.3366,165.65,173.34,164.52,120.59,127.95,107.1,76.577,88.667,34.783,36.32,48.473,48.908,20.643,25.426,20.724,23.112,24.376,1.6275,18.397,13.82,18.65,20.364,18.241,17.749,134.17,84.115,99.198,103.65,91.966,94.065,72.699,83.852,61.252,53.219,50.457,26.958,26.353,63.715,29.062,64.488,61.502,27.619,62.864,60.798,54.302,20.866,53.567,23.264,24.049,52.727,49.012,43.525,1.919,34.159,31.518,36.88,38.395,38.057,2.3299,40.313,40.352,35.568,6.8058,12.635,14.489,20.213,26.836,15.309,15.619,20.469,20.757,18.853,19.473,13.491,13.116,13.262,15.544,12.331,12.97,12.495,11.952,19.325,13.994,10.543,18.844,10.904,20.285,19.937,30.068,31.118,28.268,30.464,25.559,6.8942,20.29,19.816,23.028,24.984,5.4151,8.6202,19.769,44.74,37.287,18.634,0.79438,5.4717,7.1195,6.8589,37.993,17.522,25.743,16.343,14.834,186.07,172.93,174.01,168.54,197.43,185.57,143.73,19.972,22.604,22.075,23.745,25.24,23,24.32,21.532,25.627,24.084,24.492,23.802,16.262,18.825,17.273,81.721,105.81,115.05,54.318,62.614,48.94,53.213,46.298,28.97,65.797,60.338,62.286,62.672,60.77,25.952,24.723,25.414,60.817,21.638,20.893,27.609,58.644,8.9206,55.457,51.009,14.397,20.892,51.287,11.89,8.7816,9.174,9.8761,35.604,34.582,13.032,34.736,15.952,37.652,12.109,11.916,21.046,16.42,15.199,17.197,16.822,13.311,19.694,12.979,17.742,11.99,22.286,16.476,14.361,11.892,16.594,19.266,19.65,29.138,26.284,31.27,28.793,29.58,30.324,28.211,24.411,18.894,19.026,19.948,74.847,51.518,16.507,16.908,18.244,17.388,16.016,18.252,18.349,17.517,14.745,42.184,45.199,21.086,17.729,19.999,19.467,32.257,33.39,34.275,33.581,19.86,16.964,20.395,18.439
53.521,69.693,24.636,0,96.026,61.613,18.397,2.3175,3.0384,0.66137,53.895,50.051,61.111,18.892,25.894,7.5464,7.9262,18.927,8.372,18.008,0.24895,10.24,2.2438,4.9038,3.1412,6.979,4.8192,0.32358,3.9634,3.7732,3.8002,43.93,16.06,21.77,9.5178,11.245,6.1376,7.2191,4.0527,10.079,81.346,83.616,81.064,69.031,63.788,36.515,24.235,34.6,23.648,19.042,5.211,4.2676,0.56744,0.048626,0.17145,0.077139,0.65603,13.697,0.45492,1.624,0.41603,0.20446,0.47968,0.58132,52.254,45.389,52.366,57.634,52.596,47.59,31.677,26.594,28.436,21.24,18.553,15.586,13.711,9.1877,21.156,9.5714,8.3201,20.001,8.8077,8.0327,5.9071,14.721,5.636,18.81,15.123,5.4914,4.3104,4.7416,13.641,7.9447,9.3519,4.6698,4.7988,5.4363,18.457,4.4095,5.0915,4.6356,6.5542,5.4755,5.3595,0.28499,10.471,2.2432,4.4487,1.1203,1.0777,1.4882,0.81571,4.8692,4.1837,4.875,4.095,4.565,4.3244,5.2771,5.0821,1.4936,2.0196,10.374,10.036,8.7549,0.80834,13.589,0.71259,0.4929,0.58743,0.34289,0.0094862,8.0802,0.54551,1.5584,5.018,4.8899,37.85,35.31,68.653,46.772,41.574,22.765,24.182,24.113,20.269,7.68,21.641,1.2421,0.98768,6.6479,2.2987,97.525,85.324,85.667,85.296,96.741,95.396,66.102,0.60689,0.044368,0.12439,0.12115,0.1299,0.03134,0.040325,0.1047,0.3525,0.60815,0.11286,0.10731,0.86677,0.45788,0.67777,40.063,36.71,39.346,32.534,39.114,22.308,25.561,22.343,21.439,10.021,7.8955,8.6036,8.888,8.0224,19.848,19.302,19.407,8.0445,18.312,16.461,17.609,7.3142,12.541,6.2919,5.0176,15.459,12.035,5.3298,12.593,8.156,15.753,14.095,3.8826,4.1386,2.4925,0.86732,2.3339,3.8317,7.8104,3.8689,2.1507,2.2822,1.2273,1.5789,2.0559,2.336,1.3332,4.777,8.0889,4.1063,1.7656,1.0684,3.4224,6.1995,7.6149,13.583,14.003,0.18889,0.045169,0.39654,0.16739,0.25498,0.35034,1.263,1.923,3.6103,4.2284,3.3891,16.411,21.294,0.82119,0.72908,0.70757,0.6458,1.0386,0.95046,0.46294,0.67602,1.4624,19.292,23.282,1.222,1.6176,1.1675,1.0642,3.8927,4.7681,3.8781,2.3886,3.6902,0.72193,3.7756,3.6387
289.66,328.08,184.55,96.026,0,24.041,31.241,69.005,81.868,104.59,25.281,30.291,7.1031,50.031,44.41,64.337,67.068,81.309,65.19,80.203,88.325,90.263,91.514,128.63,121.02,99.743,57.976,92.223,133.62,136.56,129.61,269.83,181.9,189.17,166,170.77,147.21,153.93,138.55,118.37,0.62324,1.0468,0.63351,14.083,6.2398,15.551,24.403,17.381,68.18,61.055,57.871,67.637,93.684,92.047,102.19,101.52,85.978,154.98,105.39,110.36,104.89,101.53,105.54,108.12,9.6563,25.812,17.897,18.347,24.603,18.668,26.933,21.585,35.992,40.516,42.423,73.908,73.56,61.318,75.625,58.703,64.004,77.046,64.403,66.794,77.375,85.15,66.148,84.388,79.02,80.417,81.321,106.75,163.85,143.51,153.63,120.75,118.71,123.45,148.67,111.93,116.7,122.9,123.54,101.38,96.24,106.04,71.011,99.37,94.066,90.484,90.08,92.524,94.647,99.408,101.41,100.07,94.659,103.33,101.65,101.98,103.89,91.39,105.2,107.48,86.13,105.81,92.683,86.139,100.93,94.057,103.05,92.123,94.381,120.65,111.05,121.67,141.24,138.78,240.25,241.17,314.92,270.33,260.11,212.11,195.52,209.66,200.82,152.24,196.05,118.9,111.55,152.99,127.34,0.0097506,0.46409,0.51895,0.36543,2.9941,0.064293,2.7854,95.044,99.131,96.287,92.542,90.261,99.046,93.608,100.5,86.828,86.743,91.522,92.721,108.66,108.21,109.31,23.971,14.783,16.113,48.067,44.199,46.006,43.091,49.402,76.129,59.377,64.59,63.956,59.494,66.786,80.12,81.954,80.684,66.067,87.261,86.813,74.549,64.465,114.07,76.887,82.578,101.07,82.949,86.219,105.04,112.87,116.46,112.42,117.87,121.43,106.6,84.221,97.132,113.44,102.11,106.07,85.703,95.978,107.08,96.466,95.612,106.25,91.216,101.02,87.917,105.28,84.47,102.38,98.998,103.15,90.478,87.596,87.12,90.461,91.951,87.732,92.153,92.84,93.111,110.54,120.98,136.15,139.64,134.29,36.171,42.385,109.8,108.56,112.48,108.62,114.07,97.087,104.89,110.41,118.02,52.719,51.637,88.724,94.833,91.292,93.075,123.71,127.35,120.24,110.56,136.13,108.87,136.32,136.51
200.5,236.22,101.56,61.613,24.041,0,17.33,41.368,40.966,62.273,0.25923,0.82592,6.0325,13.448,8.6658,56.507,60.178,26.021,58.981,25.913,58.592,36.638,70.503,99.054,69.236,45.802,38.059,63.179,96.827,94.889,95.636,194.78,140.53,110.34,112.8,123.76,106.28,98.41,95.908,55.996,20.91,26.896,20.052,1.3927,6.5487,24.059,14.817,8.8669,17.59,16.748,41.024,52.668,54.408,58.238,63.783,65.669,50.167,84.284,64.385,63.54,64.171,62.684,64.351,66.421,29.044,1.2481,1.1438,0.54774,0.36051,1.7735,5.3742,16.897,6.4105,10.551,12.57,24.138,25.174,56.161,22.091,53.827,57.597,23.32,58.901,60.081,66.646,30.448,54.482,27.725,26.938,68.626,66.981,87.3,93.88,112.38,118.65,95.049,94.352,98.254,73.295,89.715,93.98,95.962,64.64,48.793,45.49,67.134,26.524,52.972,45.385,50.296,50.221,50.344,53.926,48.283,50.719,48.727,46.308,51.486,50.662,49.481,51.116,49.647,57.919,47.674,34.43,48.055,52.732,31.736,71.596,65.77,72.066,63.236,60.849,60.073,72.148,81.628,101.6,101.22,150.91,157.95,210.3,213.48,200.71,151.66,114.3,133.96,130.63,93.375,156.27,76.695,77.86,105.13,81.55,24.013,24.014,24.823,19.38,39.779,25.849,16.856,55.083,62.685,59.088,56.926,56.097,63.024,58.723,62.934,52.682,50.713,56.65,57.186,65.127,67.762,67.061,2.6011,21.708,29.847,7.3465,4.8281,10.664,8.5549,11.416,22.214,55.404,57.456,58.056,53.503,60.054,24.954,26.176,25.458,59.331,29.565,30.326,23.295,56.193,50.504,66.923,69.602,39.506,31.086,73.347,44.133,53.856,49.787,48.099,91.564,93.938,57.864,58.882,51.212,89.143,46.483,54.668,44.803,50.552,61.989,52.63,50.834,57.956,50.023,49.532,37.252,53.658,45.225,58.591,50.324,49.081,39.238,32.561,32.011,60.294,59.033,59.444,61.72,63.159,64.112,79.081,85.287,93.529,96.632,92.931,33.735,10.671,66.614,65.846,71.343,66.497,70.321,55.052,63.802,68.462,72.652,13.892,11.587,48.995,51.439,50.598,52.014,94.161,98.181,92.667,83.472,94.43,66.227,95.083,93.398
130.68,157.13,66.073,18.397,31.241,17.33,0,7.6647,12.123,21.606,13.769,13.482,12.566,5.6998,6.757,11.277,12.939,17.805,12.374,16.955,15.562,17.877,19.518,37.408,29.3,20.7,4.8787,17.587,38.175,38.717,36.61,118.4,66.966,67.473,54.038,58.215,45.189,46.664,39.664,29.935,23.332,25.598,23.053,18.185,13.757,5.4038,0.42193,2.5854,14.678,9.8574,5.5193,10.031,16.79,16.602,20.82,20.854,13.676,48.118,22.093,24.169,21.878,20.448,22.149,23.364,12.455,9.6875,10.735,13.517,12.893,8.6077,3.5953,1.0668,5.0016,3.3875,2.931,13.386,12.466,11.099,16.502,10.084,11.744,16.557,12.333,12.89,16.244,17.566,10.549,19.008,15.24,17.325,16.742,28.4,52.473,45.904,50.891,34.109,33.405,35.886,46.804,30.282,32.85,34.931,31.149,20.925,18.681,22.651,10.179,19.265,17.491,15.391,15.227,16.247,17.153,19.893,20.571,20.18,17.646,21.508,20.711,21.123,21.898,15.773,21.815,25.255,16.087,23.935,16.326,17.504,21.935,18.678,22.627,17.574,17.75,30.282,25.199,30.659,41.939,41.017,98.735,98.835,148.23,123.01,114.99,81.958,71.4,79.05,73.68,45.559,76.926,28.816,26.497,47.133,32.858,32.017,25.837,26.161,25.054,35.079,31.223,15.482,17.356,19.592,18.144,16.591,15.728,19.611,17.178,20.105,14.193,13.985,16.214,16.683,23.48,23.54,23.899,6.5471,4.8831,7.973,11.169,12.933,5.7302,6.1413,6.963,16.831,10.785,11.691,11.949,9.9334,12.878,17.729,18.232,17.762,12.542,19.969,18.986,14.508,11.148,28.952,16.33,17.931,24.525,15.566,19.863,25.055,26.826,31.276,28.844,32.216,33.875,22.503,14.605,18.31,30.378,22.004,22.539,13.51,17.806,22.659,17.929,17.615,22.322,15.694,20.565,16.102,22.244,12.98,20.519,19.335,21.917,16.998,18.102,18.078,16.49,16.696,15.583,17.251,17.747,18.036,26.51,31.205,38.284,40.223,37.476,3.1686,4.0372,24.059,23.491,25.619,23.57,26.14,18.189,21.842,24.476,28.003,6.8448,8.1977,14.669,17.233,15.724,16.471,34.519,36.784,33.156,27.799,38.463,23.646,38.67,38.394
76.383,96.242,34.642,2.3175,69.005,41.368,7.6647,0,1.8955,3.795,35.142,32.527,39.633,9.7389,14.599,4.911,5.7676,13.893,5.8565,13.012,1.5126,8.401,4.3358,12.396,8.0354,7.3394,0.69078,2.303,11.977,11.986,11.344,66.009,30.058,33.378,21.043,23.742,15.848,16.875,12.494,12.547,56.726,59.07,56.434,46.562,41.791,21.481,11.599,19.008,15.835,11.236,1.2141,2.2721,2.0317,1.7066,3.2505,3.2372,1.0073,21.328,3.8574,5.2763,3.7587,3.1311,3.8908,4.3888,34.22,28.246,33.18,37.534,34.007,29.362,17.334,13.403,15.668,10.488,8.611,10.236,8.7254,5.9295,14.866,5.8101,5.5927,14.147,6.1292,5.8203,5.6253,11.132,3.3769,14.236,10.581,5.7371,4.7385,9.1666,22.88,17.392,20.044,11.105,10.95,12.244,23.825,9.5992,10.958,11.363,10.786,6.4801,5.6182,3.9796,5.8834,3.9007,4.6342,1.8653,1.7831,2.3832,2.302,5.7392,5.5533,5.844,4.4691,6.1207,5.6899,6.4266,6.5791,2.2209,4.67,11.075,7.6488,9.5922,2.0081,10.392,4.1219,2.8165,4.2708,2.3127,2.101,11.423,5.0685,7.6767,13.974,13.587,54.815,53.314,92.182,69.736,63.482,39.507,36.306,39.108,34.785,16.724,37.247,6.7782,5.8913,16.784,8.8677,70.241,60.215,60.561,59.853,71.023,68.62,44.077,2.2528,2.7511,2.2676,1.7244,1.437,2.7557,1.8955,2.9602,1.0233,1.0857,1.5925,1.7499,4.5882,4.3911,4.6368,23.754,21.395,24.288,20.365,25.218,11.946,14.18,12.378,15.161,6.3634,5.2927,5.8544,5.3047,5.809,14.454,14.28,14.184,5.7016,14.252,12.732,11.913,4.7102,13.746,5.9122,5.6386,14.03,8.7327,6.5387,12.403,10.24,16.594,14.687,9.9084,10.657,5.201,1.6198,3.6192,9.2373,8.3192,6.056,1.8316,3.4103,4.4998,3.0279,3.2058,5.0419,2.0973,5.9189,6.4261,6.0978,1.4163,3.6411,4.6475,7.2811,6.4405,10.596,10.854,1.8047,1.7503,1.6338,2.0631,2.3087,2.4833,6.1015,8.1658,11.712,12.804,11.295,7.7008,10.734,4.7736,4.5156,5.2936,4.4991,5.6583,2.7454,3.7706,4.8487,6.5816,10.379,13.396,1.675,2.8064,2.0093,2.2088,10.705,12.089,10.229,7.3453,11.841,4.568,11.976,11.763
64.425,84.16,22.12,3.0384,81.868,40.966,12.123,1.8955,0,2.2796,34.726,30.998,45.946,7.6374,12.347,12.738,13.969,6.9112,14.197,6.3396,3.4505,2.5254,9.0684,15.558,3.9871,1.7833,4.5796,4.5842,13.054,11.625,13.183,58.171,30.881,22.414,17.82,22.575,15.994,12.598,11.883,4.8395,68.908,72.948,68.35,49.174,48.423,31.908,17.007,24.182,9.7493,7.0525,6.0565,8.0604,1.1206,2.4857,2.9062,3.6818,0.93431,12.076,2.7896,2.496,2.7656,2.6258,2.7693,3.1867,47.372,28.271,35.183,39.047,33.857,31.502,18.797,20.188,15.001,10.087,8.3963,4.8636,3.8405,14.448,8.178,14.318,13.833,7.4828,14.653,14.065,13.02,4.5998,10.115,6.9247,4.6616,12.91,11.175,14.81,14.153,20.453,22.175,15.237,15.437,16.6,12.73,14.551,15.886,15.177,4.4621,1.4545,1.0085,3.602,2.2532,0.87167,0.63654,0.54266,0.55225,0.48595,0.95794,1.1313,1.171,1.1892,0.60668,1.426,1.2179,1.4568,1.5919,0.42428,1.5613,3.8086,2.2521,2.9736,0.84292,4.0238,6.5861,5.3916,6.2881,4.6398,3.0458,4.4231,4.8493,7.4117,14.37,14.56,41.688,42.233,75.671,67.57,60.344,35.076,24.72,29.735,26.987,11.318,38.856,5.7504,7.3206,14.914,6.9499,83.043,73.291,73.866,71.493,87.987,82.057,54.867,1.169,2.9308,2.1128,1.9466,2.0423,3.0665,2.3862,2.8283,1.5141,0.97003,2.0164,2.0043,2.8155,3.5927,3.2972,24.903,31.291,36.292,16.442,21.378,9.9913,12.277,9.6995,8.3593,15.164,13.336,14.244,13.509,14.048,7.4414,7.1524,7.1857,13.915,6.726,5.6338,6.0259,12.409,5.4382,13.52,12.524,5.83,3.1138,13.566,4.6358,3.4742,7.2766,6.0356,13.784,14.265,1.6636,4.7901,0.66427,13.601,2.2802,1.612,0.092257,0.57533,2.1702,0.73426,0.57067,1.6385,0.47396,1.2514,1.4793,1.5525,0.17188,1.5742,0.8482,1.8219,1.4121,4.0768,4.2817,3.6774,2.808,4.0036,3.9085,4.4113,4.8072,8.1922,9.2418,11.043,12.107,10.969,16.012,9.84,3.1507,3.0021,4.4077,3.1772,3.9895,1.062,2.6608,3.6403,4.5184,7.6435,10.108,0.43578,0.5975,0.55158,0.69746,13.747,15.343,13.779,10.78,11.458,3.0896,11.745,10.95
46.224,62.217,17.382,0.66137,104.59,62.273,21.606,3.795,2.2796,0,54.503,49.978,65.708,18.245,25.221,12.479,13.063,15.326,13.599,14.585,1.6477,7.1894,5.2423,6.8339,0.95757,4.0502,7.507,1.9012,4.6673,3.6359,4.9606,39.049,16.444,15.375,7.6219,10.517,6.2518,4.7653,3.7637,5.8391,89.442,92.696,89.007,71.505,68.586,43.317,28.05,38.364,20.647,17.146,8.449,7.9974,0.30531,0.76287,0.19201,0.55371,0.91291,8.4109,0.045877,0.21288,0.052087,0.13588,0.039159,0.082528,60.724,46.208,54.392,59.403,53.354,49.669,33.25,31.225,28.727,21.626,19.025,12.929,11.326,14.54,17.761,14.932,13.495,16.608,14.146,13.196,10.52,11.339,9.925,15.004,12.124,9.961,8.3469,8.2022,8.6136,9.7596,10.591,7.1946,7.5379,8.0803,12.166,7.446,8.095,6.9666,3.0676,2.8363,2.9834,0.26843,8.8037,0.74507,2.4303,0.63983,0.65175,0.66952,0.3014,2.4765,1.9076,2.4522,2.1498,2.1021,1.9963,2.6661,2.4509,0.73826,0.44652,6.4418,7.2795,5.195,0.40623,10.292,2.3552,2.2313,1.9626,1.9474,0.80749,4.2267,0.59713,1.5374,5.2987,5.5136,30.044,28.663,58.692,45.16,39.429,20.018,17.41,18.545,15.629,4.5877,22.435,0.79471,1.9861,5.5785,1.3045,106.06,93.954,94.43,93.102,107.65,104.28,73.316,0.23917,0.38013,0.28203,0.51346,0.75327,0.44275,0.58133,0.2551,0.92768,0.83661,0.62584,0.51715,0.038955,0.19003,0.09471,41.51,43.211,47.064,30.915,37.593,21.781,25.093,21.384,17.978,15.549,12.953,13.866,14.067,13.182,16.239,15.615,15.801,13.193,14.367,12.755,14.663,12.172,7.9895,11.032,9.3094,11.046,9.1758,9.6872,8.3956,4.4746,10.625,9.3611,6.2695,6.356,0.66871,2.9968,0.88954,6.5203,4.5967,1.5335,1.4589,0.91203,0.088931,0.51403,0.80126,0.59019,0.67753,2.3419,5.5724,1.7177,1.3622,0.10282,1.4892,3.3061,5.0369,10.192,10.585,1.5396,0.91984,2.047,1.4942,1.7267,1.9484,2.6475,2.6774,3.2971,3.8855,3.2809,21.8,21.388,0.073758,0.049994,0.37,0.076103,0.24535,0.23014,0.032219,0.16303,0.42556,18.27,21.966,0.79843,0.60947,0.60578,0.46253,5.7725,6.7563,6.0668,4.5502,3.5421,0.061523,3.7142,3.2412
186.95,221.39,92.541,53.895,25.281,0.25923,13.769,35.142,34.726,54.503,0,0.25456,6.0224,10.02,5.9996,49.775,53.241,21.666,52.153,21.513,51.115,31.054,62.446,89.279,61.117,39.419,32.257,55.416,87.088,85.23,85.981,181.07,128.73,100.6,102.28,112.69,96.048,88.656,86.195,49.102,21.384,27.167,20.557,2.1129,6.6864,21.375,11.82,6.9246,14.11,13.067,35.077,45.925,47.157,50.743,55.911,57.686,43.217,75.753,56.475,55.722,56.275,54.881,56.444,58.384,27.122,0.38248,0.78366,0.55722,0.016471,1.0655,3.3832,13.95,4.0925,7.5026,9.221,19.725,20.583,49.574,18.143,47.416,50.854,19.217,52.112,53.158,59.139,25.542,47.732,23.244,22.301,60.958,59.327,78.335,84.734,101.94,107.87,85.542,84.906,88.593,65.744,80.556,84.588,86.386,56.989,42.13,39.044,59.05,21.665,45.874,38.901,43.339,43.268,43.394,46.713,41.623,43.862,42.038,39.744,44.597,43.816,42.762,44.278,42.745,50.483,41.351,28.988,41.616,45.6,26.677,63.316,57.856,63.737,55.472,53.186,52.801,63.759,72.689,91.607,91.249,139.53,146,196.98,198.87,186.57,139.46,104.45,122.88,119.55,83.951,143.83,68.038,69.167,94.955,72.625,25.35,24.565,25.349,20.197,40.138,26.943,16.57,47.787,54.888,51.521,49.509,48.743,55.206,51.189,55.117,45.561,43.723,49.254,49.752,57.18,59.639,58.985,1.3276,19.178,27.008,5.1586,3.233,7.6423,5.8823,8.3309,18.273,48.926,50.69,51.305,47.061,53.132,20.727,21.832,21.171,52.457,24.927,25.529,19.057,49.463,44.113,59.427,61.834,34.022,25.986,65.358,38.172,46.998,43.628,41.958,82.226,84.456,50.453,51.454,44.236,79.97,40.099,47.533,38.259,43.618,54.256,45.528,43.872,50.531,43.09,42.784,31.511,46.601,38.64,51.074,43.457,42.436,33.335,27.445,26.956,52.7,51.493,51.93,54.032,55.389,56.292,70.342,76.165,83.94,86.881,83.375,29.068,7.6069,58.57,57.849,63.001,58.456,62.049,47.766,55.93,60.299,64.247,10.446,8.5377,42.13,44.419,43.621,44.937,84.636,88.456,83.249,74.552,84.794,58.205,85.415,83.817
175.95,209.6,84.07,50.051,30.291,0.82592,13.482,32.527,30.998,49.978,0.25456,0,8.3841,7.9023,4.2904,48.585,52.039,17.577,51.056,17.487,47.768,26.558,59.569,84.925,55.646,34.541,30.473,52,82.147,79.919,81.312,171.18,122.49,92.153,95.63,106.31,90.543,82.148,80.779,43.295,25.741,31.898,24.855,3.8306,9.2287,23.347,12.145,7.8069,10.801,10.193,33.485,44.136,43.115,47.049,51.665,53.604,39.598,68.523,51.997,50.799,51.826,50.63,51.951,53.791,30.339,0.40563,1.6825,1.5332,0.29823,1.798,3.1565,14.705,3.0519,6.1055,7.6992,16.07,16.965,48.672,14.381,46.615,49.778,15.371,51.09,51.977,57.363,21.258,46.215,18.984,18.354,59.023,57.184,75.184,77.292,97.156,102.61,81.629,81.133,84.654,58.56,77.088,80.974,82.339,51.134,37.24,34.404,54.67,18.252,41.308,34.416,39.352,39.31,39.244,42.567,36.857,39.044,37.241,35.251,39.669,38.979,37.855,39.295,38.653,45.693,36.01,24.715,36.396,41.555,22.349,59.646,54.436,59.908,52.068,49.44,46.975,59.244,67.833,86.316,86.143,129.48,136.2,184.8,190.09,177.79,131.45,95.751,114.1,111.23,77.311,137.44,63.127,64.951,88.9,67.297,30.401,29.228,30.064,24.601,45.819,32.034,20.072,43.668,50.84,47.513,45.698,45.081,51.184,47.389,50.966,42.006,40.068,45.516,45.941,52.474,55.113,54.33,1.4356,21.086,29.347,3.2473,1.6978,5.8087,4.2711,6.2487,14.483,48.172,49.543,50.268,46.154,51.949,16.705,17.707,17.117,51.295,20.512,21.143,15.356,48.238,38.43,57.72,59.754,28.908,21.851,63.19,32.901,41.486,37.789,36.322,78.338,80.405,45.552,48.496,39.763,76.322,35.08,42.532,34.397,39.205,49.515,41.173,39.5,45.662,39.03,37.948,27.191,41.618,34.898,46.538,38.803,37.431,28.896,23.039,22.572,49.265,47.853,48.688,50.533,51.917,52.854,66.291,71.59,78.581,81.418,78.135,29.246,6.057,53.851,53.189,58.32,53.826,57.182,43.479,51.461,55.629,59.186,8.1339,6.2994,38.223,40.137,39.583,40.824,80.394,84.157,79.22,70.784,79.491,53.541,80.135,78.42
219.17,254.37,123.81,61.111,7.1031,6.0325,12.566,39.633,45.946,65.708,6.0224,8.3841,0,20.395,16.314,43.963,46.853,41.097,45.472,40.415,56.069,49.052,62.693,93.053,76.965,57.194,33.03,59.884,94.544,95.202,92.048,206.05,137.52,129.41,117.7,124.7,105.37,105.61,96.632,70.914,4.7458,7.6074,4.3751,2.342,0.034136,9.2069,8.691,3.7564,31.574,27.244,34.221,43.734,57.067,57.76,65.083,65.506,51.511,101.01,66.947,69.192,66.608,64.309,67.01,69.149,9.7925,5.8818,2.5585,3.0404,5.6028,2.7451,6.8169,8.3572,11.444,14.699,16.216,36.326,36.396,42.474,36.878,40.258,44.314,37.976,45.089,46.687,54.428,44.412,43.86,43.313,39.968,56.709,56.378,77.357,109.32,106.18,113.9,87.477,86.185,90.198,93.846,80.889,85.062,88.917,76.672,59.085,55.168,68.373,35.368,59.475,53.956,53.853,53.617,54.924,57.375,57.836,59.759,58.347,54.593,61.062,59.868,59.642,61.24,54.075,64.371,62.134,46.075,61.3,55.909,45.321,67.683,61.868,68.917,59.86,59.982,73.519,72.932,82.18,100.38,98.987,172.89,175.97,237.17,214.18,203.4,157.74,134.41,149.45,143.33,102.77,151.51,78.761,75.547,107.82,85.041,7.2388,6.3067,6.6959,4.37,15.065,7.8106,2.726,58.023,63.099,60.226,57.48,56.007,63.193,58.735,63.889,52.929,52.11,56.859,57.674,68.918,69.725,70.011,5.0092,7.8861,12.11,18.23,15.903,17.582,15.58,19.583,37.205,41.278,44.508,44.503,40.455,46.671,40.158,41.517,40.602,46.021,45.445,45.356,36.495,43.877,66.772,54.333,58.138,56.1,43.32,61.505,59.688,67.124,67.978,65.12,84.546,87.311,65.09,54.201,57.653,81.352,58.731,63.659,49.333,56.804,66.89,57.826,56.715,64.937,54.126,59.14,47.929,62.874,48.855,63.149,58.325,60.152,49.967,46.382,45.961,57.82,58.036,56.134,59.241,60.177,60.709,75.569,83.356,94.429,97.488,93.24,21.507,15.684,70.085,69.149,73.336,69.435,73.743,59.061,66.46,71.129,76.698,21.953,20.855,52.456,56.531,54.383,55.837,88.515,92.045,86.179,77.473,94.794,69.454,95.16,94.557
111,137.63,44.033,18.892,50.031,13.448,5.6998,9.7389,7.6374,18.245,10.02,7.9023,20.395,0,0.56371,23.777,26.149,3.937,25.791,3.6357,18.091,6.2985,27.064,42.756,21.659,9.9194,10.275,20.798,39.903,37.93,39.632,105.9,68.881,48.352,48.555,56.463,45.456,39.126,38.462,15.584,41.175,46.439,40.428,19.382,22.095,21.172,7.593,9.0298,2.0949,0.62946,12.611,19.004,14.317,17.13,19.518,20.951,12.563,31.592,19.55,18.632,19.46,18.846,19.511,20.626,32.71,6.8892,11.206,13.029,9.6312,9.4241,3.6298,10.607,1.4484,0.51562,0.47444,2.3224,2.301,24.752,3.0186,23.665,24.963,3.1622,26.056,26.172,28.231,4.6455,21.168,4.6084,3.2982,28.977,27.116,37.799,37.044,51.282,54.763,41.058,40.949,43.269,26.788,38.543,41.142,41.348,19.426,11.148,9.5582,21.356,2.2685,13.077,9.4396,12.116,12.109,11.975,13.919,10.838,11.966,11.053,9.8528,12.373,11.948,11.46,12.241,11.66,15.593,11.494,5.2953,11.331,13.376,4.9137,25.62,22.444,25.554,20.864,18.616,17.273,24.271,29.819,42.565,42.634,76.367,80.186,120.59,120.61,110.76,74.901,51.236,63.093,60.448,35.965,80.399,26.569,28.517,43.89,29.152,50.671,45.205,45.933,41.856,61.239,51.05,31.147,14.598,19.174,17.077,16.131,15.912,19.427,17.219,19.153,14.108,12.81,16.096,16.284,19.727,21.528,20.935,5.8192,19.685,26.519,1.9379,3.6633,0.16146,0.55461,0.15877,3.1491,24.893,24.576,25.428,22.997,26.149,3.768,4.1078,3.8449,25.754,5.2445,5.0514,2.5005,23.426,13.409,28.682,29.116,8.8912,4.285,31.361,10.316,14.095,13.914,12.629,38.667,39.907,15.531,19.253,12.214,37.624,10.388,13.913,9.3868,11.905,17.877,13.017,12.069,15.587,11.891,11.434,6.1809,13.419,9.7262,16.126,11.744,11.384,6.9846,5.2674,5.1334,18.942,17.72,18.871,19.685,20.651,21.338,29.688,32.743,36.942,38.883,36.718,15.877,0.31696,20.595,20.203,23.521,20.627,22.666,14.389,19.215,21.766,23.886,0.05317,0.32735,11.51,12.442,12.221,12.905,39.583,42.276,39.069,33.359,37.631,20.425,38.112,36.8
126.01,154.5,52.345,25.894,44.41,8.6658,6.757,14.599,12.347,25.221,5.9996,4.2904,16.314,0.56371,0,29.652,32.343,5.6423,31.829,5.422,24.794,9.8604,34.746,52.894,29.034,14.672,14.603,27.936,49.894,47.738,49.534,121.33,81.889,57.794,59.492,68.306,56.132,48.896,48.337,20.989,36.65,42.288,35.845,14.059,17.811,21.21,7.8635,7.739,2.5541,1.4701,17.196,24.802,20.557,23.805,26.698,28.33,18.4,39.336,26.752,25.623,26.647,25.917,26.708,28.01,31.752,3.7808,7.4444,8.7008,5.7477,6.1801,2.242,10.866,0.44465,0.59787,1.0084,4.1854,4.4478,30.445,4.139,29.098,30.872,4.5105,32.047,32.346,35.226,7.1807,27.019,6.4838,5.4667,36.199,34.284,46.859,45.716,62.402,66.336,50.847,50.663,53.294,33.007,47.856,50.798,51.224,26.01,16.336,14.447,28.845,4.8682,18.996,14.412,17.906,17.897,17.728,20.084,16.04,17.469,16.296,14.949,17.909,17.431,16.733,17.689,17.348,22.005,16.081,8.6714,16.117,19.431,7.6818,33.527,29.817,33.513,28.007,25.546,23.267,32.216,38.573,52.904,52.955,88.125,92.882,135.04,137.61,127.04,88.271,60.819,74.586,72.009,45.197,94.387,34.873,36.984,54.384,37.808,44.904,40.606,41.382,36.801,57.101,45.669,27.675,20.897,26.268,23.815,22.668,22.373,26.556,23.938,26.261,20.22,18.703,22.61,22.847,26.953,29.056,28.369,3.3618,19.473,26.858,0.59468,1.452,0.1346,0.016142,0.1921,4.2529,30.437,30.511,31.356,28.461,32.322,5.283,5.7904,5.4505,31.856,7.3408,7.4022,4.0839,29.292,18.048,35.669,36.473,12.202,7.148,39.047,14.347,19.49,18.165,16.885,48.195,49.635,21.887,25.939,17.957,46.932,15.121,19.823,14.549,17.591,24.762,18.975,17.806,21.968,17.631,16.763,10.018,19.208,14.971,22.705,17.288,16.525,11.056,8.1132,7.886,25.813,24.475,25.646,26.694,27.792,28.564,38.254,41.827,46.631,48.809,46.376,18.736,0.39984,27.969,27.514,31.367,28.01,30.373,20.646,26.36,29.336,31.771,0.61376,0.28036,17.167,18.284,18.034,18.863,49.349,52.345,48.699,42.252,47.403,27.773,47.939,46.473
95.537,114.29,59.316,7.5464,64.337,56.507,11.277,4.911,12.738,12.479,49.775,48.585,43.963,23.777,29.652,0,0.059652,34.64,0.043801,33.228,5.0782,26.158,2.9257,11.695,20.335,23.778,2.9075,5.0388,14.583,16.929,12.84,78.541,30.96,54.871,29.602,28.51,19.409,27.863,17.774,31.84,52.346,51.822,52.501,57.445,45.771,16.627,14.3,23.153,36.07,28.282,1.7869,0.54825,10.298,7.0726,9.9926,8.629,8.2657,41.37,11.696,15.894,11.494,10.197,11.816,12.308,25.869,41.565,43.915,49.413,48.135,39.524,27.248,13.995,28.589,22.248,19.77,28.4,25.942,0.082544,35.568,0.15913,0.022653,34.654,0.067426,0.058777,0.60143,30.61,0.15671,35.37,29.372,0.89631,1.0664,5.3998,41.47,16.165,19.93,9.1535,8.5054,9.7854,47.759,6.7196,7.8764,9.8427,27.133,21.801,20.508,10.558,20.857,15.645,18.525,11.077,10.855,12.504,11.285,20.409,19.667,20.557,18.066,20.691,19.955,21.603,21.661,12.232,16.195,30.258,24.799,27.641,10.794,29.456,6.0425,4.9376,6.8423,4.9751,7.0352,29.218,11.087,13.204,17.386,16.124,78.027,72.728,118.72,72.452,68.203,48.232,58.658,56.732,49.943,29.822,36.259,13.791,9.0132,23.57,17.003,65.769,54.511,54.472,56.671,59.022,62.904,41.103,10.744,8.7479,9.0253,8.0426,7.2191,8.5266,7.6744,9.4261,7.2237,8.3705,7.6171,8.0003,13.494,11.59,12.733,34.894,17.531,16.801,38.527,43.857,26.168,28.679,27.673,36.048,0.18582,0.0073515,0.042128,0.099602,0.057767,35.381,35.267,35.026,0.039572,35.564,33.209,31.061,0.002164,34.493,0.56664,1.1459,35.535,26.58,1.5987,32.742,28.092,39.162,36.229,8.5344,9.5551,17.423,3.3032,15.372,7.266,25.514,19.982,12.119,15.018,14.498,13.615,14.471,17.04,11.805,20.591,22.564,20.263,10.886,13.449,17.836,23.301,22.542,29.839,30.243,5.3542,6.6331,4.4854,5.5588,5.3172,5.0929,8.1391,11.403,17.212,18.181,16.289,4.1403,23.251,13.346,12.964,12.407,12.603,14.07,12.187,11.713,12.649,15.477,25.393,29.683,10.85,13.344,11.412,11.594,10.448,11.296,9.2836,7.0904,16.842,12.937,16.706,17.495
94.863,113.12,60.506,7.9262,67.068,60.178,12.939,5.7676,13.969,13.063,53.241,52.039,46.853,26.149,32.343,0.059652,0,37.132,0.014071,35.671,5.4317,28.05,2.7679,11.011,21.034,25.32,3.7328,5.2443,14.121,16.644,12.335,77.391,29.704,55.618,29.263,27.745,18.844,27.933,17.493,33.394,54.84,54.066,55.034,60.997,48.688,18.039,16.091,25.387,38.821,30.763,2.4587,0.80817,11.027,7.5357,10.418,8.931,9.0309,42.426,12.179,16.585,11.974,10.666,12.306,12.754,27.311,44.745,47.098,52.793,51.541,42.555,29.836,15.668,31.259,24.601,21.984,30.708,28.131,0.13065,38.193,0.2785,0.036493,37.215,0.034322,0.00043906,0.39571,32.838,0.3186,37.846,31.645,0.64874,0.898,4.7889,42.229,15.223,18.947,8.4778,7.8188,9.0263,49.391,6.1007,7.1669,9.1717,28.246,23.178,21.93,10.903,22.813,16.648,19.87,11.965,11.735,13.452,12.073,21.745,20.902,21.886,19.366,21.945,21.204,22.952,22.964,13.19,17.071,31.995,26.699,29.267,11.596,31.607,6.0235,5.0536,6.8486,5.1754,7.4146,30.55,11.294,13.196,16.89,15.582,78.337,72.603,118.6,70.375,66.41,47.34,59.422,56.783,49.837,30.137,34.668,13.972,8.9335,23.232,17.167,68.545,56.946,56.874,59.356,60.99,65.52,43.434,11.472,9.1503,9.5535,8.5922,7.7555,8.9081,8.151,9.8521,7.8647,9.1243,8.1553,8.5399,14.033,11.961,13.177,37.799,19.057,17.993,41.576,47.134,28.687,31.332,30.24,38.687,0.24937,0.031756,0.037825,0.23738,0.00040336,37.928,37.779,37.547,0.0038391,37.999,35.537,33.49,0.075584,36.308,0.34431,0.88697,37.7,28.639,1.238,34.674,29.566,41.17,38.177,7.952,8.9424,18.353,3.5529,16.416,6.7005,27.103,21.112,13.214,16.067,15.178,14.543,15.489,17.951,12.733,21.898,24.3,21.435,11.915,14.188,19.009,24.729,24.221,31.982,32.415,5.668,7.0501,4.7813,5.8376,5.5376,5.2709,7.9746,11.188,16.986,17.893,16.042,4.9746,25.647,13.832,13.457,12.699,13.059,14.469,12.98,12.215,13.045,15.862,27.822,32.325,11.767,14.296,12.306,12.453,9.8746,10.622,8.7022,6.7191,16.569,13.416,16.404,17.287
84.57,108.81,24.831,18.927,81.309,26.021,17.805,13.893,6.9112,15.326,21.666,17.577,41.097,3.937,5.6423,34.64,37.132,0,37.143,0.014703,20.106,1.6263,31.642,42.313,14.884,4.2555,17.724,22.752,36.852,33.179,37.705,84.477,61.898,29.884,38.638,48.212,40.347,29.193,33.296,6.2698,70.238,77.32,69.206,36.622,43.464,42.459,21.902,24.886,0.83845,1.4575,21.027,27.237,13.08,17.631,17.918,20.169,12.926,17.431,16.958,14.007,16.987,17.163,16.855,17.64,58.82,18.039,25.774,27.618,21.47,23.559,14.649,26.766,9.1681,7.2952,6.9653,0.34547,0.63711,36.753,0.17007,35.962,36.335,0.074208,37.709,37.235,37.182,0.32064,30.604,0.029265,0.22799,37.363,34.581,41.955,22.478,49.535,51.236,42.327,42.781,44.556,11.985,41.471,43.632,42.087,10.555,5.6736,4.9956,19.344,1.7397,9.3971,5.5939,10.866,10.985,10.003,12.193,5.9041,6.9754,6.0071,6.0405,6.9257,6.8613,5.9581,6.508,9.9012,11.219,3.7436,1.4838,4.2092,12.022,0.53044,26.903,24.511,26.179,22.875,19.035,8.2035,21.927,26.452,38.19,39.052,52.253,57.685,88.756,104.87,94.601,60.473,31.769,44.305,43.681,25.165,73.299,22.719,27.751,36.308,23.694,82.042,75.549,76.526,70.828,96.226,82.808,57.099,13.061,18.377,16.256,16.054,16.437,18.763,17.283,17.923,14.895,13.049,16.316,16.218,16.167,18.909,17.705,17.694,40.559,49.552,5.7156,8.5851,4.9984,6.0693,3.9568,0.16951,37.449,35.656,36.977,34.852,37.206,0.016066,0.0029421,0.0044169,36.862,0.11502,0.19019,0.17036,34.129,4.2079,37.926,36.957,1.4154,0.78796,38.999,2.5592,6.0498,3.8257,3.4234,39.902,40.549,10.651,22.933,8.842,39.775,4.103,8.3558,8.3294,8.7605,13.979,10.271,9.131,10.855,10.299,6.2687,2.421,7.8698,9.2307,12.943,7.4812,5.3859,2.8371,0.58961,0.49607,20.67,18.498,21.376,21.212,22.364,23.246,29.689,30.772,31.919,33.541,32.192,30.98,6.4382,17.058,16.887,20.407,17.481,18.671,12.103,16.635,18.55,19.154,3.1481,3.4076,10.531,9.9485,10.764,11.205,39.423,42.038,39.749,34.763,32.894,17.112,33.51,31.606
96.994,115.52,61.699,8.372,65.19,58.981,12.374,5.8565,14.197,13.599,52.153,51.056,45.472,25.791,31.829,0.043801,0.014071,37.143,0,35.681,5.7834,28.281,3.1421,11.803,21.734,25.708,3.6613,5.6438,14.981,17.538,13.15,79.407,31.007,56.907,30.44,28.965,19.841,28.987,18.407,33.967,53.148,52.356,53.345,59.595,47.264,17.076,15.373,24.455,38.615,30.531,2.3838,0.86735,11.433,7.9323,10.934,9.4425,9.3431,43.4,12.729,17.177,12.519,11.174,12.857,13.336,26.09,43.77,45.945,51.579,50.461,41.47,29.046,14.89,30.615,24.101,21.541,30.674,28.117,0.059525,38.108,0.17053,0.0082163,37.162,0.0057528,0.0099583,0.55885,32.949,0.34537,37.895,31.678,0.85371,1.1265,5.3222,43.313,16.161,19.989,9.1796,8.4948,9.7524,50.223,6.6996,7.8159,9.8994,28.93,23.606,22.297,11.465,22.811,17.097,20.224,12.323,12.089,13.829,12.486,22.157,21.348,22.307,19.732,22.409,21.651,23.39,23.428,13.553,17.594,32.431,26.883,29.705,11.986,31.744,6.5257,5.4745,7.3771,5.5736,7.8408,31.177,11.915,13.935,17.829,16.494,80.05,74.365,120.84,72.379,68.349,48.917,60.758,58.299,51.297,31.161,36.079,14.678,9.5598,24.288,17.962,66.648,55.206,55.131,57.611,59.152,63.652,41.952,11.894,9.6322,9.9985,8.9924,8.1286,9.3895,8.566,10.349,8.1927,9.4464,8.5436,8.9425,14.616,12.546,13.772,36.869,18.081,17.006,41.02,46.45,28.237,30.807,29.829,38.605,0.14498,0.015337,0.0059008,0.14667,0.0099324,37.913,37.793,37.544,0.0041978,38.089,35.646,33.437,0.063799,36.796,0.49733,1.1235,37.993,28.759,1.5158,35.052,30.097,41.645,38.625,8.6273,9.6574,18.886,3.8501,16.837,7.3234,27.509,21.619,13.5,16.475,15.736,14.966,15.895,18.482,13.097,22.332,24.531,21.929,12.191,14.691,19.436,25.168,24.489,32.137,32.559,6.0465,7.4464,5.1251,6.237,5.9451,5.6812,8.587,11.917,17.876,18.818,16.913,4.5055,25.168,14.43,14.041,13.334,13.646,15.117,13.421,12.759,13.653,16.552,27.489,31.929,12.103,14.699,12.673,12.843,10.619,11.401,9.4058,7.3217,17.459,14.004,17.295,18.18
84.163,108.3,24.879,18.008,80.203,25.913,16.955,13.012,6.3396,14.585,21.513,17.487,40.415,3.6357,5.422,33.228,35.671,0.014703,35.681,0,19.109,1.4397,30.364,41.009,14.319,3.9707,16.718,21.702,35.722,32.173,36.52,83.719,60.603,29.74,37.79,47.146,39.249,28.5,32.306,6.1152,69.119,76.044,68.112,36.309,42.769,41.199,21.025,24.123,0.85864,1.3039,19.93,25.991,12.337,16.728,17.072,19.248,12.141,17.255,16.168,13.366,16.192,16.336,16.07,16.85,57.406,17.795,25.413,27.33,21.287,23.156,14.186,25.781,8.8494,6.889,6.5166,0.22324,0.45892,35.298,0.19741,34.524,34.888,0.08568,36.235,35.771,35.735,0.24891,29.28,0.05959,0.13025,35.92,33.2,40.52,22.204,48.178,49.925,40.968,41.398,43.165,12.048,40.076,42.217,40.748,10.219,5.3202,4.6276,18.482,1.4346,8.841,5.1724,10.183,10.294,9.3673,11.489,5.5169,6.5518,5.6209,5.6008,6.5248,6.446,5.5951,6.1356,9.2619,10.639,3.6042,1.2708,4.0064,11.311,0.43146,25.79,23.423,25.099,21.821,18.102,7.9568,21.025,25.503,37.093,37.91,52.138,57.351,88.744,103.56,93.419,59.572,31.665,43.909,43.156,24.594,71.882,21.859,26.686,35.379,22.882,80.95,74.363,75.32,69.784,94.705,81.642,56.026,12.328,17.495,15.423,15.203,15.56,17.869,16.4,17.065,14.049,12.264,15.451,15.363,15.431,18.078,16.923,17.321,39.356,48.149,5.6752,8.5914,4.7216,5.8198,3.7336,0.2068,35.98,34.223,35.518,33.436,35.743,0.044898,0.030591,0.026561,35.406,0.14883,0.17456,0.10594,32.728,4.1477,36.464,35.529,1.4281,0.62394,37.54,2.4935,5.8213,3.8691,3.4138,38.579,39.235,10.108,21.84,8.2909,38.426,3.8576,7.9122,7.7176,8.2033,13.308,9.6544,8.5549,10.3,9.6429,5.8783,2.1441,7.4416,8.5747,12.271,7.009,5.0696,2.5523,0.49783,0.41418,19.668,17.568,20.34,20.204,21.327,22.187,28.566,29.698,30.945,32.555,31.193,29.714,6.0709,16.302,16.126,19.563,16.7,17.898,11.419,15.852,17.749,18.401,2.8971,3.2376,9.849,9.3323,10.09,10.526,38.151,40.731,38.445,33.514,31.893,16.346,32.494,30.644
60.473,77.262,29.704,0.24895,88.325,58.592,15.562,1.5126,3.4505,1.6477,51.115,47.768,56.069,18.091,24.794,5.0782,5.4317,20.106,5.7834,19.109,0,11.624,1.3662,5.309,5.0953,8.6247,3.1854,0.094681,5.0181,5.2505,4.5731,49.638,18.132,26.668,12.298,13.621,7.7143,9.9898,5.6341,12.644,74.21,76.031,73.999,64.838,58.577,31.375,20.84,30.8,24.143,19.02,3.3387,2.4552,1.125,0.17722,0.83071,0.53471,0.8093,17.499,1.3621,3.0365,1.2935,0.88335,1.4029,1.5893,45.897,42.744,48.859,54.115,49.769,44.197,29.084,22.736,26.672,19.723,17.114,16.277,14.327,6.4329,22.056,6.7396,5.725,20.963,6.1434,5.5179,3.9295,16.006,3.5237,20.151,16.09,3.6576,2.7058,3.9858,17.556,8.6871,10.544,4.6434,4.6309,5.4081,22.402,3.9631,4.7587,4.7424,9.0221,7.079,6.7318,1.0509,10.809,3.4072,5.6429,1.6758,1.6019,2.2236,1.4945,6.3378,5.6701,6.3721,5.2823,6.1658,5.8345,6.8884,6.7532,2.1751,3.3626,12.539,11.203,10.765,1.393,14.892,0.66053,0.23863,0.70029,0.099994,0.16173,10.591,1.3995,2.6777,6.4074,6.0812,44.186,41.254,76.949,51.077,45.977,26.701,29.331,29.116,24.768,10.661,23.754,2.4766,1.4538,8.8402,3.9388,89.798,77.868,78.149,78.177,88.131,87.578,59.756,1.2402,0.50213,0.58385,0.3925,0.25017,0.45625,0.27859,0.67079,0.40311,0.79302,0.30982,0.37616,2.0162,1.3759,1.7471,37.244,31.67,33.774,31.75,38.034,21.275,24.353,21.57,22.371,7.1264,5.3736,5.9645,6.1671,5.509,20.978,20.522,20.56,5.5176,19.793,17.878,18.385,4.8858,15.069,4.2409,3.3215,17.54,13.118,3.6882,14.753,10.404,18.498,16.619,3.8614,4.2681,3.9613,0.20227,3.4188,3.5795,9.6109,5.5016,2.6509,3.3096,2.4571,2.51,3.0324,3.768,1.9735,6.3049,9.2483,5.7355,2.1264,2.1159,4.7273,7.9331,8.8739,14.96,15.368,0.013461,0.10552,0.025956,0.043751,0.086405,0.13414,1.539,2.6974,5.1539,5.8544,4.8083,12.849,19.941,1.9665,1.8184,1.7529,1.6936,2.3021,1.7704,1.3666,1.7436,2.9124,18.701,22.687,1.7085,2.4844,1.775,1.7343,4.2229,5.1213,3.9968,2.318,5.1635,1.8111,5.2156,5.225
