0,78.586,82.967,203.3,104.26,87.247,399.23,287.25,274.8,148.34,94.426,76.137,24.619,8.6062,76.141,66.594,46.605,47.297,80.162,77.075,77.816,76.656,21.944,29.717,16.557,15.517,20.427,39.757,7.055,42.079,33.749,59.119,92.264,106.25,84.564,85.621,80.936,85.742,83.556,85.751,82.677,233.37,284.3,269.19,195.35,217.81,231.97,149.98,117.56,96.526,150.55,96.141,121.9,119.72,105.53,108.3,128.39,109.46,108.89,116.31,91.535,85.524,103.54,115.32,151.15,93.112,99.577,89.444,102.39,96.158,240.95,295.7,219.6,253.74,144.66,181.83,161.88,126.84,120.03,121.42,113.96,140.63,89.691,86.925,115.42,44.076,26.487,25.945,13.148,18.634,14.026,15.368,76.139,75.337,76.68,77.687,76.562,80.498,71.915,78.314,73.747,57.573,43.172,65.351,51.89,52.12,46.955,74.424,79.564,77.851,76.982,77.757,87.492,79.617,74.581,84.012,95.8,76.034,73.44,71.59,77.521,78.13,76.652,77.652,77.307,11.741,9.9946,11.586,4.0734,25.191,6.6698,59.553,71.901,72.188,78.086,79.819,77.816,81.284,82.591,84.253,87.725,86.082,224.5,247.31,293.45,279.7,233.76,164.27,191.18,175.9,102.83,94.686,139.04,139.05,123.06,119.61,115.23,118.24,124.37,112.6,110.24,103.69,101.63,100.52,94.751,253.89,312.83,198.61,200.1,209.57,188.21,107.61,129.1,138.43,120.41,104.74,120.01,121.96,74.813,86.309,44.345,80.704,73.471,46.746,84.88,77.112,65.459,57.001,33.126,10.947,25.077,29.53,26.377,17.867,17.9,20.843,12.51,73.492,88.797,75.492,72.756,70.865,67.038,81.397,82.849,65.147,98.124,86.465,94.649,48.068,48.54,79.743,78.355,77.729,80.411,86.461,77.451,66.92,69.128,74.568,77.452,76.932,78.041,80.808,85.848,79.567,73.862,85.17,114.22,98.161,97.932,92.305,101.08,84.026,94.404,26.584,9.2207,70.883,75.996,68.714,63.201,83.507,80.761,83.625,82.212,97.256,98.191
78.586,0,20.622,44.457,12.548,7.3418,131.21,80.058,72.084,32.957,24.391,1.7839,16.337,38.916,2.6783,5.3305,17.143,18.8,2.4525,2.5112,0.042745,0.078621,19.116,12.471,25.296,28.467,19.284,146.23,42.096,23.563,14.746,12.301,26.574,2.089,16.84,17.016,15.37,18.129,17.657,17.288,16.474,62.221,71.063,66.909,36.858,65.215,43.317,16.038,7.9958,10.346,14.448,12.927,5.8169,6.6077,3.4567,3.5141,32.473,4.4538,3.1871,6.8428,6.0454,8.6897,5.9505,15.971,13.506,5.6787,10.826,8.7298,8.4334,7.4911,73.422,82.169,73.037,74.749,30.697,29.863,25.657,31.772,25.562,4.6489,17.405,23.637,25.361,5.9935,3.7413,14.056,14.072,23.003,27.626,26.144,30.108,28.283,2.0553,2.184,2.3472,2.5146,1.836,1.4918,0.49136,2.3233,12.516,6.3021,14.482,3.5887,16.399,14.446,18.337,2.4529,2.0147,2.2578,2.4564,1.5213,1.5382,2.2301,1.8415,1.3238,1.3901,0.29002,0.20383,0.23842,0.06472,0.066781,0.10149,0.067476,0.085178,36.448,35.924,35.184,49.883,39.494,43.266,21.87,16.994,0.15818,20.106,16.971,19.972,14.343,16.348,17.852,18.5,16.937,73.044,80.127,76.582,74.504,43.427,46.848,26.476,35.201,30.959,21.898,9.8165,9.1122,9.1344,8.8058,5.0895,5.7677,7.6018,6.9341,5.3711,1.9902,17.551,4.6733,8.3391,62.88,92.477,59.946,30.306,46.196,56.659,30.891,6.3804,10.052,5.4172,16.454,23.354,15.876,20.482,21.489,8.8765,0.015956,0.84384,7.9618,0.18686,0.82594,2.6608,2.1476,14.455,48.869,15.843,12.623,14.886,22.176,26.535,23.121,28.861,2.6404,1.9278,2.2517,2.0047,2.0463,2.4914,3.2102,4.8013,21.341,1.1267,15.969,1.0087,19.477,16.487,2.3948,2.0544,2.4297,3.7222,2.0558,2.5377,3.5431,5.7804,0.25014,0.073973,0.055816,0.13044,20.291,21.819,16.705,0.35118,18.24,12.066,2.1548,9.4605,9.8353,10.883,6.7655,8.1456,15.28,34.071,2.5958,2.0076,1.409,2.7454,17.099,12.89,15.671,17.579,9.8987,9.7817
82.967,20.622,0,29.825,3.7121,4.0058,134.67,67.37,62.809,9.7679,0.40649,10.278,36.663,38.573,8.4414,5.554,5.3197,4.9872,9.0597,8.7659,22.374,22.774,23.67,20.456,27.836,27.656,35.931,202.04,41.98,7.0553,12.683,2.8197,0.46548,24.535,0.24425,0.25522,0.38898,0.14356,0.13448,0.22744,0.24941,39.807,73.056,62.324,29.552,31.987,55.875,20.068,12.041,3.3949,23.395,2.1283,20,15.872,14.902,16.58,4.9461,14.51,18.421,13.293,5.7847,2.9227,9.0421,4.7492,26.422,6.4865,3.677,3.3102,5.9882,5.3387,41.442,72.942,32.741,47.631,8.9944,26.323,17.678,4.6421,3.5609,30.12,3.8846,9.51,0.28667,5.1116,23.275,6.8887,31.209,55.298,41.047,52.111,52.19,50.872,9.6605,9.3839,9.0692,8.7819,10.162,11.294,15.277,9.1805,1.1026,6.4698,7.1606,7.8869,3.7554,3.9744,5.1165,8.8602,9.9136,9.2884,8.8663,10.992,12.526,9.4574,10.15,12.344,16.793,16.045,23.26,22.498,22.761,22.918,23.156,22.841,23.07,32.315,36.108,57.723,64.854,81.39,42.824,2.0792,0.47604,21.405,0.074332,0.1814,0.082574,0.58254,0.26444,0.13005,0.18266,0.28167,34.539,43.841,76.184,65.074,58.476,13.8,40.884,19.648,1.5059,0.39545,24.215,27.475,13.198,11.887,16.637,16.956,16.855,11.273,12.863,20.206,1.5759,9.9076,4.3832,52.762,80.222,24.849,42.919,32.614,21.295,1.8876,27.743,22.731,20.052,2.325,3.821,6.6902,0.22225,0.034451,9.7329,20.467,13.245,9.2646,19.116,13.208,9.4938,15.011,44.383,36.239,35.848,33.291,35.258,29.233,51.734,48.932,35.813,8.5389,11.775,9.2449,9.851,9.9154,9.5163,7.8538,5.8775,1.1638,25.609,0.43963,27.958,4.7332,4.7408,9.1367,9.7416,8.9442,7.0121,10.863,8.7296,7.6891,4.8538,24.33,22.913,22.419,23.877,0.014235,0.031689,0.21062,25.064,0.11881,6.5753,14.875,4.1962,3.0289,3.943,4.1221,4.4652,37.289,45.661,8.7853,9.7631,11.951,9.8965,0.18946,0.92299,0.38605,0.12526,3.7876,4.037
203.3,44.457,29.825,0,16.385,24.607,38.504,7.5538,6.1311,6.2179,25.092,35.536,104.36,128.29,33.98,38.152,56.561,56.632,32.032,33.667,46.888,48.072,93.19,81.319,104.38,106.49,107.72,344.97,134.67,64.66,71.437,43.461,27.65,32.586,27.116,26.56,28.771,26.945,28.053,26.592,28.108,1.5174,10.942,6.3915,0.68547,4.1961,10.172,7.6721,14.866,19.713,10.141,19.912,19.775,17.006,23.147,23.298,13.113,20.788,24.782,16.422,23.208,25.196,19.25,12.415,12.606,22.804,18.371,23.196,17.905,20.588,4.4474,9.515,8.0004,3.9727,6.4846,1.9111,2.6502,13.381,13.193,30.601,13.062,5.8666,28.424,25.318,26.336,58.251,96.009,127.54,122.26,130.24,135.28,132.04,34.997,35.26,34.161,33.304,35.17,33.778,42.997,33.251,32.55,45.301,59.338,40.584,51.151,50.225,56.745,35.395,33.115,33.624,33.807,35.172,30.792,32.693,36.396,32.651,30.223,41.165,50.68,51.015,47.51,47.304,48.507,47.518,47.995,118.15,123.14,145.55,165.79,165.36,136.46,47.387,35.359,49.396,32.684,30.078,32.792,28.229,28.112,27.715,25.944,26.26,6.9232,6.6283,11.566,6.8351,11.979,7.9831,10.327,1.0588,24.497,23.612,15.805,19.02,13.302,13.842,19.859,18.683,15.705,16.561,18.965,29.366,18.296,21.419,20.859,3.3088,12.234,5.5648,8.9984,0.069407,6.4241,21.894,24.097,14.677,20.554,16.604,12.334,10.357,35.088,28.231,58.501,42.972,39.973,56.007,38.968,37.651,41.799,52.884,106.56,129.47,102.92,95.641,100.96,103.46,130.49,123.78,117.55,35.722,29.353,35.046,37.292,38.566,40.749,30.33,28.082,42.609,38.338,25.688,43.03,56.225,54.373,32.348,33.702,33.412,30.288,29.876,33.405,39.363,36.035,51.178,47.726,47.497,48.448,31.016,28.688,30.129,52.48,27.333,13.068,27.038,19.254,21.679,17.755,26.443,21.065,103.27,133.17,37.598,35.174,41.815,43.696,27.852,28.169,27.247,28.841,19.456,19.086
104.26,12.548,3.7121,16.385,0,1.0145,99.324,45.57,40.988,5.3486,3.6013,5.581,40.185,52.997,4.4941,4.8328,12.479,12.745,4.2292,4.5294,14.055,14.571,31.576,25.238,38.084,39.335,41.438,216.54,57.129,17.046,19.399,6.6147,4.8428,11.863,2.1836,2.0867,2.3254,2.4087,2.5784,2.1487,2.3562,26.07,47.017,39.538,14.549,23.686,31.531,6.5852,2.5524,0.17375,8.4692,0.24482,7.2001,4.6468,5.0051,5.8806,4.6787,4.4399,7.0905,3.2888,1.1972,0.97267,1.7291,0.31276,10.366,1.3439,0.078169,0.64704,0.4953,0.64849,30.414,49.337,26.991,33.649,4.4802,11.558,6.4773,4.4268,2.3101,14.71,0.41441,2.8223,4.6581,1.4092,10.013,12.927,34.759,57.049,49.83,56.976,59.32,57.37,5.2039,5.1696,4.7671,4.4427,5.4408,5.5443,9.6687,4.5767,2.9606,7.3999,13.451,6.1827,10.107,9.4881,12.724,5.0151,4.8236,4.7114,4.6017,5.7697,5.3747,4.5427,5.7579,5.7206,7.278,9.5133,15.525,15.248,14.413,14.437,14.878,14.455,14.697,46.658,49.697,65.985,78.432,83.846,58.3,9.6527,4.5006,14.268,4.3719,2.9635,4.3712,2.0235,2.3335,2.5359,2.2567,2.0013,27.59,33.822,50.08,42.881,33.306,11.226,20.061,9.3871,5.6096,2.5896,9.2117,11.478,2.9901,2.4086,5.3952,5.4105,5.0328,2.3588,3.382,8.8728,0.69513,2.4065,0.46181,33.048,56.168,19.245,21.656,18.199,16.917,5.0961,12.267,8.247,7.3312,0.34571,1.6649,0.69918,5.1688,3.5251,13.103,12.086,7.9664,11.992,10.415,7.334,7.0589,12.546,44.078,54.629,39.285,35.323,38.244,37.755,56.953,52.973,46.333,4.99,4.7251,5.0621,5.8876,6.2639,6.7523,3.3793,2.215,7.8182,13.662,1.6885,16.015,12.681,11.458,4.3356,4.9033,4.5296,3.0828,4.4477,4.4495,5.7538,4.0452,16.191,14.547,14.24,15.223,3.9499,3.7253,2.9251,16.918,2.5258,0.41145,5.6915,0.22633,0.38458,0.060593,1.4113,0.50812,39.943,56.549,5.5925,5.2889,7.9566,7.7756,2.4143,1.8144,1.998,2.7615,0.18783,0.1837
87.247,7.3418,4.0058,24.607,1.0145,0,114.59,57.944,52.367,10.995,5.1789,2.0425,28.512,41.257,1.337,1.4857,8.2298,8.7444,1.3224,1.3908,8.4834,8.8267,22.076,16.492,27.854,29.284,29.728,188.2,44.912,12.578,12.522,3.5767,6.3784,8.7179,2.292,2.3048,1.9596,2.7429,2.675,2.4045,2.2606,36.755,57.458,50.08,21.494,34.486,37.898,9.3287,3.0337,0.35499,10.578,0.80456,6.5638,4.5708,3.5353,4.3865,9.2575,3.4774,5.3137,3.3524,0.17809,0.086451,1.262,2.4402,11.944,0.32347,0.53133,0.06144,0.63206,0.24522,42.388,61.71,38.434,45.859,9.742,17.258,11.472,8.8591,5.8155,12.221,2.6736,7.079,5.8919,0.073024,8.06,7.9388,24.01,42.848,37.22,42.881,45.09,43.348,1.7915,1.7397,1.5278,1.3584,1.9654,2.2149,4.7901,1.468,1.5869,3.136,8.3657,2.1898,6.5566,5.7707,8.6336,1.6103,1.6826,1.5365,1.4332,2.24,2.488,1.5006,2.1015,2.5258,4.4254,4.8706,9.4096,9.0934,8.7501,8.8037,9.07,8.7911,8.9634,36.081,38.273,50.981,62.655,66.416,45.995,7.519,3.4077,8.3482,4.1606,2.6528,4.1232,1.5778,2.2177,2.7129,2.7966,2.2517,39.182,46.495,61.262,54.516,39.406,18.737,23.893,16.084,8.2859,4.0009,9.7573,11.416,3.8725,3.1685,4.6554,4.9483,5.2975,2.4289,2.8429,6.2183,2.2146,1.4139,0.1558,43.485,69.688,29.072,26.266,26.663,26.13,8.1459,11.026,9.0059,6.517,1.9418,4.9541,3.105,4.658,4.1896,7.2567,7.104,3.6044,6.3774,6.0625,3.3143,2.7315,6.4575,31.737,44.27,27.755,24.391,26.861,27.169,42.884,39.39,34.649,1.5678,2.1172,1.6754,2.1254,2.3186,2.5544,0.85024,0.27887,6.3177,9.5067,1.8728,11.13,8.8476,7.436,1.3725,1.6824,1.4151,0.64476,1.7879,1.354,1.9363,1.0866,10.002,8.8522,8.5802,9.4234,4.0155,4.373,2.5656,10.546,2.8197,1.8253,3.4425,0.33353,0.19726,0.6123,0.034026,0.14106,28.264,43.289,1.8832,1.8421,3.417,3.1769,2.4541,1.1503,1.905,2.7291,0.3355,0.36664
399.23,131.21,134.67,38.504,99.324,114.59,0,13.001,14.02,75.611,125.32,127.24,238.75,292.36,126.76,140.14,182.15,183.22,121.79,125.62,133.9,135.83,233.98,211.76,253.34,258.88,247.57,550.9,301.9,198.46,202.42,156.9,131.18,101.72,127.63,126.51,130.47,127.77,129.96,126.69,129.59,33.035,9.7684,13.769,38.167,50.137,23.816,59.818,83.508,106.07,59.974,108.94,82.258,82.345,95.582,93.621,96.427,91.481,94.108,84.716,108.88,117.68,96.162,90.599,60.712,106.98,103.03,112.99,98.229,104.44,40.061,10.075,59.236,30.994,76.587,43.162,55.323,97.205,96.54,90.673,93.531,72.609,132.7,114.19,90.875,182.66,228.15,263.48,273.24,274.34,285.85,280.38,127.04,128,126.19,124.84,126.65,122.11,135.6,124.13,136.57,154.06,184.67,141.53,172.8,170.02,183.15,129.07,122.76,124.74,125.76,125.44,114.22,122.56,129.23,118.28,107.16,130.68,140.63,142.38,134.67,134.03,136.22,134.58,135.26,279.08,284.15,301.13,337.71,311.32,304.79,168.78,144.54,140.48,140.39,133.93,140.56,128.79,129.54,129.32,125.74,125.82,54.54,43.217,8.3505,13.076,24.061,77.693,39.866,52.002,124.42,121.54,69.355,71.405,78.988,81.81,86.819,84.124,78.572,87.789,90.187,100.89,107.63,99.141,106.55,19.267,8.7016,61.253,35.398,35.33,66.971,118.46,80.852,69.097,83.697,102.77,93.774,83.634,145.3,131.55,177.84,128.33,132.17,173.03,121.88,127.38,141.61,157.03,232.26,300.81,236.72,224.13,233.17,248.65,275.48,264.37,270.91,130.24,112.35,127.76,131.55,134.12,139.35,120.1,118.57,159.93,111.96,124.14,118.5,182.91,178.19,122.33,124.23,124.82,121.31,114.72,125.13,139.25,136.81,140.22,134.91,135.11,135.12,137.04,132.6,133.92,141.96,128.65,88.368,103.36,103.77,110.53,101.4,118.1,106.81,235.32,291.48,133.81,127.25,137.94,145.04,129.31,127.79,127.38,131.6,104.88,103.73
287.25,80.058,67.37,7.5538,45.57,57.944,13.001,0,0.25356,26.827,59.952,71.538,162.13,196.64,70.052,77.647,105.16,105.38,66.829,69.43,82.878,84.467,151.46,135.3,166.14,169.32,167.45,441.68,204.53,116.35,124.09,86.766,63.717,60.258,63.274,62.428,65.735,63.031,64.716,62.481,64.775,4.5884,2.6127,1.0137,8.9161,12.29,10.416,24.525,39.413,50.791,26.69,51.629,43.047,40.834,50.628,50.05,39.53,47.238,51.409,41.185,55.02,59.315,47.503,39.008,28.975,54.085,48.622,56.117,46.877,51.251,7.9219,0.22734,17.45,4.2065,27.659,12.492,17.858,40.098,40.495,54.526,40.358,26.667,65,58.521,51.409,107.04,152.22,187.91,186.68,193.42,200.87,196.66,71.015,71.541,70.033,68.875,71.041,68.413,80.409,68.61,71.157,87.945,108.53,80.235,97.786,96.339,105.51,71.987,68.063,69.122,69.593,70.655,63.325,67.64,72.892,66.218,60.428,77.288,88.158,89.026,83.628,83.242,84.939,83.601,84.209,184.44,190.15,213.55,240.21,231.92,206.78,92.779,75.568,87.115,71.653,67.761,71.814,64.853,64.778,64.205,61.496,61.966,14.967,9.8795,1.9085,0.16443,11.887,27.187,18.273,14.267,58.356,57.794,34.945,38.241,36.474,37.923,44.803,42.862,38.38,42.36,45.258,57.488,49.34,50.387,52.095,1.0606,0.56153,17.909,15.198,6.2762,20.991,54.257,45.828,33.953,44.205,46.462,39.136,34.982,75.191,64.931,106.18,77.897,76.821,102.68,72.511,73.342,81.319,95.377,161.79,199.28,160.36,150.71,157.72,164.18,193.97,185.3,182.06,72.628,61.509,71.284,74.381,76.266,79.732,64.825,62.346,86.039,68.427,61.054,74.369,104.88,102.16,67.269,69.027,68.962,65.151,62.729,69.053,78.493,74.783,88.394,83.879,83.773,84.504,69.164,65.612,67.829,89.998,63.624,39.218,56.532,49.739,53.939,47.566,60.669,52.37,160.21,200.72,75.336,71.234,80.199,83.98,64.401,64.638,63.434,65.909,50.227,49.553
274.8,72.084,62.809,6.1311,40.988,52.367,14.02,0.25356,0,24.565,56.016,64.588,151.47,186.51,63.336,71.001,98.47,98.849,60.193,62.707,74.705,76.212,142.13,126.2,156.57,159.91,156.88,423.12,194.2,109.7,116.04,80.514,59.822,53.092,58.526,57.73,60.746,58.415,59.988,57.807,59.932,4.403,1.6618,0.28393,6.7622,12.447,7.4809,20.313,34.258,45.811,22.08,46.911,37.151,35.306,44.459,43.827,36.941,41.318,45.01,35.791,49.357,53.857,41.98,34.954,24.035,48.393,43.76,50.776,41.756,45.897,8.5339,0.38672,18.067,4.7845,25.195,9.7174,14.91,37.438,37.309,47.551,36.421,23.579,60.951,52.743,44.819,99.908,142.04,175.87,175.82,181.6,189.1,184.96,64.142,64.671,63.256,62.175,64.122,61.514,72.729,61.884,65.651,80.92,101.37,73.21,91.406,89.831,98.917,65.15,61.294,62.363,62.854,63.682,56.578,60.932,65.898,59.342,53.576,69.68,79.739,80.612,75.406,75.029,76.648,75.378,75.951,174.9,180.14,201.44,227.99,218.28,196.42,87.184,70.318,78.826,66.865,62.843,67.007,59.797,59.922,59.516,56.975,57.278,15.597,10.9,1.3317,0.021622,8.7725,25.969,14.232,12.234,55.027,53.721,29.536,32.471,31.486,32.911,38.936,37.12,32.993,37.026,39.585,50.641,45.163,44.587,46.83,0.43768,1.2807,17.711,11.53,4.9255,20.546,51.071,39.485,28.679,38.222,42.266,35.792,30.989,70.284,60.547,98.482,70.021,69.421,95.06,64.939,66.086,74.085,87.246,150.59,190.06,149.77,140.35,147.18,154.33,182.18,173.69,171.76,65.797,54.91,64.438,67.355,69.163,72.548,58.4,56.265,80.718,60.785,56.308,66.356,98.436,95.562,60.607,62.231,62.243,58.801,56.137,62.35,71.545,68.331,79.916,75.641,75.562,76.197,64.498,61.229,62.883,81.427,58.994,34.711,50.005,44.682,48.802,42.739,54.922,47.073,149.51,189.63,68.378,64.342,72.776,76.625,59.633,59.442,58.566,61.125,45.21,44.541
148.34,32.957,9.7679,6.2179,5.3486,10.995,75.611,26.827,24.565,0,6.734,21.664,74.14,85.681,19.591,19.95,28.665,28.274,18.859,19.621,35.348,36.252,59.895,52.21,67.797,68.445,75.219,287.88,90.83,33.372,41.763,20.42,7.9185,28.074,8.9029,8.5646,10.15,8.5594,9.259,8.5269,9.5289,10.207,33.331,25.191,7.5622,6.8394,27.112,9.1856,9.8995,7.3991,12.736,6.4134,17.584,13.519,16.95,17.988,1.2737,15.226,19.939,11.676,11.397,10.518,11.001,3.1638,16.018,11.62,6.7196,9.5856,8.1217,9.4277,11.192,30.83,8.3155,14.263,0.040215,7.4392,3.5354,1.3561,1.5341,29.753,2.832,1.0082,8.4374,12.232,23.524,30.982,66.557,97.125,85.279,96.397,98.759,96.408,20.962,20.937,20.102,19.421,21.38,21.278,28.993,19.647,13.143,24.436,31.699,22.933,24.773,24.651,28.481,20.675,20.033,19.932,19.767,21.902,20.261,19.498,22.076,21.255,22.394,28.409,38.008,37.76,35.923,35.895,36.716,35.973,36.375,76.643,81.753,107.08,120.63,131.35,92.165,20.857,13.745,36.218,11.527,10.549,11.613,10.099,9.5582,9.0342,7.9533,8.4188,8.7232,12.838,34.674,25.911,29.619,1.2947,21.086,2.3575,6.0639,6.2407,17.131,20.942,9.4967,9.1055,15.816,15.225,13.19,10.588,13.105,23.766,4.4967,12.927,8.9139,18.543,35.05,4.3132,20.928,7.5983,3.2543,4.7978,24.409,15.601,18.119,4.1128,1.5112,3.1051,12.937,8.7461,33.505,32.014,26.044,31.938,28.918,24.692,24.684,34.277,80.09,83.577,72.919,67.746,71.595,68.525,96.267,91.311,79.401,20.652,18.949,20.724,22.396,23.158,24.119,17.082,14.43,17.668,32.13,8.3215,36.184,27.797,27.173,19.092,20.265,19.588,16.502,18.709,19.446,22.125,18.269,38.899,36.133,35.722,37.09,10.508,8.9589,10.633,40.051,8.7517,5.1508,19.358,7.7222,8.3929,6.5096,12.2,9.107,74.025,93.239,21.877,21.13,26.28,25.991,9.2562,10.47,9.2292,9.7175,7.5409,7.4879
94.426,24.391,0.40649,25.092,3.6013,5.1789,125.32,59.952,56.016,6.734,0,13.026,44.603,46.65,10.956,8.2154,8.6164,8.1325,11.409,11.266,26.371,26.882,30.28,26.565,34.925,34.645,43.912,220.57,50.363,10.514,17.63,5.325,0.095523,26.967,0.75225,0.69323,1.1956,0.51214,0.65419,0.64243,0.88733,33.521,66.818,56.051,25.61,25.674,52.217,18.785,12.216,3.813,22.5,2.3194,20.851,16.384,16.303,17.989,2.6201,15.59,20.003,13.727,6.947,4.0239,9.8336,3.9313,25.851,7.6449,3.9207,4.2159,6.4149,6.1124,34.367,65.508,26.046,40.382,6.2019,23.167,14.997,2.4087,1.9024,32.116,2.992,7.332,0.10667,6.4812,24.951,10.641,38.568,64.816,49.623,61.589,61.772,60.317,12.331,12.068,11.632,11.247,12.87,13.901,18.862,11.659,2.5433,9.7228,10.976,10.947,6.6056,6.9223,8.3168,11.531,12.408,11.809,11.385,13.73,14.843,11.891,12.974,14.859,19.068,19.472,27.605,26.872,26.815,26.953,27.303,26.896,27.169,39.658,43.978,67.802,75.466,92.948,51.265,4.0473,1.7584,25.632,0.80382,0.96052,0.83507,1.4352,0.91475,0.59881,0.42008,0.69842,27.739,36.334,69.479,58.117,54.979,9.6081,38.853,15.903,0.41524,0.08515,24.303,27.937,13.115,11.887,17.567,17.709,17.147,11.713,13.682,22.341,1.1712,11.028,5.1022,46.58,72.062,19.172,40.394,27.721,16.015,0.55416,28.952,22.689,21.016,1.8628,2.2909,5.6837,1.1459,0.20551,14.003,24.093,16.507,13.383,22.343,16.249,12.758,19.384,52.712,43.479,43.698,40.752,43.012,36.532,61.198,58.081,43.821,11.224,13.916,11.902,12.746,12.929,12.696,9.968,7.6253,2.7252,28.684,0.89395,31.492,7.7752,7.8907,11.522,12.288,11.428,9.0736,13.043,11.202,10.636,7.2698,28.718,26.988,26.474,28.015,0.56626,0.21507,1.0199,29.567,0.51397,6.192,16.773,4.6546,3.684,4.1222,5.526,5.2224,45.226,54.664,11.654,12.455,15.336,13.334,0.74314,1.9085,1.0181,0.72787,4.2236,4.4487
76.137,1.7839,10.278,35.536,5.581,2.0425,127.24,71.538,64.588,21.664,13.026,0,18.287,34.897,0.09056,1.1499,9.5171,10.59,0.098916,0.064773,2.3346,2.4826,16.425,10.742,22.052,24.247,20.172,159.08,38.161,14.593,10.042,5.3052,14.598,4.32,7.6666,7.7908,6.682,8.5459,8.2167,7.975,7.4159,50.957,66.859,60.801,30.103,50.822,42.323,12.721,4.7706,3.9557,12.576,5.4107,5.5637,4.9119,2.445,2.9714,19.968,3.021,3.2815,4.3286,1.6347,2.6832,2.4867,8.2716,12.801,1.5766,4.3682,2.8119,3.3468,2.51,59.344,74.649,56.578,62.067,19.849,24.245,18.783,19.388,14.696,7.7283,9.0368,15.016,13.695,1.4156,5.0846,7.8042,15.064,28.508,27.617,29.817,32.663,30.977,0.0096099,0.021895,0.039608,0.069674,0.00098322,0.077518,0.5768,0.04977,4.8971,2.141,8.1896,0.61024,8.5094,7.1905,10.302,0.060881,0.043343,0.036924,0.055955,0.018995,0.44936,0.060852,0.0082837,0.25601,1.5752,0.64616,2.7262,2.5322,2.4655,2.5114,2.6116,2.4908,2.5723,31.289,32.045,37.902,50.445,47.898,39.241,11.861,7.8901,2.1504,9.9525,7.758,9.8615,6.0107,7.3316,8.3511,8.8125,7.7414,57.096,64.778,71.658,66.953,43.162,32.635,26.115,26.073,17.972,11.257,9.5797,10.044,5.899,5.2914,4.079,4.6427,5.8896,3.8098,3.1813,2.9801,8.5026,1.8489,2.8333,55.178,84.037,45.051,29.396,37.57,41.711,18.02,8.2247,9.31,5.3014,7.9359,13.209,8.7543,10.274,10.891,4.9757,1.742,0.22034,4.1809,1.4488,0.1838,0.42747,1.7247,19.204,41.247,17.694,14.642,16.837,20.25,29.985,26.729,26.948,0.10208,0.49843,0.028228,0.042225,0.097465,0.30855,0.27472,0.81227,11.195,3.9852,7.1009,4.6081,10.991,8.8746,0.082278,0.024921,0.057405,0.39216,0.32812,0.071416,0.51381,1.2525,3.0713,2.5174,2.3605,2.8401,10.056,11.125,7.5791,3.3621,8.6188,6.0498,1.5416,3.5607,3.5014,4.4815,1.6803,2.7217,17.715,33.558,0.15263,0.0066375,0.25537,0.61451,7.8381,5.0838,6.8843,8.1635,3.7527,3.7401
24.619,16.337,36.663,104.36,40.185,28.512,238.75,162.13,151.47,74.14,44.603,18.287,0,8.2536,19.247,17.197,16.327,17.885,20.85,19.506,15.701,15.116,3.0172,2.4797,4.1678,5.9685,0.27139,70.223,9.1915,18.476,7.3422,19.152,45.138,30.01,34.675,35.291,31.917,36.158,34.806,35.549,33.536,129.23,153.36,145.27,95.31,125.49,112.31,61.065,41.673,35.074,59.617,36.952,40.743,41.018,32.345,33.377,65.359,34.949,33.097,40.05,29.274,28.859,34.22,47.582,58.693,29.624,36.786,30.644,35.988,32.532,140.43,166.58,131.75,146.23,70.954,84.614,73.86,64.191,56.798,37.908,48.122,63.974,43.11,27.21,35.677,12.68,0.21947,2.0721,1.9099,1.4619,2.1192,1.68,18.589,18.356,19.152,19.791,18.542,19.93,14.522,19.877,26.416,13.527,12.514,14.969,18.534,17.215,17.374,18.214,20.11,19.596,19.406,18.728,23.002,20.368,17.626,21.262,26.013,16.161,13.622,12.92,15.511,15.768,15.063,15.56,15.371,9.0612,7.2082,3.6165,9.3085,8.8442,9.6949,26.284,28.85,13.334,34.01,32.571,33.789,31.315,33.404,35.27,37.337,35.445,133.72,147.73,160.99,155.07,112.76,90.718,83.994,86.824,52.988,42.955,50.823,49.752,44.838,43.229,37.712,39.542,43.716,38.746,36.257,29.511,42.893,31.754,32.648,136.97,180.6,114.06,90.513,108.03,107.51,55.099,43.131,50.967,39.756,43.429,55.174,50.263,32.728,38.829,8.6233,17.362,15.855,9.1736,19.665,17.544,14.077,8.8034,1.2627,16.827,0.0050975,0.24045,0.033789,2.3143,1.4645,0.90148,3.4122,17.97,24.019,18.501,16.945,16.083,14.688,22.176,24.33,28.673,25.354,34.907,23.24,18.769,16.863,20.6,19.606,19.722,22.229,23.183,19.707,15.702,18.819,13.992,15.458,15.29,15.603,35.42,38.849,32.259,13.605,35.975,43.972,27.993,34.959,32.811,37.479,26.583,32.334,0.052835,3.8486,16.681,18.471,14.27,13.015,34.378,29.979,33.383,34.127,35.027,35.335
8.6062,38.916,38.573,128.29,52.997,41.257,292.36,196.64,186.51,85.681,46.65,34.897,8.2536,0,34.527,27.677,15.305,15.83,37.343,35.215,38.835,38.163,3.5206,7.3417,1.4855,1.0234,5.5325,70.261,0.077687,13.269,8.3232,22.623,45.411,58.522,39.37,40.093,36.856,40.244,38.741,40.197,38.08,152.36,195.28,182.2,122.25,140.31,153.72,87.829,63.519,47.563,88.891,47.219,68.18,65.782,55.799,58.061,71.14,58.408,58.881,62.891,44.443,39.959,53.245,60.929,89.952,45.636,49.71,42.673,51.946,47.545,158.8,203.83,142.38,168.96,82.834,111.83,96.021,69.967,64.614,70.243,59.937,79.661,43.545,41.196,64.48,13.733,7.964,14.293,2.6557,8.9043,6.1928,6.6065,34.771,34.179,35.012,35.628,35.157,38.032,33.194,36.128,31.984,21.965,13.234,27.268,18.384,18.421,15.593,33.464,37.115,35.84,35.173,36.131,43.007,37.057,33.832,40.62,49.586,36.114,36.146,34.727,38.735,39.181,38.255,38.843,38.67,0.34113,0.061097,6.3647,4.38,21.63,0.12955,23.564,30.988,34.851,35.288,36.199,35.099,37.046,38.015,39.222,41.609,40.401,146.09,164.21,202.64,190.55,155.56,98.515,121.35,106.7,53.099,46.604,81.006,81.749,67.573,64.92,62.838,64.988,69.213,59.929,58.609,55.744,51.152,51.331,46.445,169.29,217.95,125.29,128.14,133.31,117.19,56.38,74.936,80.253,67.163,53.317,64.473,65.829,33.173,40.888,14.16,40.293,33.764,15.568,42.763,36.184,27.654,23.318,15.663,1.8559,8.3159,10.38,8.9556,2.4311,8.3559,9.3355,1.0524,32.779,43.728,34.254,32.555,31.312,28.698,37.937,38.56,27.027,53.279,40.611,51.526,16.341,16.398,37.077,36.269,35.688,37.117,41.955,35.46,28.263,29.235,37.166,38.727,38.257,39.362,37.107,40.608,36.014,36.883,39.866,60.302,50.759,48.621,44.61,50.783,39.086,46.217,9.6267,1.728,31.095,34.696,30.321,26.253,38.674,36.654,38.676,37.835,48.107,48.782
76.141,2.6783,8.4414,33.98,4.4941,1.337,126.76,70.052,63.336,19.591,10.956,0.09056,19.247,34.527,0,0.70479,8.3074,9.249,0.059454,0.0056601,3.344,3.5178,16.341,10.869,21.847,23.824,20.896,162.55,37.812,13.084,9.4958,4.2304,12.391,5.3046,6.0916,6.2036,5.2172,6.8782,6.5821,6.368,5.8674,48.867,66.345,59.862,29.036,48.033,42.544,12.441,4.5211,3.0014,12.621,4.2033,5.9826,5.0062,2.6984,3.3296,17.63,3.1781,3.7832,4.2397,1.1275,1.8193,2.1883,7.0162,13.109,1.1384,3.3975,1.9665,2.6835,1.8727,56.62,73.386,53.325,59.653,17.876,23.437,17.699,17.077,12.727,8.8992,7.6315,13.545,11.558,0.87261,5.8657,6.9044,15.807,30.274,28.146,31.174,33.771,32.115,0.041174,0.027566,0.011953,0.010656,0.07985,0.24961,1.0907,0.029094,3.6757,1.7044,7.2811,0.43633,7.2376,6.0609,9,0.015128,0.090244,0.028305,0.0072354,0.17236,0.69203,0.063151,0.088386,0.50481,2.102,1.2193,3.7896,3.5447,3.4997,3.5552,3.6708,3.53,3.626,30.659,31.705,39.05,51.115,50.325,38.871,10.11,6.3359,3.0946,8.1602,6.176,8.0788,4.6257,5.7925,6.7025,7.1208,6.1606,53.957,61.767,70.981,65.688,43.548,29.901,26.489,24.478,15.534,9.3482,9.9968,10.725,5.6454,4.9761,4.3293,4.8662,5.9786,3.5847,3.1676,3.6856,6.9488,1.6955,2.0784,53.883,82.564,42.155,29.644,36.078,38.806,15.606,9.1143,9.6134,5.7517,6.5001,11.402,7.6264,8.4713,8.9953,4.6044,2.6224,0.57363,3.8354,2.2228,0.53136,0.42138,2.1307,20.793,40.067,18.632,15.616,17.797,20.342,31.292,28.069,27.047,0.023765,0.66383,0.02,0.093965,0.1531,0.31312,0.10367,0.40342,9.4109,5.1145,5.5936,5.9061,9.588,7.6669,0.052245,0.059237,0.014717,0.13264,0.4272,0.0076824,0.32777,0.7281,4.2016,3.5612,3.3732,3.9438,8.2444,9.2081,6.0168,4.5357,6.943,5.1733,1.8874,2.7161,2.5613,3.523,1.0243,1.9855,18.785,33.977,0.096872,0.048351,0.49118,0.63252,6.2437,3.8173,5.3964,6.5349,2.8529,2.8635
66.594,5.3305,5.554,38.152,4.8328,1.4857,140.14,77.647,71.001,19.95,8.2154,1.1499,17.197,27.677,0.70479,0,4.187,4.8491,1.1377,0.83677,6.1271,6.2609,12.222,8.0788,16.742,18.077,17.973,156.71,30.672,7.7295,5.7361,1.5162,9.1319,9.8532,3.997,4.1497,3.1538,4.6259,4.2659,4.2721,3.7119,53.014,75.929,68.006,33.977,49.778,51.637,16.976,7.4386,3.1761,17.832,3.7648,10.43,8.724,5.9188,6.9051,16.226,6.4426,7.6543,7.4107,1.9798,1.5011,4.2069,7.604,18.851,2.2354,3.7216,1.9436,3.8621,2.7316,59.493,81.776,53.905,63.813,18.301,28.351,21.087,15.659,11.825,14.613,7.7852,14.991,8.3213,1.355,10.599,3.3245,13.686,29.163,23.836,28.684,30.292,28.901,0.98647,0.86722,0.87827,0.88358,1.1458,1.7596,2.6358,1.0202,1.7102,0.32971,3.5962,0.20535,3.4289,2.6321,4.6722,0.69052,1.2976,1.0117,0.85257,1.4624,2.7919,1.187,1.0204,2.3911,5.2411,3.1563,6.3496,5.8934,6.3011,6.4138,6.4508,6.3483,6.4432,23.771,25.203,35.12,44.891,49.107,31.593,5.6737,3.3981,5.3788,5.0466,3.7365,4.9715,2.7856,3.6549,4.3981,4.9397,4.1539,55.056,64.151,80.547,73.501,53.021,29.33,34.19,27.345,12.324,7.0593,15.34,16.544,8.8546,7.8717,8.0964,8.7497,9.9381,6.2751,6.1462,7.6133,6.0081,3.8301,2.5924,60.68,91.08,42.773,37.49,40.664,38.922,12.767,14.779,14.715,10.175,6.0386,10.912,8.8817,5.0905,6.1822,2.2543,5.3959,1.9409,1.7538,5.0977,2.1396,0.5334,2.3671,20.471,31.382,16.61,14.175,15.965,16.019,28.644,25.91,21.913,0.56972,2.701,0.84305,0.84394,0.77715,0.56202,1.0013,0.90593,5.3399,9.4074,3.7985,10.243,5.0938,3.7269,1.1211,1.1607,0.9228,0.78427,2.1883,0.85527,0.18761,0.037377,6.9443,6.3729,6.1001,6.8891,5.2729,6.3066,3.6101,7.2932,4.6307,6.5672,4.8425,3.2254,2.5051,3.9659,1.0723,2.519,17.117,28.78,0.50396,1.0036,1.3038,0.6233,4.0276,2.2331,3.4588,4.1422,3.1966,3.3168
46.605,17.143,5.3197,56.561,12.479,8.2298,182.15,105.16,98.47,28.665,8.6164,9.5171,16.327,15.305,8.3074,4.187,0,0.04813,9.6894,8.7458,18.172,18.172,6.8812,6.0853,8.8792,8.7171,15.008,143.1,17.502,0.54081,1.8332,0.96191,8.2828,26.658,5.6195,5.8936,4.7462,5.9205,5.3554,5.924,5.1436,71.908,107.78,96.434,53.945,62.948,81.416,35.048,21.139,10.246,37.381,9.4506,27.545,24.217,19.914,21.745,20.488,20.656,23.14,21.626,10.407,7.156,15.547,16.092,39.556,11.248,11.209,8.3716,13.325,11.31,75.62,111.2,64.429,83.073,27.09,47.981,36.909,19.856,17.049,34.351,15.263,26.002,7.4574,8.8267,28.109,0.26814,12.852,29.985,17.353,26.229,25.439,24.728,9.1085,8.7325,8.8494,8.9047,9.5426,11.251,11.87,9.3187,3.3149,2.7112,0.26708,5.384,0.14194,0.21767,0.023985,8.1682,10.107,9.2774,8.7891,10.384,13.793,9.818,9.0568,12.813,18.737,13.381,17.74,16.77,18.37,18.626,18.436,18.457,18.534,11.566,13.734,29.02,33.129,48.96,18.071,1.1975,2.7374,16.153,4.1597,4.4409,4.0915,4.895,5.1249,5.5334,6.4503,6.018,66.854,79.263,112.52,101.38,83.652,36.229,60.08,42.294,11.844,8.5041,34.862,37.071,23.342,21.581,23.561,24.554,26.085,19.342,19.768,23.041,10.703,15.332,10.367,85.861,121.05,53.029,63.896,60.118,47.844,13.256,34.675,33.704,27.195,11.898,17.076,19.028,3.4982,6.2074,1.9523,17.547,10.863,2.1458,17.631,11.715,6.4593,8.2025,23.592,14.924,15.84,14.928,15.681,9.9519,25.817,24.36,13.661,7.7338,13.614,8.6781,8.4213,8.0128,6.8441,9.2039,8.2936,1.8772,25.378,6.1544,26.157,0.10367,0.021808,9.6378,9.6987,9.0214,8.4182,12.429,8.8133,5.6223,4.3437,18.756,18.459,17.991,19.272,4.7869,6.1166,4.3824,19.1,5.7729,16.827,18.031,11.08,8.941,11.759,7.4952,10.327,17.162,20.031,7.2723,9.1417,8.8596,6.1992,5.3442,4.9068,5.4125,5.0199,10.664,11.054
47.297,18.8,4.9872,56.632,12.745,8.7444,183.22,105.38,98.849,28.274,8.1325,10.59,17.885,15.83,9.249,4.8491,0.04813,0,10.676,9.7122,19.91,19.926,7.6796,7.0651,9.5674,9.2401,16.382,146.22,18.031,0.35187,2.335,1.1429,7.6922,28.434,5.4858,5.7531,4.687,5.7203,5.1752,5.769,5.0258,71.622,108.71,97.036,54.365,62.122,82.821,35.98,22.042,10.596,38.551,9.6126,28.94,25.374,21.162,23.073,19.866,21.84,24.573,22.644,11.075,7.5507,16.39,16.253,40.917,11.97,11.552,8.7876,13.899,11.892,74.872,111.59,63.258,82.571,26.768,48.573,37.27,19.252,16.689,36.287,15.311,26.046,6.9145,9.4597,29.755,0.53938,14.263,32.109,18.554,28.038,27.052,26.369,10.139,9.7424,9.8378,9.8724,10.608,12.393,13.241,10.316,3.421,3.3586,0.52933,6.2414,0.15814,0.34027,0.0042929,9.1387,11.155,10.282,9.7628,11.506,14.999,10.834,10.119,14.017,20.165,14.802,19.508,18.497,20.125,20.389,20.208,20.216,20.303,11.916,14.289,30.645,34.366,51.522,18.583,0.87488,2.592,17.832,3.8501,4.2921,3.7884,4.8958,5.0138,5.3443,6.2362,5.8831,65.774,78.309,113.34,101.75,85.179,35.369,61.545,42.299,11.101,8.1421,36.284,38.683,24.251,22.44,24.824,25.802,27.246,20.254,20.83,24.611,10.619,16.275,10.86,86.185,121.31,52.097,65.282,60.244,46.89,12.541,36.421,35.042,28.61,11.907,16.837,19.295,3.1733,5.838,2.6135,19.199,12.121,2.8323,19.215,12.976,7.439,9.4608,25.622,14.852,17.385,16.514,17.246,10.861,27.588,26.168,14.551,8.6786,14.767,9.6782,9.4591,9.0493,7.8351,10.098,9.0168,1.5435,27.243,6.075,28.136,0.011197,0.076748,10.631,10.736,10.001,9.2455,13.529,9.7771,6.4744,4.9534,20.574,20.221,19.73,21.078,4.4686,5.7304,4.2477,20.947,5.5654,17.265,19.332,11.513,9.2928,12.114,8.0397,10.833,18.805,21.132,8.228,10.179,10.022,7.1913,5.1939,4.9945,5.3418,4.8414,11.055,11.463
80.162,2.4525,9.0597,32.032,4.2292,1.3224,121.79,66.829,60.193,18.859,11.409,0.098916,20.85,37.343,0.059454,1.1377,9.6894,10.676,0,0.031497,3.1218,3.3229,18.246,12.365,24.074,26.195,22.722,166.76,40.749,14.798,11.049,5.1378,12.978,4.3962,6.5291,6.6199,5.6942,7.3328,7.0764,6.7911,6.3406,46.679,62.814,56.683,27.022,46.438,39.543,10.948,3.6609,2.8609,11.021,4.1793,4.8492,4.0003,1.9568,2.5011,17.447,2.3747,2.9085,3.3574,0.93638,1.9093,1.6488,6.5776,11.429,0.88586,3.1923,1.9522,2.295,1.6185,54.624,69.962,51.958,57.31,17.166,21.554,16.27,16.912,12.526,7.6324,7.2888,12.678,12.171,0.80623,4.7918,8.2243,17.335,31.893,30.41,33.128,35.989,34.245,0.065626,0.080327,0.038994,0.020555,0.080254,0.12377,1.1106,0.011713,4.2287,2.3973,8.637,0.81456,8.4714,7.2158,10.418,0.1067,0.021708,0.019457,0.032478,0.12183,0.37364,0.0057272,0.14053,0.27089,1.5189,1.1172,3.6778,3.49,3.282,3.3201,3.4729,3.3081,3.4114,33.369,34.402,41.457,54.176,52.293,41.852,11.36,7.1054,3.0326,8.8858,6.7421,8.8066,5.0545,6.2632,7.1859,7.5369,6.5618,52.445,59.824,67.38,62.483,40.478,29.217,24.091,23.01,15.996,9.7045,8.52,9.1888,4.6717,4.0936,3.3773,3.8572,4.878,2.8226,2.3938,2.8843,6.9552,1.1793,1.9013,51.054,78.995,40.94,27.132,34.002,37.778,15.937,7.7351,8.1762,4.642,6.3784,11.119,6.9921,9.294,9.558,5.7006,2.3438,0.58676,4.8409,1.8558,0.4497,0.74674,2.6006,22.027,43.206,20.214,16.991,19.316,22.407,33.284,29.889,29.426,0.14962,0.33337,0.072629,0.20246,0.31154,0.59113,0.051935,0.39185,10.506,4.3712,5.9482,5.2247,11.023,8.9808,0.00078905,0.025297,0.018791,0.13369,0.17137,0.025067,0.66564,1.1187,4.0512,3.344,3.1739,3.7035,8.9067,9.7947,6.5795,4.3997,7.4167,4.6032,1.2903,2.4988,2.5157,3.2781,1.0713,1.8095,20.292,36.529,0.28632,0.073744,0.66152,1.0154,6.7186,4.2035,5.8145,7.0615,2.6733,2.6528
77.075,2.5112,8.7659,33.667,4.5294,1.3908,125.62,69.43,62.707,19.621,11.266,0.064773,19.506,35.215,0.0056601,0.83677,8.7458,9.7122,0.031497,0,3.1655,3.343,16.783,11.191,22.378,24.413,21.233,163.16,38.527,13.633,9.9039,4.542,12.747,4.9662,6.3453,6.4536,5.4686,7.1459,6.8557,6.6218,6.1268,48.554,65.546,59.191,28.655,47.935,41.792,12.099,4.326,3.052,12.219,4.3085,5.6513,4.7398,2.4776,3.077,17.818,2.9529,3.5044,4.0222,1.1183,1.9148,2.0743,7.0283,12.66,1.1073,3.4345,2.0353,2.6442,1.8625,56.421,72.692,53.331,59.338,17.9,23.059,17.458,17.266,12.872,8.4561,7.6824,13.479,11.914,0.8968,5.5099,7.295,16.071,30.451,28.607,31.474,34.16,32.48,0.0255,0.021362,0.003218,0.0012114,0.053429,0.18334,1.0224,0.0090936,3.919,1.897,7.6812,0.52638,7.6475,6.4369,9.4569,0.023608,0.050911,0.0090373,0.00032437,0.12592,0.57262,0.031214,0.074087,0.40475,1.8896,1.1158,3.6314,3.4055,3.3196,3.3699,3.4927,3.3483,3.4445,31.35,32.362,39.479,51.75,50.514,39.598,10.575,6.6661,2.9609,8.5054,6.461,8.4235,4.8571,6.0503,6.975,7.382,6.4064,53.916,61.611,70.182,65.046,42.761,30.013,25.863,24.283,15.886,9.6183,9.5844,10.27,5.4238,4.7827,4.059,4.5853,5.6904,3.4102,2.9677,3.4024,7.0982,1.5716,2.099,53.333,81.858,42.159,29.005,35.728,38.855,15.924,8.6746,9.2225,5.4227,6.6065,11.51,7.5786,8.8406,9.313,4.8856,2.4443,0.52091,4.0923,2.0351,0.4568,0.48099,2.1805,20.897,40.918,18.889,15.819,18.036,20.803,31.606,28.339,27.581,0.043843,0.54981,0.01525,0.09604,0.16659,0.36037,0.091596,0.42626,9.8428,4.7997,5.8205,5.588,10.06,8.0889,0.025174,0.029441,0.0021486,0.14252,0.33794,0.00051432,0.40957,0.85852,4.0272,3.3802,3.1997,3.7509,8.5767,9.5337,6.2988,4.36,7.2161,5.1138,1.691,2.7367,2.6328,3.5493,1.0874,2.0044,19.009,34.519,0.1296,0.031816,0.48824,0.70319,6.5084,4.026,5.6363,6.8155,2.8884,2.8892
77.816,0.042745,22.374,46.888,14.055,8.4834,133.9,82.878,74.705,35.348,26.371,2.3346,15.701,38.835,3.344,6.1271,18.172,19.91,3.1218,3.1655,0,0.0075577,19.14,12.482,25.298,28.579,18.743,142.85,41.959,24.696,15.229,13.395,28.608,2.3011,18.462,18.655,16.899,19.814,19.304,18.939,18.065,65.127,73.278,69.314,38.954,68.428,44.81,17.379,9.0953,11.713,15.587,14.439,6.5211,7.5057,4.147,4.1576,34.869,5.2359,3.7414,7.8323,7.1027,9.9112,6.9751,17.661,14.48,6.7067,12.228,9.9738,9.6732,8.6654,76.726,84.895,76.511,77.945,33.007,31.724,27.564,34.141,27.693,4.8483,19.172,25.634,27.334,7.0341,4.1596,14.88,13.62,21.771,27.078,25.096,29.151,27.335,2.6437,2.7815,2.978,3.1743,2.398,2.029,0.728,2.9644,13.839,7.0027,15.3,4.2055,17.525,15.495,19.421,3.0747,2.6239,2.8871,3.1033,2.0463,2.0902,2.8681,2.3847,1.8421,1.8254,0.52534,0.083496,0.13561,0.0023164,0.0033091,0.013888,0.0028113,0.0073545,36.594,35.863,34.132,48.955,37.657,43.128,23.342,18.487,0.10795,21.788,18.554,21.647,15.83,17.933,19.513,20.215,18.577,76.485,83.622,78.941,77.157,44.823,49.706,27.65,37.496,33.205,23.793,10.641,9.7636,10.276,9.9611,5.8545,6.5721,8.5363,7.9819,6.2681,2.3698,19.307,5.5836,9.573,65.425,95.407,63.106,31.611,48.625,59.762,33.165,6.8246,10.945,6.0902,18.168,25.395,17.541,22.138,23.304,9.3901,0.08715,1.2004,8.4878,0.36652,1.2194,3.1728,2.308,13.485,49.27,15.23,12.056,14.278,22.017,25.51,22.131,28.588,3.2743,2.5406,2.8595,2.5493,2.5708,3.012,3.9732,5.7246,22.89,1.176,17.571,0.91309,20.629,17.538,3.0544,2.6608,3.0795,4.5318,2.6914,3.1983,4.1826,6.6496,0.094043,0.0043041,0.0027579,0.024884,22.009,23.64,18.275,0.15846,19.924,13.524,2.7274,10.774,11.16,12.289,7.8497,9.3655,14.596,33.503,3.1911,2.5882,1.7974,3.2199,18.723,14.304,17.236,19.21,11.24,11.116
76.656,0.078621,22.774,48.072,14.571,8.8267,135.83,84.467,76.212,36.252,26.882,2.4826,15.116,38.163,3.5178,6.2609,18.172,19.926,3.3229,3.343,0.0075577,0,18.702,12.129,24.781,28.066,18.141,140.81,41.241,24.657,15.016,13.521,29.106,2.5416,18.861,19.063,17.258,20.229,19.698,19.35,18.445,66.516,74.739,70.759,40.044,69.785,45.923,18.111,9.6109,12.156,16.277,14.904,6.9694,7.9883,4.5047,4.5193,35.653,5.6367,4.0846,8.3173,7.4576,10.257,7.396,18.275,15.136,7.0657,12.696,10.35,10.13,9.0719,78.201,86.497,77.902,79.462,33.879,32.71,28.465,34.913,28.396,5.1634,19.789,26.44,27.808,7.3562,4.5028,14.827,13.111,20.991,26.376,24.301,28.328,26.534,2.8002,2.9348,3.1476,3.357,2.5514,2.2022,0.7723,3.1471,14.116,7.0485,15.238,4.2934,17.588,15.551,19.431,3.2273,2.8076,3.0641,3.2785,2.1989,2.3104,3.0587,2.5207,2.0329,2.0662,0.59605,0.041818,0.087031,0.0025599,0.0070237,0.0016559,0.0032324,0.0019464,36.018,35.223,33.237,47.956,36.605,42.401,23.513,18.771,0.077898,22.143,18.912,21.999,16.187,18.312,19.914,20.648,18.989,77.898,85.147,80.464,78.688,45.92,50.749,28.527,38.529,33.799,24.297,11.203,10.283,10.83,10.5,6.2826,7.0253,9.0515,8.4592,6.6994,2.6407,19.843,5.9626,9.9817,66.838,97.108,64.363,32.556,49.836,60.959,33.797,7.2432,11.521,6.5232,18.719,26.086,18.189,22.463,23.737,9.287,0.1438,1.2849,8.4087,0.47751,1.3366,3.2387,2.2289,12.874,48.682,14.658,11.544,13.721,21.484,24.715,21.385,27.949,3.4232,2.783,3.0161,2.6733,2.6773,3.0911,4.2028,5.9969,23.12,1.3277,17.981,1.0045,20.658,17.56,3.2506,2.8361,3.2603,4.7648,2.9248,3.3796,4.2868,6.8161,0.049331,0.0020826,0.0019498,0.016193,22.39,24.07,18.629,0.098769,20.334,14.092,3.0155,11.217,11.568,12.768,8.1609,9.7694,14.018,32.732,3.3137,2.742,1.8575,3.2611,19.114,14.647,17.621,19.592,11.683,11.565
21.944,19.116,23.67,93.19,31.576,22.076,233.98,151.46,142.13,59.895,30.28,16.425,3.0172,3.5206,16.341,12.222,6.8812,7.6796,18.246,16.783,19.14,18.702,0,0.70897,0.43415,0.96817,1.9106,87.457,4.5693,7.2851,1.7006,10.519,30.02,33.361,23.204,23.751,21.076,24.152,22.987,23.895,22.214,115,148.31,137.74,86.954,107.2,111.44,57.189,37.924,27.217,57.62,27.631,40.859,39.258,31.479,33.12,49.544,33.534,33.668,37.227,23.992,21.504,30.165,38.017,58.214,24.742,28.84,23.403,29.823,26.507,122.54,157.21,110.77,130.16,57.288,77.737,65.356,48.533,43.114,42.359,37.688,53.204,28.396,21.711,37.871,5.0207,1.9907,9.7168,2.3874,6.7268,5.934,5.6734,16.387,16.003,16.61,17.069,16.614,18.548,15.094,17.377,16.969,8.5803,4.8025,11.558,8.7426,8.2473,7.3956,15.563,18.004,17.165,16.743,17.233,22.041,18.004,15.701,20.329,26.706,17.084,17.363,16.364,19.092,19.406,18.786,19.17,19.065,2.8432,2.6555,7.6446,10.539,20.266,4.9551,13.735,17.472,16.385,21.267,21.049,21.1,20.937,22.137,23.372,25.196,23.943,113.4,128.19,155,145.66,112.84,72.673,83.953,75.387,36.553,29.572,50.956,51.405,41.075,39.104,36.845,38.525,41.933,35.13,33.857,31.249,31.577,28.532,25.94,127.36,170.03,95.125,89.755,97.232,88.508,38.813,45.973,50.443,40.051,32.802,42.428,41.447,19.915,25.504,4.0211,20.065,15.504,4.7263,21.763,17.167,11.635,8.7192,7.9188,7.4095,2.8944,3.3459,3.0532,0.29472,6.4397,6.0805,1.4125,15.129,22.614,16.068,14.852,14.009,12.311,18.815,19.599,15.945,29.525,23.831,28.375,8.2056,7.4341,18.05,17.424,17.094,18.355,21.391,16.958,12.224,13.392,18.121,19.095,18.747,19.586,22.569,25.4,20.851,17.982,23.92,36.596,27.647,27.738,25.028,29.606,20.426,25.734,3.702,3.6746,13.964,16.327,13.231,10.707,22.791,20.285,22.413,22.341,27.487,27.93
