0,0.084402,55.528,29.088,17.369,23.383,8.5776,3.0555,3.1383,2.904,2.1394,3.0268,6.6571,4.2882,0.90731,1.0711,1.1114,0.03362,2.7227,0.13305,6.2517,1.104,2.8761,3.4609,3.4817,4.108,3.0708,7.1476,13.245,7.076,9.3015,7.4552,4.3582,14.036,14.754,19.895,1.4986,2.0699,0.30759,1.8757,0.042818,0.071933,0.080076,0.02931,0.20577,0.024436,0.056267,0.044172,0.10133,58.435,49.401,22.737,24.323,29.453,23.448,18.659,16.957,7.2493,13.751,17.076,9.8541,8.3013,9.2188,2.4685,7.082,2.861,4.5166,4.3219,1.7629,2.6741,2.1395,2.8893,3.3193,3.6126,63.613,46.278,80.604,96.968,60.258,56.163,1.24,2.0755,1.7181,2.5011,3.9673,4.7374,4.2213,3.6629,4.7667,1.128,1.0832,4.4571,3.5714,0.6765,0.19947,2.762,1.9347,3.1539,3.0289,3.3148,2.7158,3.5573,3.4051,3.4983,4.888,3.5138,3.4988,2.8528,4.6229,7.059,7.4699,6.4378,12.373,11.393,3.7176,4.9852,6.4733,6.1464,4.2047,5.8497,1.1662,4.8515,12.569,6.3119,1.7413,4.6375,4.7624,5.8931,4.7168,5.5447,5.2042,4.4423,27.742,11.577,0.23893,0.72063,0.82931,0.29243,0.043834,0.066588,0.090937,65.163,33.764,75.508,60.168,35.97,31.672,42.454,17.016,16.997,10.692,9.1269,24.85,2.4957,6.0394,3.2836,4.5891,4.9366,3.8434,6.1174,7.0291,11.06,19.824,3.0304,74.415,72.235,71.586,95.845,95.259,62.889,5.2708,1.668,4.6926,5.2178,1.0842,1.0728,1.1133,6.6285,0.27674,1.6649,2.0184,2.1127,2.3505,2.817,3.7841,3.0293,3.0241,3.5721,3.6345,3.3967,3.5744,3.4936,3.3014,3.8941,7.8214,2.1756,1.4012,5.4044,1.0401,3.9847,0.97363,0.63671,7.0908,7.2379,6.8433,10.737,11.04,0.4225,5.199,5.9205,3.1042,4.1032,5.3511,4.8032,0.89225,0.4589,0.069773,0.1476,0.10304,4.6714,0.93578,4.129,7.0801,0.075357,0.080997,0.050967,17.1,2.7833,12.203,16.532,4.5947,4.837,0.10064,4.6239,6.8723,6.9241,0.067683,0.031786
0.084402,0,59.902,32.046,19.873,25.506,10.347,3.9008,3.3485,3.2112,2.1028,3.314,7.2281,4.6336,1.0469,1.1992,1.2018,0.040169,3.0758,0.19074,5.8048,0.75097,1.9956,3.8848,3.08,3.7839,2.7678,7.2518,13.69,7.8607,10.838,7.4489,4.6289,12.196,12.954,17.796,0.88137,1.38,0.18907,1.1705,0.13058,0.13906,0.32884,0.018578,0.026669,0.1012,0.0058464,0.0080915,0.0010402,62.34,53.53,25.45,27.271,32.629,25.786,21.146,18.292,8.0635,15.903,18.757,11.327,9.7072,10.664,3.2543,8.4618,3.5358,5.7077,5.1556,2.531,3.0208,1.9993,3.119,3.5165,3.8633,67.715,50.279,85.851,102.69,64.852,60.599,1.2545,2.168,1.9624,2.3954,4.3985,5.2089,4.7622,4.3477,5.2768,1.3109,1.1934,4.6133,3.6646,0.84733,0.54136,3.041,2.2129,2.9224,2.7802,3.024,2.4487,2.8693,2.7513,2.8269,4.1063,2.806,2.8091,2.4284,3.9071,7.2288,7.4239,7.351,12.461,11.819,4.4963,5.6081,7.1058,6.7266,4.697,6.0407,0.87193,4.9372,12.176,6.6031,2.1255,4.7413,4.5632,6.0327,4.8129,5.6085,5.324,4.335,25.362,9.896,0.072185,0.6548,0.8957,0.3575,0.018824,0.0053832,0.015816,69.878,37.167,80.525,64.68,39.321,35.026,45.983,19.413,18.293,11.985,10.461,26.805,3.3294,7.195,4.2485,5.6937,6.1665,4.9338,7.0175,8.5606,11.009,22.474,3.2055,79.495,76.712,76.313,101.61,101.01,67.581,4.5963,1.8506,5.1905,5.8241,1.2976,1.274,1.2692,6.0712,0.26387,1.3824,1.5763,2.581,3.0131,3.1561,4.1092,3.1428,2.6235,3.2538,2.9139,2.7183,2.8814,2.8321,2.6441,3.1475,7.0424,1.457,1.5984,5.4291,0.58034,3.4293,1.1612,0.72572,7.2812,7.416,6.68,10.989,10.314,0.71972,6.1308,6.8248,3.2439,4.1875,5.3594,4.8371,0.51303,0.42144,0.0025737,0.0089036,0.0011261,5.1734,1.2676,4.9673,7.2258,0.0013751,0.0022216,0.004517,18.243,3.8371,13.334,17.9,5.1009,5.3624,0.0029835,5.1154,7.0585,7.0746,0.012562,0.015137
55.528,59.902,0,7.2251,11.065,20.366,20.457,36.902,51.908,56.138,63.677,56.856,54.764,57.281,53.112,53.398,54.352,57.287,48.214,57.074,79.998,66.261,83.621,53.941,67.981,66.163,65.158,56.756,52.331,49.613,31.458,70.812,59.332,122.02,114,126.03,75.264,78.373,60.119,77.125,55.067,55.499,51.447,57.874,62.409,55.431,58.911,58.565,60.288,8.9608,0.17923,8.4131,6.6723,8.5921,15.814,10.605,33.597,39.408,14.625,25.782,25.966,26.664,26.254,42.213,26.747,40.646,30.012,37.505,38.671,48.352,60.516,51.32,52.309,51.106,8.9941,4.1293,7.5513,12.704,1.3072,0.60093,60.788,60.316,55.78,65.996,54.535,54.629,51.995,47.199,53.647,52.029,53.849,62.432,62.707,55.648,49.297,56.644,55.277,63.284,63.692,64.927,64.068,76.001,74.98,75.511,79.114,76.567,76.037,68.385,77.14,55.04,60.792,36.653,60.693,51.51,44.669,50.945,52.862,53.793,53.274,63.557,68.063,64.811,73.262,61.627,52.112,64.038,71.808,64.935,64.349,66.368,64.455,69.06,139.55,108.86,62.612,61.705,54.971,55.218,58.167,59.42,59.926,0.41662,2.7904,9.4789,6.0987,12.726,4.2368,4.9735,16.009,34.511,30.393,28.601,25.123,37.134,31.055,34.424,31.706,29.28,31.944,36.79,23.942,63.314,8.9982,52.741,1.5777,8.2598,3.507,5.9369,6.0805,1.2256,83.91,57.295,53.861,51.74,51.273,51.574,52.702,73.748,57.266,68.796,73.142,50.51,40.822,55.158,57.047,61.343,67.786,65.77,76.966,75.688,76.149,75.222,75.056,77.784,90.092,77.065,51.698,67.157,69.579,72.399,51.913,57.665,54.543,54.941,63.435,55.384,81.058,51.631,42.747,44.63,60.792,63.738,67.496,66.054,67.177,57.779,59.367,61.372,60.336,53.717,51.936,43.668,55.661,59.563,59.849,58.872,38.211,33.663,35.066,32.508,53.491,53.343,60.155,53.928,54.513,55.446,58.939,58.048
29.088,32.046,7.2251,0,4.5202,3.4567,7.2298,14.211,22.526,35.338,39.512,35.989,37.949,37.622,24.981,24.978,25.566,29.909,20.427,31.231,54.39,34.488,49.871,34.36,33.675,31.978,31.787,24.407,20.769,34.434,21.167,49.805,39.141,83.418,67.077,75.825,43.396,46.672,30.998,43.677,28.184,28.308,26.402,30.522,33.736,28.572,31.228,31.036,32.26,5.7093,5.457,0.59195,3.76,10.505,1.6955,1.4669,9.6629,13.674,3.15,5.7137,6.5472,7.2851,6.8315,23.938,7.8669,16.083,10.709,13.642,16.566,20.539,28.987,22.277,22.698,21.791,7.2072,12.61,27.325,37.374,12.833,10.095,36.277,37.217,33.592,41.477,35.32,36.142,33.696,29.453,35.449,24.031,25.262,41.382,40.634,31.77,25.142,35.534,33.529,30.353,30.724,31.472,31.197,40.043,39.309,39.678,41.702,40.56,40.122,34.396,40.238,23.288,27.069,12.394,26.286,20.379,27.489,33.636,36.386,36.799,34.631,43.49,40.403,43.386,34.975,42.571,30.945,42.653,47.823,44.469,42.942,45.105,43.493,45.742,85.352,64.136,34.584,35.842,26.311,27.389,30.601,31.898,32.431,9.8985,1.7698,28.62,20.071,18.422,5.3546,1.2712,11.428,10.157,8.3547,7.8174,5.7233,14.903,9.9032,13.108,11.031,10.116,11.849,12.562,7.5704,28.197,2.7809,23.121,15.444,9.836,9.6632,25.87,26.394,13.305,55.396,34.587,35.537,34.448,23.602,23.804,24.479,36.643,28.877,41.836,44.773,30.23,16.58,34.534,36.944,39.1,33.812,31.957,40.799,39.912,40.155,39.44,39.458,41.286,61.795,42.719,23.549,45.493,37.658,36.809,24.132,33.076,22.954,23.185,29.052,22.934,40.967,28.195,27.394,29.569,38.813,41.9,45.664,44.165,35.7,28.852,31.562,33.09,32.3,35.41,29.544,27.102,23.693,31.72,32.145,31.298,12.209,15.333,10.602,9.082,35.171,35.29,32.075,35.52,22.983,23.586,31.101,30.671
17.369,19.873,11.065,4.5202,0,10.385,1.6499,9.119,18.098,17.654,21.743,18.078,17.893,18.614,17.158,17.458,18.031,18.475,15.694,18.01,32.04,24.489,34.194,16.573,27.242,26.675,25.432,23.311,24.201,15.225,6.4536,27.065,19.769,59.594,58.421,67.728,28.994,30.724,20.436,30.504,17.292,17.597,15.096,18.745,21.348,17.449,19.341,19.128,20.112,19.687,8.4588,1.9085,0.5841,2.8815,7.5021,1.1633,15.193,13.337,1.1251,10.498,6.6142,6.119,6.4183,10.132,5.382,11.301,5.6983,10.388,9.1203,15.741,22.241,17.597,18.446,17.949,22.027,7.8231,24.421,34.137,13.004,11.068,19.993,19.825,17.237,23.129,17.022,17.274,15.702,12.982,16.745,16.724,17.724,21.524,21.467,17.086,13.897,17.904,16.993,24.468,24.605,25.474,24.593,31.535,30.893,31.237,34.107,31.794,31.51,27.017,32.892,22.288,25.768,11.204,28.483,22.722,11.657,15.336,16.802,17.213,16.393,22.524,24.26,22.962,35.603,21.576,15.232,22.473,26.931,23.308,22.668,24.022,22.853,25.277,79.349,53.72,21.286,20.522,18.142,17.752,18.949,19.544,19.789,15.714,3.1896,22.829,14.567,7.2408,2.1966,9.5201,1.6275,15.761,9.8661,7.8529,14.089,8.8103,7.4944,7.6896,6.9121,5.5334,6.4756,11.092,3.3424,29.23,0.22021,18.502,19.937,25.296,21.458,31.62,31.277,14.198,34.169,18.071,16.842,15.831,16.253,16.417,17.096,32.392,18.868,24.68,27.311,14.426,11.029,17.095,18.359,20.581,26.818,26.106,32.09,31.253,31.624,31.084,30.854,32.705,38.384,30.876,16.751,24.431,26.07,29.95,16.529,18.215,22.025,22.336,26.871,24.573,38.988,14.927,11.028,12.222,20.287,22.172,24.609,23.652,24.732,19.352,19.597,20.719,20.138,16.758,15.058,11.232,22.652,19.703,19.805,19.29,18.019,6.2558,13.535,14.315,16.614,16.598,20.062,16.86,21.88,22.439,19.402,18.836
23.383,25.506,20.366,3.4567,10.385,0,8.9144,9.5435,13.3,34.648,36.619,35.305,40.405,37.973,17.315,17.057,17.406,23.523,12.319,26.247,51.539,24.89,40.201,34.499,21.633,19.771,20.345,12.499,8.401,37.784,26.769,50.076,39.22,72.312,47.194,53.649,34.691,38.412,23.273,33.663,22.008,21.889,21.529,24.228,26.703,22.463,24.739,24.654,25.6,9.7383,17.495,4.3497,11.731,22.625,0.324,4.7064,1.8734,5.9688,5.221,0.63699,2.9218,3.9532,3.3075,24.075,5.1502,10.114,8.2598,7.8034,12.795,12.429,18.845,13.328,13.283,12.481,12.02,28.45,50.21,63.563,29.608,25.355,32.835,34.947,31.699,38.478,35.81,37.237,34.726,30.517,36.698,16.343,17.234,41,39.426,28.399,20.843,34.629,31.966,19.1,19.497,19.898,20.14,27.362,26.796,27.065,27.861,27.902,27.491,22.768,26.68,11.754,14.299,5.8461,12.307,8.5311,28.787,35.384,38.964,39.034,35.486,43.996,34.853,42.879,18.776,43.75,29.586,42.118,45.727,44.754,42.413,44.847,43.337,43.994,60.088,46.083,28.174,31.299,18.372,20.316,24.139,25.617,26.23,24.101,9.9935,51.713,39.691,33.811,15.982,6.2446,19.735,2.0734,2.6874,3.298,0.31136,10.756,5.671,9.4204,7.4835,7.6665,8.9571,6.0967,6.8873,14.002,8.4376,13.779,32.826,16.73,20.374,46.983,47.947,30.288,50.384,32.386,36.7,36.276,16.139,16.282,16.658,22.281,21.515,36.967,39.042,29.476,10.988,33.908,36.91,37.639,22.11,20.115,28.023,27.382,27.454,26.842,27.034,28.263,57.4,31.825,15.651,44.966,28.308,24.013,16.651,29.274,11.513,11.615,16.039,10.369,24.142,24.809,30.015,32.594,37.528,40.968,45.025,43.371,26.509,21.026,25.009,26.312,25.638,36.577,27.111,28.815,12.026,25.155,25.741,24.909,2.9937,14.408,3.0253,1.692,36.307,36.633,25.352,36.622,11.617,12.012,24.469,24.374
8.5776,10.347,20.457,7.2298,1.6499,8.9144,0,3.0991,9.0375,10.601,13.097,10.959,12.35,11.896,8.1667,8.3776,8.7764,9.2872,7.336,9.2702,22.017,13.455,21.366,10.078,15.563,15.226,14.204,13.365,15.316,10.58,4.7895,19.144,12.745,43.246,40.48,48.327,17.244,18.817,10.563,18.2,8.4195,8.6063,7.0229,9.5163,11.406,8.5522,9.9401,9.797,10.509,25.706,16.808,3.8496,4.1452,8.0302,7.1707,2.2385,10.21,6.6139,0.84072,7.217,2.9182,2.2534,2.6472,4.8573,1.5497,4.4495,1.2818,4.0987,3.0165,7.3613,11.818,8.6565,9.3042,9.009,28.861,16.489,38.677,50.642,23.856,21.089,11.411,11.737,9.7359,14.229,10.62,11.127,9.7766,7.5495,10.759,7.8738,8.562,14.023,13.591,9.0457,6.2512,10.714,9.6708,13.518,13.603,14.261,13.562,18.764,18.27,18.535,20.791,18.961,18.743,15.342,19.854,12.637,15.146,5.0426,18.073,13.873,6.5873,9.8293,11.49,11.657,10.269,15.315,14.222,15.199,23.132,14.838,8.3079,14.764,17.893,15.882,14.935,16.233,15.274,16.618,58.393,36.541,11.509,11.452,8.8502,8.6263,9.6398,10.148,10.362,26.467,8.3401,36.349,25.702,13.624,7.653,14.453,3.3945,10.592,5.1602,3.511,11.668,2.8538,2.6071,2.266,1.9876,1.2479,1.6323,4.9027,0.42238,18.309,2.323,9.2998,32.547,33.808,31.561,47.272,46.975,25.42,22.953,10.301,10.798,10.284,7.5508,7.6619,8.1294,19.731,9.422,14.816,16.738,7.905,4.2112,10.163,11.496,12.724,15.21,14.747,19.19,18.544,18.833,18.419,18.238,19.669,26.937,18.354,7.9082,16.458,14.725,17.604,7.7358,9.8139,12.461,12.706,15.805,14.997,25.272,7.3098,6.7345,7.9155,12.553,14.32,16.558,15.657,13.69,9.7321,10.128,10.963,10.529,10.728,7.7456,6.4444,12.894,10.208,10.325,9.9222,12.107,1.6761,7.9072,9.5249,10.593,10.682,10.456,10.782,12.317,12.715,9.9573,9.5865
3.0555,3.9008,36.902,14.211,9.119,9.5435,3.0991,0,1.5553,8.8007,9.093,9.1151,13.17,10.848,1.5192,1.5395,1.6988,3.1502,0.89918,4.1469,17.091,4.4336,11.078,9.076,4.8657,4.6025,4.1194,3.9235,6.3689,12.466,9.8547,17.232,11.351,29.821,21.537,27.227,8.1819,9.8714,3.2801,8.097,2.6042,2.588,2.4126,3.3978,4.4253,2.7536,3.6054,3.5633,3.9497,35.243,31.982,10.455,13.986,21.052,9.6324,7.9896,6.2466,1.5005,5.0706,5.7882,1.9372,1.3041,1.6657,4.6916,0.93348,0.12386,0.40037,0.2239,0.31219,0.90772,2.9406,1.3968,1.6712,1.5671,39.353,33.797,63.37,78.542,43.134,39.032,7.1741,8.4301,7.0203,9.9965,9.8602,10.847,9.6149,7.7426,10.666,1.3116,1.6146,12.069,10.964,5.2156,2.2231,8.7099,7.2441,3.7185,3.7806,4.1193,3.8054,6.9957,6.6891,6.8489,8.0659,7.1615,7.0032,4.8575,7.462,3.5863,4.8056,0.8983,7.2691,5.2128,7.1475,10.317,12.53,12.357,9.8836,14.009,7.9227,13.002,9.795,14.195,6.2576,12.592,14.022,14.317,12.749,14.145,13.381,13.182,34.67,19.042,4.955,6.3256,1.8584,2.1852,3.3805,3.9209,4.1543,44.38,19.398,60.64,46.609,29.139,20.133,23.722,12.175,6.3534,2.4572,1.6365,10.66,0.060563,0.50344,0.069345,0.20398,0.45591,0.23478,0.78054,1.457,7.0453,9.9974,1.6623,53.336,46.499,47.268,72.027,71.984,45.057,16.119,7.2457,10.623,10.784,1.2025,1.2489,1.42,7.1905,2.6158,8.9797,9.9808,6.4359,0.098914,8.4765,10.156,9.9822,4.7331,4.3709,7.2862,6.8953,7.0405,6.7651,6.7055,7.5469,20.255,7.657,1.2444,14.107,5.6138,6.0689,1.3164,5.5191,3.5169,3.652,5.0384,5.4771,10.767,3.7622,8.4939,9.8703,9.9843,11.85,14.098,13.158,4.8668,2.5721,3.7132,4.239,3.9642,10.564,4.8872,7.4073,3.7021,3.7696,3.9788,3.6596,6.7882,1.4513,3.6093,5.8956,10.419,10.685,3.8618,10.552,3.412,3.5941,3.5202,3.4519
3.1383,3.3485,51.908,22.526,18.098,13.3,9.0375,1.5553,0,11.715,10.459,12.008,18.014,14.341,0.67162,0.5471,0.53821,2.7898,0.09088,4.5637,17.969,1.9905,7.943,12.557,1.1169,0.86574,0.79879,0.87057,3.5043,18.031,17.501,20.247,14.612,24.765,12.058,16.209,5.8657,7.692,2.082,5.0048,2.4513,2.2858,3.1231,3.0626,3.5044,2.6207,3.1218,3.1517,3.3171,45.025,46.122,18.62,24.588,34.051,14.719,15.609,6.818,1.469,11.68,8.1711,4.8021,4.2351,4.5474,8.621,4.1456,0.80438,3.5149,1.1679,2.2288,0.089985,0.48439,0.0070399,0.0033287,0.019455,49.778,49.715,84.423,101.87,60.265,55.195,8.3233,10.274,9.2437,11.222,13.53,14.874,13.695,12.019,14.82,0.50599,0.54573,14.953,13.349,6.595,3.3415,11.48,9.6774,0.58246,0.6369,0.74639,0.72523,2.5658,2.3874,2.474,2.9294,2.7189,2.5968,1.2915,2.5513,0.80503,1.1268,1.5796,3.1397,2.5888,11.66,14.865,17.512,17.101,13.814,17.389,7.6146,15.734,3.9374,18.042,8.927,15.333,15.592,17.52,15.483,16.978,16.335,15.044,21.731,10.644,4.367,6.8142,0.78053,1.5471,2.9418,3.5299,3.7868,60.349,30.695,81.513,65.087,44.021,32.592,33.518,22.264,6.7281,4.0583,3.8732,13.212,1.8667,2.6652,2.2719,2.6515,3.6183,2.9986,1.4874,5.8934,2.6338,19.052,0.0042472,71.379,58.45,61.473,92.819,92.985,62.415,15.614,9.2357,14.718,15.353,0.54906,0.55108,0.51326,2.0664,1.7338,9.0336,9.397,9.5178,0.95681,11.463,13.427,12.264,1.1591,0.82716,2.7676,2.5548,2.5944,2.4102,2.445,2.8704,19.934,4.0996,0.34924,16.754,3.1644,1.745,0.62188,6.5774,0.80821,0.8628,1.09,2.2723,4.1782,5.2906,13.87,15.418,12.388,14.365,16.668,15.68,2.5982,1.4229,3.1762,3.4982,3.3283,14.666,6.9441,12.205,0.82316,3.2175,3.5031,3.2311,6.3949,5.172,4.0368,6.7127,14.511,14.906,3.2001,14.608,0.73683,0.7686,2.9579,3.1074
2.904,3.2112,56.138,35.338,17.654,34.648,10.601,8.8007,11.715,0,0.39526,0.0031098,0.81467,0.13469,6.886,7.3454,7.5085,3.456,10.532,1.8707,2.1287,7.0193,5.9108,0.051592,12.566,13.864,11.868,18.903,27.581,1.181,4.4876,1.4262,0.16586,13.665,26.979,33.661,4.6617,4.1948,4.9101,6.3859,3.6293,3.8839,2.7416,3.225,3.4915,3.4558,3.3018,3.221,3.3059,69.236,50.182,27.175,24.149,24.725,32.997,22.547,29.871,17.1,17.392,28.125,17.683,15.336,16.745,1.1072,13.102,9.4766,9.0916,11.652,5.8077,10.452,10.025,11.185,12.09,12.537,74.419,40.976,72.421,86.809,56.995,54.14,0.55988,0.1847,0.15527,0.51764,0.10311,0.24947,0.21857,0.42494,0.27899,7.384,7.4065,0.26738,0.18819,0.78011,2.5791,0.0034071,0.098622,12.089,11.83,12.367,11.174,11.924,11.727,11.863,14.357,11.735,11.784,11.224,14.066,18.66,19.592,15.217,26.955,24.885,0.68044,0.43297,0.80708,0.66613,0.17236,0.60427,1.7104,0.43919,27.556,0.68397,0.21649,0.36537,0.97708,0.66875,0.39333,0.65704,0.48836,0.68606,44.271,21.897,2.7163,1.1377,6.7796,5.0144,3.3962,2.9583,2.7912,66.208,35.815,65.728,52.432,27.626,30.055,49.793,13.252,30.109,20.38,17.428,37.923,7.4417,12.927,8.3255,10.223,9.732,8.4738,14.707,11.042,25.161,21.23,11.573,73.043,82.233,77.614,93.081,91.809,59.883,2.9059,0.19034,0.25642,0.45855,7.1963,7.197,7.4032,18.103,4.9653,1.316,1.9829,0.21072,8.3647,0.00464,0.05865,0.11729,11.634,12.847,11.95,11.603,11.94,11.893,11.478,12.41,3.9967,7.8508,8.0343,0.67457,6.0027,13.262,6.9649,0.8849,18.677,18.936,18.645,24.258,25.028,1.2625,1.1642,1.1599,0.092767,0.28035,0.68594,0.50148,6.0869,5.6628,3.3106,3.3025,3.3019,0.25533,0.62888,0.84518,18.733,3.2962,3.0471,3.1802,30.936,4.4343,23.665,29.074,0.24442,0.30413,3.4097,0.23944,18.328,18.471,3.4883,3.1995
2.1394,2.1028,63.677,39.512,21.743,36.619,13.097,9.093,10.459,0.39526,0,0.37647,2.0792,0.76147,5.8306,6.2306,6.3076,2.4796,9.6411,1.2055,1.2719,5.0522,3.3276,0.72969,10.102,11.459,9.6249,17.042,26.026,2.8513,7.4242,1.6365,0.65817,9.7263,21.502,27.428,2.5536,2.084,3.549,3.941,2.7836,2.9708,2.315,2.2453,2.1859,2.6094,2.2416,2.1965,2.1579,74.596,57.243,31.123,29.125,30.711,35.591,26.143,30.159,16.808,20.394,29.298,18.881,16.51,17.93,2.1987,14.358,9.3391,10.18,11.72,6.1737,9.5526,8.2026,10.001,10.785,11.312,80.144,48.577,82.717,98.243,65.443,62.134,0.12384,0.049499,0.26145,0.024033,0.85305,1.1545,1.1912,1.5683,1.256,6.3739,6.252,0.5455,0.24527,0.5356,2.3625,0.32751,0.30294,9.962,9.6876,10.114,9.0419,9.0172,8.8902,8.9871,11.134,8.8098,8.8849,8.8092,10.969,16.941,17.403,15.247,24.7,23.402,1.9734,1.6291,2.1638,1.9013,1.0578,1.0825,0.54088,0.61411,24.351,1.3983,0.57909,0.55606,0.53967,1.0484,0.57631,0.85198,0.76585,0.41665,37.16,16.886,1.5373,0.41109,5.5911,3.9808,2.3698,1.9233,1.7548,74.33,41.358,75.798,61.299,34.402,35.976,54.893,17.658,30.301,21.003,18.306,39.35,7.8147,13.652,8.9313,11.014,10.864,9.3667,14.738,12.838,22.708,25.449,10.255,82.156,88.764,85.118,103.65,102.44,68.48,1.399,0.17042,1.2041,1.6502,6.2617,6.238,6.3384,15.042,3.7904,0.28296,0.61173,0.77859,8.2815,0.44777,0.59275,0.15207,9.2331,10.514,8.9885,8.7344,9.0243,9.0319,8.6532,9.3745,2.4816,5.2316,7.0026,0.77623,3.9581,10.486,5.9975,0.46908,16.998,17.22,16.279,22.447,21.33,1.1596,2.8708,2.9082,0.18919,0.37729,0.74861,0.56549,4.1631,4.376,2.2198,2.0891,2.1516,1.2083,0.73764,2.2811,16.962,2.1952,1.9698,2.1424,30.748,5.6404,23.759,29.473,1.1967,1.3156,2.2532,1.1686,16.658,16.723,2.3969,2.2124
3.0268,3.314,56.856,35.989,18.078,35.305,10.959,9.1151,12.008,0.0031098,0.37647,0,0.78038,0.11058,7.0986,7.5641,7.7246,3.5806,10.826,1.9585,1.9841,7.1549,5.8894,0.0592,12.778,14.106,12.087,19.263,28.062,1.1781,4.6284,1.2986,0.12929,13.407,27.061,33.737,4.684,4.1784,5.0468,6.4304,3.7707,4.0281,2.8831,3.3409,3.584,3.5914,3.413,3.3326,3.4084,70.153,50.867,27.741,24.628,25.118,33.641,23.063,30.45,17.518,17.851,28.707,18.149,15.77,17.199,1.2244,13.506,9.788,9.428,12.007,6.0653,10.744,10.245,11.473,12.386,12.845,75.365,41.481,73.04,87.448,57.644,54.799,0.57709,0.1818,0.18428,0.48194,0.099791,0.23579,0.22837,0.47701,0.27123,7.6106,7.6237,0.21335,0.14587,0.84198,2.7274,0.006062,0.12557,12.323,12.057,12.595,11.39,12.073,11.881,12.014,14.521,11.877,11.931,11.414,14.239,19.026,19.939,15.622,27.387,25.34,0.75219,0.44077,0.78687,0.64282,0.17393,0.52761,1.7128,0.36848,27.926,0.61253,0.26791,0.30113,0.87936,0.58479,0.32656,0.57039,0.41483,0.6032,44.378,21.946,2.7893,1.1717,6.9803,5.1824,3.5141,3.0585,2.8842,66.991,36.423,66.269,52.95,27.951,30.559,50.561,13.552,30.688,20.867,17.885,38.601,7.7332,13.319,8.6397,10.574,10.08,8.7962,15.106,11.415,25.559,21.706,11.859,73.817,83.216,78.53,93.923,92.631,60.555,2.7731,0.21217,0.24816,0.45833,7.4238,7.4229,7.6266,18.354,5.1204,1.2965,1.9473,0.26503,8.6583,0.015061,0.042769,0.090567,11.834,13.077,12.092,11.749,12.089,12.048,11.627,12.554,3.8093,7.924,8.2731,0.58612,6.0967,13.456,7.1852,0.93809,19.046,19.306,18.966,24.688,25.32,1.3632,1.233,1.2053,0.067415,0.22504,0.59668,0.42577,6.1994,5.8279,3.4191,3.3978,3.404,0.24824,0.70453,0.91953,19.096,3.4031,3.1466,3.289,31.511,4.6723,24.174,29.649,0.23971,0.29752,3.5154,0.23157,18.693,18.833,3.6034,3.3138
6.6571,7.2281,54.764,37.949,17.893,40.405,12.35,13.17,18.014,0.81467,2.0792,0.78038,0,0.32634,12.031,12.64,12.897,7.526,16.336,5.101,3.0825,12.6,10.636,0.51867,19.681,21.221,18.754,26.795,36.363,0.13999,3.2443,1.0689,0.40974,17.697,36.89,44.576,9.1988,8.3127,9.6525,11.639,7.6997,8.0798,6.2256,7.2048,7.6725,7.4638,7.3424,7.2159,7.3744,73.091,49.119,29.167,23.753,21.974,37.743,24.494,37.145,23.427,19.54,34.196,22.438,19.782,21.385,2.1947,17.096,14.416,12.585,16.777,9.4511,16.246,16.329,17.334,18.492,18.961,78.091,37.177,66.093,79.106,53.594,51.471,2.6954,1.6778,1.6592,2.1544,0.34966,0.16502,0.29645,0.72624,0.15823,12.619,12.741,0.62059,0.97973,3.1361,5.8427,0.91293,1.4423,18.973,18.667,19.362,17.868,18.972,18.722,18.894,22.012,18.733,18.796,18.026,21.646,26.417,27.798,20.947,36.19,33.289,0.98741,0.17534,0.017182,0.012939,0.28231,0.42878,4.7125,0.75444,37.436,0.23427,1.6062,0.72939,1.8557,0.55169,0.74046,0.76965,0.62885,1.4916,56.75,30.8,6.506,3.8644,11.98,9.6396,7.463,6.843,6.5991,64.717,36.034,58.867,47.007,23.012,28.599,52.378,11.69,37.513,26.178,22.537,44.687,11.447,17.54,12.252,14.295,13.292,12.088,20.361,13.949,34.301,21.858,17.888,70.072,85.172,78.452,88.811,87.228,56.511,4.9004,1.7925,0.17139,0.11939,12.335,12.352,12.679,26.487,9.6483,3.8873,4.8521,1.3439,13.033,0.83223,0.4705,1.1109,18.525,19.972,19.004,18.566,18.993,18.932,18.408,19.583,5.4042,13.663,13.433,0.89827,11.236,20.613,12.071,3.3861,26.409,26.732,26.812,32.84,34.753,3.8451,0.85816,0.53887,1.015,0.87374,0.95552,0.91756,11.353,10.611,7.365,7.3839,7.3692,0.17578,2.6401,0.98004,26.537,7.3475,6.9834,7.1626,38.826,6.6838,30.449,36.142,0.19185,0.14769,7.5248,0.18474,26.002,26.222,7.6156,7.1717
4.2882,4.6336,57.281,37.622,18.614,37.973,11.896,10.848,14.341,0.13469,0.76147,0.11058,0.32634,0,8.942,9.4651,9.6525,4.9483,12.999,2.9996,1.9529,9.032,7.2654,0.083441,15.265,16.713,14.51,22.213,31.472,0.69412,4.2811,0.86256,0.018227,14.222,30.277,37.275,6.06,5.3629,6.6514,8.0718,5.1621,5.4645,4.083,4.6668,4.9428,4.9542,4.7521,4.6573,4.7443,72.567,51.348,29.051,25.036,24.635,35.962,24.29,33.507,20.038,19.061,31.376,20.222,17.698,19.217,1.6062,15.242,11.703,10.906,14.044,7.481,12.911,12.478,13.751,14.757,15.24,77.763,40.811,71.705,85.692,57.309,54.715,1.1605,0.5268,0.57781,0.82766,0.036489,0.049643,0.12843,0.50974,0.081533,9.5029,9.5356,0.11343,0.20581,1.5606,3.8647,0.16802,0.46377,14.766,14.476,15.066,13.745,14.449,14.245,14.389,17.117,14.228,14.292,13.767,16.824,21.94,22.972,17.928,30.878,28.592,0.81455,0.22828,0.36076,0.25708,0.072845,0.22286,2.5587,0.2326,31.539,0.22543,0.65571,0.19034,0.88967,0.28884,0.20668,0.34576,0.21783,0.61053,48.47,24.787,3.9926,1.9721,8.825,6.7927,4.8712,4.331,4.1214,67.467,37.213,64.651,51.769,26.761,30.653,52.349,13.325,33.786,23.311,20.061,41.631,9.3149,15.241,10.228,12.262,11.596,10.294,17.377,12.754,28.971,22.443,14.188,73.798,85.424,79.956,93.574,92.153,60.26,3.0988,0.62769,0.069439,0.20785,9.2859,9.2884,9.5279,21.312,6.7316,1.9708,2.6963,0.57299,10.46,0.16118,0.015823,0.2386,14.23,15.592,14.462,14.094,14.465,14.428,13.964,14.964,3.8659,9.7892,10.236,0.39527,7.8017,15.994,9.0265,1.6919,21.956,22.239,21.949,27.961,28.774,2.2106,1.0907,0.9269,0.19403,0.20186,0.41971,0.31581,7.9412,7.5398,4.7589,4.7278,4.7389,0.072981,1.3298,0.92925,22.023,4.7397,4.435,4.6055,34.761,5.6044,26.973,32.632,0.076627,0.097782,4.871,0.063328,21.578,21.739,4.9764,4.6349
0.90731,1.0469,53.112,24.981,17.158,17.315,8.1667,1.5192,0.67162,6.886,5.8306,7.0986,12.031,8.942,0,0.0075253,0.018507,0.72913,0.53968,1.735,11.744,0.76487,4.7511,7.6051,1.3864,1.5454,1.0328,2.9811,7.2368,12.249,13.045,13.559,9.1148,18.891,12.376,16.961,3.016,4.2584,0.46459,2.7192,0.55695,0.47963,0.94826,0.87291,1.1799,0.63898,0.91431,0.9259,1.0366,50.707,47.15,19.929,23.895,31.377,18.126,16.41,10.801,3.4035,12.004,11.611,6.45,5.4235,6.0177,5.0528,4.8113,1.012,3.2747,1.8932,1.2806,0.51633,0.44621,0.56209,0.75587,0.90375,55.67,47.638,82.263,99.244,59.813,55.181,4.2686,5.7108,5.0023,6.4035,8.3633,9.4459,8.5778,7.4276,9.4335,0.015689,0.011042,9.336,8.058,3.0889,1.128,6.6913,5.3384,0.95986,0.93033,1.118,0.83221,2.1809,2.0171,2.1054,2.9833,2.2419,2.1705,1.1889,2.6622,2.9098,3.2566,3.0964,6.6119,5.8882,7.2662,9.5667,11.68,11.304,8.6308,11.294,3.8296,9.9336,7.0964,11.866,4.8527,9.6201,9.7944,11.38,9.737,10.922,10.423,9.3582,23.534,10.158,1.6611,3.2098,0.017296,0.18295,0.81345,1.1382,1.2869,62.129,31.572,78.328,62.365,39.769,31.627,37.11,19.233,10.767,6.4219,5.6037,17.932,1.4281,3.516,2.0195,2.8363,3.527,2.6786,2.898,5.7404,5.7236,18.815,0.62156,72.366,64.347,65.696,93.852,93.671,62.192,10.005,4.9702,9.3431,9.9355,0.020953,0.015904,0.010818,3.3371,0.27053,4.8252,5.1722,5.3486,0.85795,6.7122,8.2154,7.2249,1.1983,1.2781,2.3228,2.1016,2.2038,2.0696,2.0001,2.496,13.502,2.3685,0.058178,10.734,1.3603,1.9453,0.0073328,3.055,2.9277,3.0241,2.9392,5.4021,6.4965,2.2781,9.1517,10.317,7.3283,8.8502,10.661,9.8781,0.9929,0.18508,0.94858,1.1527,1.0433,9.3058,3.4086,7.7539,2.9275,0.97294,1.1291,0.97106,10.624,3.3588,7.0946,10.55,9.187,9.5129,0.97342,9.2517,2.7882,2.8266,0.83086,0.89776
1.0711,1.1992,53.398,24.978,17.458,17.057,8.3776,1.5395,0.5471,7.3454,6.2306,7.5641,12.64,9.4651,0.0075253,0,0.0046899,0.86647,0.45438,1.9581,12.264,0.77495,4.907,8.0904,1.2352,1.3603,0.89644,2.6948,6.8197,12.861,13.603,14.177,9.6398,19.219,12.063,16.57,3.1657,4.4608,0.54175,2.8002,0.68605,0.59724,1.1246,1.0218,1.3239,0.77595,1.0606,1.0757,1.1849,50.474,47.428,20.019,24.219,31.934,17.955,16.527,10.457,3.2151,12.133,11.362,6.3652,5.3791,5.9483,5.4345,4.8184,0.98788,3.355,1.833,1.3873,0.43266,0.3564,0.4519,0.62147,0.76162,55.438,48.225,82.997,100.08,60.297,55.601,4.6146,6.1184,5.3934,6.8156,8.8718,9.9862,9.0934,7.9045,9.9737,0.0091707,0.0010051,9.8606,8.5416,3.3952,1.3188,7.1434,5.7436,0.81653,0.79382,0.96862,0.71308,2.0659,1.9044,1.9906,2.8121,2.1342,2.0596,1.074,2.4924,2.6315,2.9515,2.9626,6.1819,5.5141,7.733,10.11,12.281,11.895,9.1479,11.872,4.1129,10.469,6.6451,12.464,5.2421,10.149,10.298,11.958,10.268,11.482,10.974,9.8605,23.001,9.9423,1.8462,3.4998,0.026166,0.25428,0.95431,1.3024,1.4608,62.394,31.784,79.144,63.076,40.509,32.026,37.053,19.739,10.414,6.2424,5.4947,17.581,1.4891,3.4787,2.0758,2.8627,3.5961,2.756,2.7738,5.8498,5.3178,19.058,0.49877,72.754,64.156,65.707,94.312,94.166,62.663,10.436,5.357,9.8808,10.49,0.021788,0.016112,0.0025378,3.0642,0.34346,5.1539,5.4847,5.7573,0.86437,7.167,8.7167,7.6845,1.0713,1.1174,2.2104,1.9948,2.0888,1.9529,1.8948,2.3733,14.007,2.3903,0.0325,11.286,1.4187,1.7842,0.014282,3.3538,2.6502,2.7408,2.6502,5.0262,6.0956,2.5471,9.6695,10.872,7.793,9.356,11.21,10.408,1.0396,0.23176,1.095,1.3035,1.1919,9.8424,3.736,8.2334,2.6465,1.1204,1.2895,1.1232,10.233,3.5876,6.8246,10.226,9.7203,10.055,1.1164,9.7867,2.5173,2.5509,0.9682,1.048
1.1114,1.2018,54.352,25.566,18.031,17.406,8.7764,1.6988,0.53821,7.5085,6.3076,7.7246,12.897,9.6525,0.018507,0.0046899,0,0.8839,0.48506,2.0084,12.288,0.6854,4.747,8.2842,1.0937,1.2258,0.77904,2.622,6.783,13.162,14.045,14.317,9.8124,18.907,11.592,16.017,3.0582,4.3521,0.51783,2.6568,0.71802,0.62198,1.202,1.0386,1.3049,0.80772,1.0686,1.0876,1.1832,51.196,48.328,20.58,24.89,32.711,18.372,17.049,10.622,3.3136,12.589,11.624,6.6262,5.6367,6.2074,5.6756,5.084,1.1006,3.601,1.9689,1.5532,0.46244,0.28457,0.45073,0.60736,0.75648,56.2,49.18,84.247,101.45,61.347,56.603,4.688,6.2239,5.5258,6.8815,9.0731,10.204,9.3191,8.1497,10.2,0.025388,0.001368,10.01,8.6669,3.4904,1.4191,7.2987,5.8865,0.71199,0.68754,0.85035,0.60755,1.8749,1.7211,1.8031,2.5873,1.9411,1.8694,0.9372,2.2815,2.5743,2.843,3.0957,6.0683,5.4845,7.9949,10.36,12.547,12.148,9.3639,12.042,4.1065,10.607,6.427,12.66,5.4028,10.288,10.368,12.117,10.407,11.621,11.122,9.9495,22.354,9.5212,1.8405,3.5421,0.022456,0.26656,0.96618,1.313,1.471,63.411,32.519,80.367,64.169,41.37,32.799,37.743,20.343,10.568,6.4417,5.7207,17.872,1.6566,3.6867,2.269,3.0768,3.8472,2.9805,2.9067,6.1732,5.182,19.646,0.48311,73.879,65.007,66.662,95.596,95.457,63.73,10.39,5.4755,10.103,10.739,0.046184,0.037843,0.012743,2.8591,0.34014,5.1618,5.4556,5.9403,0.98251,7.3354,8.8943,7.8078,0.93623,0.99048,2.0134,1.8079,1.8969,1.767,1.7127,2.1683,13.959,2.2287,0.046658,11.415,1.3197,1.6085,0.034965,3.4303,2.5973,2.684,2.5217,4.9605,5.8223,2.6586,9.976,11.182,7.923,9.4854,11.335,10.534,0.95418,0.21656,1.0997,1.2945,1.19,10.066,3.8698,8.5107,2.5837,1.124,1.2955,1.1336,10.347,3.844,6.9671,10.403,9.9435,10.285,1.1139,10.007,2.4653,2.4904,0.97297,1.0641
0.03362,0.040169,57.287,29.909,18.475,23.523,9.2872,3.1502,2.7898,3.456,2.4796,3.5806,7.526,4.9483,0.72913,0.86647,0.8839,0,2.4837,0.24494,6.6228,0.75236,2.5508,4.0933,2.8736,3.4773,2.52,6.5211,12.547,8.0262,10.442,8.1294,4.9942,13.62,13.403,18.32,1.2589,1.8822,0.13977,1.5026,0.026206,0.030859,0.19143,0.0065312,0.1153,0.015541,0.015376,0.013643,0.045483,59.255,51.058,23.606,25.625,31.18,23.796,19.488,16.689,7.0233,14.477,17.074,10.019,8.5016,9.3961,3.0774,7.3493,2.8284,4.8246,4.2929,1.9579,2.4352,1.7164,2.569,2.9515,3.2525,64.504,48.347,83.341,100.03,62.388,58.142,1.5185,2.4735,2.1462,2.8343,4.6366,5.4683,4.9407,4.3768,5.5115,0.94461,0.86843,5.0515,4.0822,0.95249,0.36577,3.2929,2.3958,2.6186,2.4976,2.7492,2.2035,2.8997,2.7632,2.8469,4.1134,2.86,2.8467,2.2902,3.8741,6.4679,6.7615,6.3283,11.528,10.752,4.4503,5.7757,7.3512,6.9914,4.9088,6.5362,1.2407,5.4371,11.519,7.0635,2.2172,5.2191,5.1977,6.5594,5.2995,6.1583,5.825,4.9086,25.857,10.413,0.21386,0.88738,0.62678,0.18202,0.0040821,0.048464,0.082213,67.012,35.062,78.282,62.605,38.033,33.229,43.4,18.389,16.699,10.652,9.2057,24.794,2.6464,6.1602,3.4745,4.786,5.242,4.1108,6.0175,7.5026,10.201,20.899,2.6718,76.578,73.323,73.064,98.36,97.822,65.035,5.4271,2.0675,5.4291,6.0179,0.92261,0.90595,0.91758,5.784,0.14065,1.811,2.0831,2.6475,2.3588,3.3737,4.4045,3.5119,2.4521,2.9798,2.969,2.7547,2.9151,2.8431,2.6692,3.2041,8.0499,1.7098,1.1945,5.9919,0.72172,3.3065,0.81184,0.8722,6.5083,6.6425,6.1166,10.031,9.945,0.6887,6.0623,6.8285,3.6038,4.6438,5.9278,5.3617,0.58549,0.27507,0.023161,0.081606,0.047041,5.4079,1.301,4.9018,6.4764,0.027805,0.050907,0.020274,16.692,3.2621,11.97,16.303,5.3277,5.5907,0.037872,5.3542,6.2981,6.3301,0.011893,0.0089775
2.7227,3.0758,48.214,20.427,15.694,12.319,7.336,0.89918,0.09088,10.532,9.6411,10.826,16.336,12.999,0.53968,0.45438,0.48506,2.4837,0,4.0446,17.192,2.2007,8.2244,11.238,1.6943,1.4587,1.2761,1.3702,4.0331,16.196,15.246,18.958,13.319,25.368,13.956,18.48,5.9742,7.7429,1.9884,5.3169,2.1049,1.9777,2.5656,2.745,3.3155,2.2658,2.8375,2.85,3.0638,42.732,42.619,16.504,21.822,30.645,13.405,13.596,6.5677,1.2659,9.8775,7.48,3.9201,3.3173,3.6536,7.261,3.1398,0.36032,2.491,0.68641,1.4488,0.00027023,0.75073,0.054626,0.1237,0.11808,47.347,45.665,79.188,96.088,56.008,51.181,7.5809,9.3488,8.2459,10.428,12.158,13.408,12.231,10.533,13.327,0.37251,0.47081,13.742,12.267,5.8242,2.6885,10.332,8.627,1.0237,1.0762,1.2419,1.1416,3.2706,3.0633,3.1668,3.8163,3.4224,3.2943,1.8102,3.3888,1.2419,1.7713,1.1939,3.9478,3.0429,10.129,13.286,15.809,15.454,12.382,16.043,7.2194,14.55,5.1289,16.584,7.8342,14.151,14.675,16.212,14.301,15.759,15.095,14.065,24.49,12.257,4.0845,6.2439,0.69746,1.3361,2.6508,3.2161,3.4627,56.459,27.839,76.274,60.419,40.112,29.387,31.129,19.511,6.5256,3.4989,3.1393,12.539,1.1349,1.9092,1.4572,1.8001,2.5901,2.0519,1.091,4.5695,3.4896,16.662,0.11632,66.977,55.668,58.098,87.786,87.889,58.116,15.183,8.2905,13.239,13.763,0.37889,0.39079,0.40249,3.0048,1.5744,8.5363,9.0456,8.3258,0.45826,10.267,12.145,11.217,1.686,1.3655,3.49,3.2359,3.3026,3.0997,3.1081,3.6323,19.424,4.5435,0.24527,15.579,3.3502,2.4515,0.45731,5.8797,1.2291,1.304,1.7839,2.8524,5.5002,4.5076,12.126,13.618,11.312,13.243,15.511,14.544,2.7513,1.335,2.9033,3.2669,3.0756,13.186,6.0162,10.606,1.2825,2.9473,3.2096,2.9318,6.3776,3.9384,3.7783,6.3995,13.035,13.397,2.9559,13.139,1.1469,1.2136,2.6953,2.791
0.13305,0.19074,57.074,31.231,18.01,26.247,9.2702,4.1469,4.5637,1.8707,1.2055,1.9585,5.101,2.9996,1.735,1.9581,2.0084,0.24494,4.0446,0,4.6165,1.6983,2.6075,2.3695,4.7449,5.5521,4.3154,9.2185,16.03,5.6037,8.4002,5.6011,3.0278,12.597,16.078,21.422,1.3753,1.688,0.72032,2.0068,0.3261,0.39516,0.23356,0.18351,0.30452,0.26901,0.20363,0.18297,0.21753,61.992,50.874,24.376,25.062,29.301,26.034,20.078,19.829,9.2215,14.966,19.696,11.68,9.9237,10.966,1.9847,8.4717,4.0661,5.5072,5.7537,2.4494,3.9862,3.2579,4.2622,4.7812,5.1318,67.259,46.369,80.622,96.767,61.058,57.163,0.56082,1.1672,0.94897,1.4843,2.78,3.4321,3.0527,2.7252,3.4787,2.0355,1.9729,3.0763,2.3382,0.2378,0.33304,1.7478,1.1212,4.4605,4.2985,4.6205,3.9026,4.5364,4.3898,4.4843,6.0657,4.4524,4.4596,3.9505,5.8242,9.1254,9.5537,8.2207,15.053,13.986,2.8655,3.7334,4.983,4.6733,3.008,4.2543,0.61618,3.3907,15.122,4.6778,1.0429,3.2153,3.3113,4.2794,3.28,3.9706,3.6924,3.0384,29.746,12.539,0.16703,0.24473,1.6182,0.81305,0.2258,0.13204,0.10846,66.956,35.191,75.076,59.956,35.108,32.278,45.09,16.727,19.895,12.842,10.993,28.033,3.4078,7.5181,4.2751,5.7719,5.9925,4.8012,7.8532,8.0489,13.573,20.775,4.4326,75.843,75.873,74.47,97.275,96.534,63.788,3.9173,0.88997,3.4104,3.9135,1.9739,1.9597,2.0161,8.3431,0.75532,0.92548,1.2761,1.3696,3.4191,1.8178,2.5797,1.9079,4.1845,4.9139,4.5878,4.3451,4.5512,4.4918,4.2529,4.8796,6.1032,2.5545,2.3972,3.8472,1.3792,5.2214,1.8255,0.19304,9.1633,9.3293,8.8051,13.258,13.227,0.20062,4.1977,4.7488,1.9728,2.7702,3.8007,3.3434,1.3178,1.0388,0.20864,0.23586,0.21728,3.3954,0.47941,3.2497,9.147,0.20683,0.15484,0.17477,20.087,3.0755,14.667,19.338,3.3349,3.5459,0.2408,3.3501,8.9145,8.9702,0.25111,0.17724
6.2517,5.8048,79.998,54.39,32.04,51.539,22.017,17.091,17.969,2.1287,1.2719,1.9841,3.0825,1.9529,11.744,12.264,12.288,6.6228,17.192,4.6165,0,9.3905,4.4895,2.561,15.966,17.922,15.646,25.904,37.323,4.4954,11.995,0.73428,1.5954,6.0816,24.654,30.46,4.6073,3.3605,7.9258,6.4328,7.2678,7.5099,6.8132,6.2144,5.6757,6.9771,6.1129,6.0762,5.8514,94.849,72.889,44.274,40.566,40.455,50.278,38.294,43.485,26.883,31.367,42.719,29.948,26.945,28.748,6.2469,24.174,17.265,18.64,20.521,13.03,17.067,14.25,17.423,18.357,19.133,101.01,60.6,97.114,113.08,80.403,77.257,2.1193,1.6481,2.5086,0.95306,2.4662,2.5634,3.0745,4.3067,2.7857,12.57,12.256,1.1257,1.0553,3.4353,7.0028,2.0499,2.5112,16.28,15.88,16.309,14.996,13.605,13.562,13.626,16.014,13.259,13.425,14.225,16.04,25.926,25.989,25.065,35.007,34.189,5.1121,3.478,3.4527,3.125,2.7729,1.2125,2.2183,0.85576,33.366,1.6392,3.2843,0.92844,0.22181,1.0287,0.89757,0.77336,0.9535,0.402,40.777,19.401,4.6377,2.7362,11.26,8.9954,6.3771,5.5735,5.2599,91.95,55.406,88.627,73.634,42.779,47.927,72.133,25.473,43.614,32.49,29.187,54.702,15.353,23.226,16.931,19.764,19.563,17.542,24.414,22.066,32.325,36.798,17.637,99.638,110.38,105.41,122.53,120.93,83.882,0.34611,2.2697,2.7229,3.3374,12.477,12.421,12.467,21.685,8.5434,1.5245,1.5199,3.547,15.85,2.3296,1.9475,1.2754,14.849,16.74,13.447,13.267,13.597,13.721,13.237,13.858,0.32844,8.2986,13.443,0.65881,7.4576,15.971,12.068,3.1893,26.041,26.284,24.328,32.708,28.775,4.8448,5.9602,5.5274,1.3419,0.92699,0.61395,0.70359,8.0376,9.325,6.036,5.6361,5.8369,2.751,3.9238,5.4757,25.899,5.9796,5.6044,5.9645,43.962,12.123,35.679,42.709,2.7873,2.8694,6.0103,2.6948,25.618,25.619,6.3462,6.1481
1.104,0.75097,66.261,34.488,24.489,24.89,13.455,4.4336,1.9905,7.0193,5.0522,7.1549,12.6,9.032,0.76487,0.77495,0.6854,0.75236,2.2007,1.6983,9.3905,0,1.9842,8.0339,0.88103,1.3667,0.79524,4.3837,10.027,13.471,16.73,12.321,8.9691,12.72,7.9579,11.819,1.0788,1.9626,0.25414,0.68456,0.85224,0.74037,1.6212,0.81343,0.61196,0.88026,0.73868,0.78569,0.70165,63.728,59.567,28.444,32.537,40.136,26.146,24.154,16.154,6.7526,18.683,17.792,11.574,10.236,11.015,6.8642,9.4124,3.5124,7.1058,4.9769,3.7366,2.1535,0.59338,1.9047,2.06,2.3929,69.298,58.872,96.972,115.16,73.143,68.183,3.7858,5.3125,5.1151,5.3807,8.7557,9.8821,9.2913,8.6843,9.9888,0.95011,0.72956,8.8369,7.4685,3.1903,2.0521,6.7566,5.5204,0.96074,0.86076,0.95103,0.66181,0.6984,0.63437,0.67361,1.3541,0.67917,0.67218,0.52099,1.2329,4.4953,4.2427,6.6129,8.3286,8.5088,8.839,10.462,12.462,11.948,9.19,10.765,2.5513,9.1878,7.3787,11.598,5.4027,8.9483,8.2497,10.696,9.0349,10.047,9.743,8.1014,17.882,5.8611,1.0268,2.6207,0.55233,0.55501,0.73013,0.88351,0.96443,76.39,41.912,92.118,74.864,48.6,41.339,48.519,25.708,16.029,11.229,10.358,25.223,4.2033,7.5365,5.2123,6.5372,7.5065,6.206,6.3498,10.55,6.9491,26.743,1.8275,87.441,79.031,80.636,110.86,110.55,75.857,7.1764,4.9036,9.8674,10.753,1.031,0.98987,0.86614,2.6603,0.39754,3.468,3.3626,6.1094,3.2429,6.956,8.2982,6.7593,0.63486,1.0549,0.73273,0.62783,0.70576,0.67321,0.58792,0.8516,10.161,0.44327,1.0854,9.7583,0.14226,0.98993,0.92195,2.9224,4.5747,4.6478,3.5217,7.4907,5.6227,2.8651,11.068,12.055,6.9307,8.1766,9.6435,8.9867,0.053775,0.30277,0.72052,0.69269,0.70261,9.8457,3.9542,9.4789,4.4452,0.72134,0.82977,0.79266,15.504,6.3875,11.631,15.961,9.7483,10.11,0.66011,9.763,4.4054,4.3452,0.66336,0.81638
2.8761,1.9956,83.621,49.871,34.194,40.201,21.366,11.078,7.943,5.9108,3.3276,5.8894,10.636,7.2654,4.7511,4.907,4.747,2.5508,8.2244,2.6075,4.4895,1.9842,0,7.0626,4.7269,5.9571,4.8478,11.976,20.652,12.324,19.279,7.9376,6.8801,4.7066,8.2749,11.944,0.22576,0.14691,2.3202,0.35513,3.0805,3.0327,3.8904,2.3961,1.5827,2.9641,2.1956,2.2552,1.9335,85.835,76.064,41.676,43.709,49.264,41.204,36.128,29.396,15.935,29.164,31.202,22.069,19.948,21.202,8.6617,18.363,10.042,14.367,12.603,8.9704,8.1308,4.7024,7.7523,8.0868,8.7323,92.189,70.913,112.1,130.9,88.87,84.085,2.955,4.0071,4.6266,3.2259,7.5183,8.4004,8.401,8.8626,8.6608,5.2885,4.8221,6.2936,5.1974,3.4901,4.5092,5.6305,4.9891,5.3873,5.1316,5.2176,4.6378,2.9391,2.9823,2.9785,3.9371,2.7464,2.8534,3.8139,4.0608,12.249,11.475,15.495,17.688,18.507,9.5214,9.5422,10.857,10.255,8.0864,7.6758,1.2852,6.2195,15.084,8.6587,5.4958,6.1427,4.5539,7.4157,6.1656,6.6831,6.7135,4.7906,18.683,5.4161,1.5224,2.1817,4.2287,3.4294,2.3575,2.068,1.9694,95.392,56.344,105.3,87.362,56.08,53.196,66.88,32.357,29.249,22.213,20.606,41.039,10.283,16.157,11.876,14.141,15.066,13.103,15.057,18.803,15.443,37.758,7.6177,106.33,102.89,102.91,131.56,130.76,92.139,2.5099,4.2247,8.5243,9.6322,5.3975,5.3157,5.119,7.437,2.94,1.6698,1.1324,6.2924,9.3342,6.034,6.7286,4.875,4.1774,5.3562,2.8099,2.8023,2.9261,3.0409,2.8278,2.9555,4.1319,0.81628,5.7252,6.3412,1.0833,4.3488,5.1072,2.9902,12.4,12.498,10.079,16.818,11.357,4.1456,11.713,12.12,5.0862,5.5853,6.2028,5.8838,1.4661,3.0816,2.1077,1.7394,1.9243,8.5325,4.6287,10.239,12.136,2.0685,1.9926,2.19,28.58,11.206,23.122,29.097,8.4943,8.8136,1.9702,8.4281,12.13,11.987,2.2152,2.3573
