0,50.938,21.309,86.171,109.95,133.6,124.8,148.98,65.651,49.425,66.375,67.898,64.042,1.0257,29.592,44.056,39.323,51.08,48.317,57.29,99.069,99.254,80.165,29.697,53.971,30.054,50.8,42.696,64.945,56.145,69.264,73.651,72.825,77.48,96.63,133.8,133.7,131.92,129.88,137.43,136.37,136.54,117.09,138.99,126.13,151.98,87.272,87.677,85.486,86.357,88.007,85.965,84.997,85.548,88.059,85.668,86.11,86.215,84.191,85.639,25.752,47.133,40.598,52.38,44.659,50.937,66.712,63.94,57.78,66.277,67.223,64.654,61.669,70.022,61.892,62.06,64.613,64.429,64.291,64.374,23.725,28.884,51.131,54.5,51.103,59.44,129.25,116.29,140.04,127.87,142.26,133.36,161.43,131.98,109.45,114.65,79.346,81.47,84.791,72.093,83.549,83.297,84.116,83.206,80.243,28.16,28.375,46.971,40.837,27.086,52.806,49.773,36.956,58.502,59.132,62.518,57.893,70.434,52.488,62.518,70.045,79.47,75.997,89.189,91.978,165.58,152.45,161.06,86.544,86.542,84.059,77.468,86.435,84.092,76.641,56.542,54.724,57.328,49.497,49.255,49.814,49.376,68.057,67.424,66.823,62.991,61.754,63.11,64.38,65.031,63.765,63.167,64.75,19.105,15.969,46.354,20.186,52.408,58.129,160.61,91.13,109.49,102.25,95.67,87.944,85.089,83.426,80.639,83.417,47.366,39.769,162.73,183.26,141.94,117.41,84.306,87.308,65.997,88.719,57.743,59.163,57.673,59.177,101.78,114.8,82.055,82.749,86.725,86.959,85.583,87.081,58.9,84.045,58.497,58.528,84.339,85.111,88.371,85.031,85.01,84.708
50.938,0,33.396,30.74,38.342,29.626,26.235,37.358,5.1606,29.565,11.905,11.863,18.071,41.576,3.8749,25.972,17.03,32.837,33.217,36.719,17.359,20.321,20.871,34.888,0.3857,29.413,4.3891,32.329,5.5787,15.003,6.6132,18.185,18.408,31.659,19.519,30.579,31.996,28.706,28.505,31.825,31.305,29.316,61.865,44.778,69.828,69.551,8.9857,9.0029,8.2686,8.792,8.9647,8.4412,9.0219,8.0703,8.9418,8.1672,8.5615,8.5841,7.8081,8.6566,33.485,27.777,23.906,26.341,24.495,25.526,11.22,10.586,6.0227,12.06,11.679,13.882,14.517,21.849,17.224,17.298,17.799,18.561,18.284,18.566,29.166,3.4303,39.62,32.641,28.611,40.153,66.588,69.064,34.488,64.971,53.976,49.604,49.196,35.499,39.665,45.911,15.809,23.751,26.41,25.982,23.184,22.442,22.983,22.741,22.935,37.109,36.658,0.2859,2.0602,24.512,0.024477,32.349,31.715,13.947,12.156,15.566,9.3888,5.5567,8.598,7.4339,8.718,25.862,23.39,30.995,27.464,52.967,43.109,83.851,8.6557,8.8072,8.919,9.3975,8.2526,7.3123,3.9913,42.086,26.791,22.921,26.784,25.536,24.785,24.563,11.883,11.651,10.388,8.8225,10.516,10.376,18.755,18.695,18.517,17.967,18.223,14.978,21.899,0.13575,23.786,22.438,30.59,71.455,45.164,33.225,39.179,26.172,23.702,24.217,21.397,22.483,21.707,0.81237,11.325,44.239,60.611,80.549,61.944,7.6774,8.583,42.73,9.0783,39.217,39.664,38.951,38.936,26.697,33.384,23.401,23.019,8.2594,7.719,8.163,8.7036,38.216,22.745,38.691,39.15,23.255,22.837,25.225,23.569,23.221,22.831
21.309,33.396,0,25.639,39.632,66.169,60.115,75.551,28.278,6.5818,21.823,22.867,16.802,13.121,15.197,5.1376,5.8163,6.8383,5.7574,9.0196,43.206,40.769,25.651,0.69454,30.999,0.95067,19.542,3.905,27.136,13.913,29.081,22.672,22.015,20.018,39.134,65.426,63.994,65.276,63.256,68.151,67.512,69.863,39.303,60.458,44.295,62.459,42.109,42.509,41.451,41.473,42.927,41.656,39.725,41.868,43.022,41.822,41.603,41.674,40.899,40.953,0.21185,5.9656,4.3475,8.3407,5.6327,7.8947,22.57,21.248,21.63,21.646,22.555,19.393,17.228,18.709,15.968,16.028,17.258,16.804,16.848,16.77,0.2188,17.386,6.4487,8.2453,7.3948,9.7046,46.695,38.221,68.448,45.987,59.285,53.661,79.162,59.546,38.804,40.656,28.09,25.174,26.287,18.466,26.847,27.03,27.336,26.821,24.716,0.52208,0.53518,27.74,19.319,1.0689,35.219,6.3825,2.2924,15.746,17.185,17.15,18.466,31.577,16.081,23.179,27.203,23.014,21.765,27.539,30.829,80.851,74.346,66.614,41.899,41.641,38.955,32.358,42.493,41.716,41.16,8.4498,9.2771,11.451,7.0552,7.1974,7.5846,7.4525,22.959,22.71,23.324,22.132,19.916,20.881,16.69,17.092,16.443,16.348,17.142,4.0905,1.8075,31.823,0.8396,9.2818,10.121,68.706,25.439,41.391,33.839,34.154,29.696,27.432,27.651,25.188,27.484,25.177,8.6322,84.573,94.021,53.712,39.5,41.257,42.843,12.456,43.498,9.0423,9.6136,9.028,9.6629,38.626,45.602,25.725,26.374,42.795,44.111,41.739,42.387,9.5922,27.403,9.3892,9.3746,27.361,28.107,29.269,27.694,27.847,27.825
86.171,30.74,25.639,0,1.5194,13.99,11.85,16.806,11.445,6.5158,4.3888,4.4525,2.1257,68.553,26.12,7.8228,9.1123,6.8675,8.1043,5.9836,7.2703,4.8906,1.0823,19.309,24.447,16.729,12.402,10.34,10.629,3.9721,9.8546,1.6458,1.5723,0.45963,4.6046,13.148,11.798,13.842,12.708,14.295,14.113,16.494,5.4025,7.5648,7.9136,9.8641,12.996,13.208,13.395,12.841,13.492,13.322,11.663,13.86,13.573,13.723,13.16,13.176,13.602,12.695,21.72,6.9527,8.9918,4.7421,7.2719,5.0796,4.8446,5.2479,9.5646,4.2933,4.5507,3.381,3.3449,1.0071,2.5525,2.5156,2.1238,1.991,2.0574,1.9961,21.617,29.838,9.4823,5.5711,5.6518,6.5725,6.9301,8.0093,13.495,6.4309,7.0659,5.1958,15.837,8.5224,1.3992,2.1338,3.0731,0.49507,0.22146,0.62835,0.70602,0.86561,0.79119,0.78619,0.60574,21.594,21.191,26.298,20.548,17.42,31.661,7.216,13.177,3.9209,4.5941,2.9127,6.3663,11.929,7.65,7.9778,7.3201,0.22188,0.5298,0.037512,0.55067,16.153,14.424,14.126,13.227,12.919,11.374,8.153,14.021,14.674,19.434,8.423,4.0917,2.9615,5.8205,5.668,5.3457,5.4653,4.4456,4.5752,5.4596,6.6321,5.3422,5.4024,1.9621,1.9033,2.0733,2.2451,2.0218,25.032,27.969,32.882,23.374,4.2468,3.8826,11.745,1.8226,2.132,0.72996,1.3161,0.95402,0.58587,1.165,0.71015,1.073,22.364,10.138,20.257,22.344,11.8,5.4226,13.961,13.858,5.578,13.71,6.775,6.4697,6.694,6.1815,2.3224,3.342,0.58135,0.69491,14.195,15.664,13.68,13.457,5.9998,0.8443,6.3133,6.4807,0.74318,0.90717,0.6357,0.72157,0.80194,0.87479
109.95,38.342,39.632,1.5194,0,9.313,8.1204,10.513,15.425,14.22,8.0919,7.9225,6.4069,89.998,36.885,16.231,17.765,14.566,16.365,12.904,6.5281,4.1106,2.9628,31.548,31.054,28.318,18.715,19.608,14.674,9.4319,13.233,4.4039,4.467,3.4275,4.1521,8.4299,7.0739,9.351,8.4198,9.1993,9.13,11.561,4.7007,2.51,6.5665,4.6645,14.02,14.188,14.682,13.979,14.444,14.54,12.925,15.165,14.522,15.004,14.349,14.353,15.077,13.923,34.687,14.929,17.899,11.616,15.439,12.151,8.4892,9.3148,14.657,8.0136,8.1213,7.3954,7.8614,4.5182,7.1472,7.086,6.2981,6.2335,6.3084,6.2478,34.598,41.009,17.858,12.613,12.956,13.442,4.7962,8.1446,8.1045,4.3577,2.0789,1.1298,8.3273,4.0128,0.035174,0.44962,4.9142,2.3159,1.6827,4.0636,2.185,2.3478,2.1763,2.2956,2.5714,34.421,33.919,34.145,28.961,29.199,39.056,15.115,23.541,8.9401,9.4541,7.3304,11.387,15.237,13.568,12.292,10.497,2.4706,3.1771,1.11,0.99834,8.281,7.7725,8.8549,14.361,14.037,12.748,10.299,15.215,16.225,22.332,16.034,10.576,8.6823,13.265,13.053,12.565,12.748,7.8917,8.1151,9.085,10.849,9.7513,9.5973,6.2227,6.0539,6.4228,6.6654,6.1944,38.073,42.219,41.391,36.695,10.81,10.076,5.5014,3.7042,0.39364,0.39034,1.1721,1.8088,1.8854,2.583,2.5932,2.5053,29.841,18.427,12.6,12.791,9.0656,4.6779,15.44,14.925,11.518,14.578,13.862,13.34,13.767,12.976,1.3549,0.89692,2.2954,2.2858,15.359,16.885,14.97,14.532,12.773,2.229,13.208,13.416,2.1079,2.1384,1.499,1.9982,2.0655,2.1653
133.6,29.626,66.169,13.99,9.313,0,0.15189,0.45845,12.543,35.731,12.314,11.583,16.577,113.22,39.726,36.528,32.88,37.695,40.227,37.014,2.6022,3.0834,10.102,58.669,23.918,52.423,19.897,43.898,12.623,19.401,10.753,11.622,12.145,19.277,3.5425,0.030043,0.20262,0.0072893,0.033744,0.040163,0.024465,0.12326,26.733,4.4197,30.25,18.8,6.0344,6.0016,6.6417,6.2208,6.0153,6.4879,6.2164,6.7931,6.0305,6.7105,6.3934,6.3713,7.0692,6.3623,61.25,35.788,37.467,30.528,34.699,30.849,11.948,13.105,15.704,12.412,11.841,13.953,15.876,15.76,17.283,17.231,16.087,16.669,16.571,16.703,58.84,42.402,44.774,34.941,33.555,39.032,25.525,34.544,0.24032,24.593,9.5447,9.1855,2.7938,1.3869,10.488,13.288,8.0342,11.261,11.489,17.659,9.9593,9.6258,9.5887,9.8434,11.312,62.773,62.03,28.594,28.828,50.595,29.394,38.209,48.269,17.399,16.196,15.958,15.943,10.858,18.899,13.334,10.171,13.668,13.683,12.738,9.0234,3.8958,1.4807,28.437,6.3021,6.1982,6.3876,7.6639,6.6155,7.5058,12.01,43.267,29.262,24.195,33.054,32.101,31.018,31.148,11.515,11.739,11.695,13.206,14.188,13.461,16.822,16.415,17.019,17.011,16.274,52.623,61.598,33.511,57.688,27.152,30.374,17.4,23.985,6.0383,13.154,6.774,8.3877,9.9157,8.9728,10.845,9.1498,25.979,29.005,1.5188,5.592,33.572,26.651,7.17,6.3262,37.096,5.9115,39.285,38.716,39.056,37.941,4.9131,4.4315,10.767,10.215,6.6038,7.1288,6.7175,6.2417,37.392,9.478,38.18,38.639,9.6543,9.0727,9.1239,9.5421,9.3424,9.2419
124.8,26.235,60.115,11.85,8.1204,0.15189,0,1.0922,10.057,31.602,9.74,9.089,13.698,105.11,35.156,32.224,28.628,33.529,35.883,33.049,1.497,1.9211,7.9837,53.104,20.777,47.116,16.645,39.254,10.098,16.188,8.4297,9.2496,9.7224,16.641,2.2762,0.17229,0.31092,0.1066,0.052273,0.30879,0.25955,0.39889,25.007,4.4168,28.67,18.552,4.5171,4.5014,5.05,4.6651,4.5291,4.9164,4.6008,5.2041,4.5464,5.1266,4.8278,4.8101,5.4228,4.7763,55.49,31.596,33.038,26.699,30.49,26.967,9.4092,10.437,12.805,9.8291,9.3171,11.235,12.979,13.077,14.314,14.269,13.247,13.794,13.698,13.825,53.13,37.748,40.325,30.983,29.562,35.046,24.241,32.474,0.56342,23.303,9.3919,8.7541,3.6711,1.3338,9.2242,12.06,6.0213,9.1169,9.4281,14.942,7.9413,7.6185,7.6061,7.8219,9.1314,57.011,56.303,25.059,25.003,45.297,26.085,33.986,43.3,14.348,13.23,13.076,12.983,8.5997,15.663,10.659,7.8553,11.348,11.265,10.747,7.2958,4.8501,2.1293,28.082,4.7548,4.6503,4.7313,5.6986,5.0638,5.8543,10.009,39.03,25.55,20.777,29.04,28.122,27.1,27.212,9.0293,9.2265,9.1814,10.528,11.406,10.754,13.938,13.568,14.11,14.087,13.427,47.124,55.638,29.84,51.957,23.472,26.707,17.504,21.558,4.9948,11.542,5.2733,6.577,7.9432,7.0047,8.6995,7.1717,22.511,24.964,2.5685,7.0954,32.372,24.938,5.5283,4.811,33.378,4.4549,35.241,34.735,35.02,33.992,3.697,3.6405,8.6647,8.1612,5.0641,5.5965,5.13,4.7169,33.457,7.4993,34.202,34.643,7.6744,7.1455,7.2862,7.5876,7.3979,7.2944
148.98,37.358,75.551,16.806,10.513,0.45845,1.0922,0,17.762,41.676,16.934,16.098,21.178,127.25,48.635,42.966,39.781,43.538,46.36,42.334,5.0738,5.3554,13.459,66.971,30.961,60.523,26.256,50.605,17.831,24.716,15.589,15.497,16.073,22.749,5.9839,0.40825,0.48338,0.57806,0.66676,0.23987,0.28778,0.55847,27.642,3.9671,30.674,17.514,9.8054,9.7592,10.573,10.046,9.7707,10.379,10.051,10.755,9.7882,10.653,10.261,10.233,11.11,10.229,70.02,41.936,44.248,36.138,41.058,36.59,16.58,17.969,21.345,17.032,16.413,18.616,20.749,19.837,22.072,22.006,20.648,21.231,21.148,21.269,67.76,51.64,50.79,40.442,39.318,44.231,25.661,35.684,0.18502,24.795,8.793,8.9461,1.3344,1.5362,11.711,14.174,11.613,14.472,14.433,21.547,13.038,12.737,12.634,12.954,14.622,71.351,70.563,36.278,36.518,58.974,37.061,44.173,55.602,22.544,21.351,20.735,21.327,15.769,24.77,18.513,14.756,16.996,17.291,15.34,11.473,2.151,0.57852,26.776,10.144,10.016,10.268,11.776,10.525,11.635,17.04,48.807,34.654,29.327,38.95,38.007,36.862,37.032,16.019,16.299,16.368,18.246,19.216,18.396,21.384,20.926,21.634,21.684,20.815,62.172,71.571,41.732,67.009,32.735,35.494,15.63,26.54,7.332,14.846,9.0194,11.168,12.872,12.1,14.135,12.27,33.34,35.967,0.31107,3.0182,33.12,27.538,11.23,10.16,41.743,9.6317,44.625,43.929,44.395,43.134,6.7932,5.4333,13.943,13.351,10.506,11.125,10.663,10.062,42.593,12.533,43.433,43.9,12.679,12.055,11.845,12.515,12.324,12.251
65.651,5.1606,28.278,11.445,15.425,12.543,10.057,17.762,0,16.006,1.7924,1.672,5.3025,52.256,7.6327,14.471,9.2199,18.257,19.213,20.092,4.1545,5.234,5.5764,26.175,2.7247,21.389,0.98292,19.912,0.019658,4.5306,0.09382,4.457,4.644,12.919,4.7733,12.85,13.298,11.985,11.558,13.875,13.529,13.089,32.499,19.98,38.241,36.84,1.5724,1.6361,1.3747,1.4488,1.6964,1.4274,1.2483,1.4168,1.7084,1.4201,1.4352,1.4491,1.2399,1.3538,26.463,15.13,13.781,12.879,13.198,12.564,1.4762,1.4127,0.45413,1.8681,1.6361,2.8813,3.53,6.9913,5.0545,5.078,5.0718,5.5553,5.4023,5.5647,23.621,8.8406,23.92,17.353,14.887,22.508,35.4,38.508,15.184,34.203,25.828,22.784,24.531,14.542,16.321,20.486,2.9559,7.2167,8.6753,9.5129,6.7528,6.3269,6.6054,6.5073,6.7961,28.709,28.225,3.9177,3.3459,18.534,5.396,18.16,21.044,3.6083,2.5984,4.0133,1.4945,0.095094,1.8701,0.43516,0.48039,8.7071,7.4022,11.404,8.9757,26.918,20.498,47.601,1.4928,1.4757,1.1361,0.7044,1.5368,1.3285,1.4923,24.778,12.753,9.4619,13.826,12.93,12.247,12.176,1.6707,1.6115,1.1395,0.82144,1.5692,1.3934,5.6806,5.5667,5.6083,5.3446,5.3115,15.605,21.733,6.4442,20.9,10.012,15.01,38.22,21.651,12.199,16.277,8.1099,6.8681,7.2945,5.7194,6.4971,5.8959,2.705,5.6845,22.773,33.225,45.892,32.536,1.2823,1.6322,23.38,1.8052,22.077,22.154,21.868,21.542,8.3963,12.376,6.9662,6.6963,1.5873,1.7759,1.4067,1.5748,21,6.4687,21.479,21.856,6.7552,6.4747,7.7533,6.9087,6.7039,6.4885
49.425,29.565,6.5818,6.5158,14.22,35.731,31.602,41.676,16.006,0,8.253,8.8456,3.9019,36.213,17.099,0.20513,1.9237,0.085873,0.15341,0.48065,20.783,17.979,7.8358,3.4106,24.851,2.5518,11.937,0.44571,14.926,3.5927,15.465,6.755,6.3495,3.7082,17.014,34.809,33.212,35.244,33.57,36.788,36.388,39.075,14.416,28.096,17.844,28.58,23.92,24.245,23.839,23.511,24.625,23.895,21.927,24.327,24.721,24.222,23.77,23.816,23.691,23.166,4.5639,0.040828,0.57075,0.21159,0.27863,0.21734,8.9474,8.5097,11.389,8.0954,8.7465,6.2687,5.0515,4.0316,3.7523,3.7586,4.1637,3.794,3.8742,3.7785,4.83,20.31,0.79598,0.14584,0.034341,0.91101,18.826,14.723,36.317,18.299,26.524,22.842,42.199,28.813,13.616,14.539,10.585,7.0517,7.2994,3.3926,8.0972,8.3356,8.4185,8.1596,6.928,4.3936,4.2152,24.129,16.404,3.3501,31.032,0.068342,1.1708,4.6176,5.8791,4.6981,7.7248,17.994,7.2105,11.248,12.937,5.5995,5.2846,7.5273,9.8154,42.99,39.321,32.046,23.957,23.642,21.368,16.08,24.733,24.743,27.272,1.1043,0.32385,1.1522,0.079825,0.1647,0.25129,0.26218,8.8894,8.8445,9.7429,9.8601,7.858,8.4139,3.7036,3.8898,3.6501,3.7332,4.0153,9.7848,9.6523,29.879,6.5086,0.73113,0.37928,32.781,6.3341,15.864,10.65,12.093,9.7088,8.267,8.9055,7.2693,8.7436,20.596,4.3972,47.837,52.785,24.168,14.526,24.086,24.807,1.6454,25.038,0.73763,0.84304,0.7057,0.76665,14.978,18.747,7.417,7.8518,24.988,26.523,24.154,24.338,0.68362,8.5002,0.71053,0.75967,8.3856,8.9019,9.1965,8.5281,8.6782,8.7351
66.375,11.905,21.823,4.3888,8.0919,12.314,9.74,16.934,1.7924,8.253,0,0.012268,0.98692,51.805,10.682,7.7195,5.1082,9.7211,10.657,10.623,3.6572,3.3183,1.3008,18.402,8.1196,14.685,2.1975,11.745,1.4508,1.009,1.3372,0.66259,0.70889,5.0918,2.8501,12.156,11.864,11.88,11.112,13.324,13.018,13.73,19.523,14.122,24.088,25.007,4.0746,4.2097,4.0591,3.9098,4.3697,4.0766,3.2763,4.2716,4.4106,4.2228,4.0213,4.0395,4.0198,3.7721,19.389,7.8519,7.675,5.886,6.8031,5.7922,0.016621,0.043105,1.0124,0.00086883,0.0072141,0.14792,0.39195,1.7043,0.94123,0.94565,0.87665,1.0892,1.0247,1.0946,17.674,12.827,13.962,8.8151,7.336,12.298,22.206,23.925,13.834,21.281,17.334,14.55,20.806,11.19,8.5309,11.358,0.59302,2.0363,2.8675,3.0473,1.9341,1.749,1.9055,1.8156,1.7998,20.69,20.264,9.2829,6.4365,13.246,12.474,9.7593,13.314,0.55337,0.2768,0.52137,0.32071,2.2113,0.85315,0.53553,0.56717,2.6948,1.9586,4.4887,3.4262,22.425,17.645,33.104,4.0962,3.9629,3.0634,1.2932,4.4353,4.4957,6.2285,14.214,5.6382,3.4246,6.7482,6.174,5.68,5.6722,0.014447,0.010351,0.077363,0.23075,0.090764,0.064418,1.1465,1.0821,1.1283,1.0271,0.97568,14.361,18.878,13.323,16.718,4.0733,6.9482,26.848,11.047,6.5036,7.9797,3.3775,2.2559,2.2462,1.5314,1.6873,1.5936,7.0373,3.5434,21.633,29.093,30.523,19.563,4.1915,4.4551,12.625,4.5437,12.075,12.047,11.922,11.587,4.1612,7.2786,1.9508,1.8691,4.5438,5.2473,4.1947,4.2538,11.199,1.8472,11.58,11.86,1.9786,1.914,2.6423,2.0812,1.9973,1.8943
67.898,11.863,22.867,4.4525,7.9225,11.583,9.089,16.098,1.672,8.8456,0.012268,0,1.1549,53.19,11.054,8.3256,5.6199,10.347,11.329,11.227,3.255,2.9743,1.2734,19.361,8.0553,15.545,2.2902,12.482,1.3513,1.2377,1.192,0.6852,0.74859,5.3056,2.5329,11.442,11.181,11.158,10.421,12.573,12.274,12.941,19.663,13.603,24.228,24.736,3.6851,3.8137,3.683,3.5313,3.967,3.6964,2.9265,3.8895,4.0065,3.841,3.6416,3.6585,3.6547,3.4027,20.377,8.446,8.2935,6.3787,7.3744,6.2914,0.0097881,0.06643,1.0351,0.01776,0.0017341,0.22597,0.52799,1.8522,1.1257,1.129,1.0308,1.2605,1.1929,1.2669,18.615,13.192,14.704,9.3882,7.8876,12.929,22.24,24.202,13.094,21.309,16.935,14.214,19.997,10.608,8.3938,11.253,0.47979,2.0433,2.8725,3.24,1.8978,1.7026,1.8565,1.7763,1.8104,21.708,21.271,9.3199,6.6175,14.061,12.401,10.396,14.12,0.72635,0.40525,0.66474,0.41252,2.0227,1.0105,0.51526,0.45577,2.7722,2.0436,4.5103,3.3383,21.621,16.868,32.941,3.7113,3.5817,2.7271,1.0769,4.0424,4.12,5.8936,14.921,6.1048,3.7831,7.2907,6.6977,6.1823,6.1769,9.8638e-05,0.0011878,0.051792,0.23247,0.14639,0.096314,1.3222,1.2468,1.3089,1.2064,1.1358,15.103,19.787,13.348,17.61,4.4954,7.4324,26.472,11.293,6.2457,7.9472,3.2066,2.1603,2.2054,1.4629,1.6833,1.5313,7.0891,3.9406,20.701,28.138,30.603,19.7,3.8212,4.0552,13.205,4.1315,12.715,12.674,12.559,12.202,3.9024,6.9379,1.942,1.8422,4.146,4.8318,3.8144,3.8608,11.805,1.7948,12.2,12.488,1.9312,1.8465,2.569,2.029,1.9388,1.8331
64.042,18.071,16.802,2.1257,6.4069,16.577,13.698,21.178,5.3025,3.9019,0.98692,1.1549,0,49.218,13.364,3.9129,3.1494,4.8053,5.5817,5.2316,6.7197,5.364,0.95767,12.876,13.564,10.098,4.6921,6.6944,4.6826,0.29483,4.604,0.4428,0.35236,1.9001,4.8066,16.095,15.269,16.186,15.119,17.462,17.157,18.69,13.545,14.409,17.425,21.009,8.8553,9.0532,8.9042,8.6312,9.2926,8.9139,7.6528,9.2354,9.3551,9.155,8.8203,8.845,8.886,8.4397,14.182,3.7753,4.2081,2.2979,3.3163,2.3132,1.2593,1.2428,3.3446,0.92922,1.1463,0.37421,0.19684,0.21169,0.020408,0.017226,0.0042607,0.0032808,0.00064355,0.0033824,13.279,16.083,7.8426,4.0656,3.234,6.3821,16.437,16.569,17.47,15.695,15.696,12.865,23.265,13.152,6.4752,8.4163,1.6439,1.0537,1.5229,0.72133,1.3006,1.2891,1.382,1.2663,0.91321,14.836,14.476,14.388,9.7507,9.6359,18.935,4.8901,8.2986,0.28971,0.58447,0.095506,1.4178,6.1278,1.8341,2.7356,3.0486,1.0007,0.57392,2.4422,2.5281,24.422,20.517,27.195,8.9217,8.7086,7.3382,4.402,9.4593,9.6226,12.146,7.8532,2.0619,0.82318,2.9528,2.6263,2.3115,2.3333,1.1657,1.1775,1.6126,1.9558,1.1241,1.2607,0.0066643,0.0062772,0.0048595,0.0032116,0.0019545,13.354,16.395,19.353,13.514,1.3276,2.7607,23.45,6.1235,6.0593,5.2948,3.2222,1.9318,1.4927,1.37,0.95698,1.3459,11.49,3.1035,26,31.782,23.335,13.599,9.15,9.4569,6.5538,9.5352,6.2546,6.2062,6.1464,5.876,4.5767,7.4483,1.1149,1.2009,9.6171,10.679,9.1141,9.1495,5.6045,1.3806,5.8836,6.084,1.4049,1.5307,1.9551,1.4933,1.5002,1.4716
1.0257,41.576,13.121,68.553,89.998,113.22,105.11,127.25,52.256,36.213,51.805,53.19,49.218,0,21.579,31.639,27.802,37.652,35.301,43.032,81.547,81.319,63.568,19.849,43.504,20.013,38.982,30.533,51.502,42.412,55.274,57.837,57.074,60.73,78.937,113.27,112.96,111.71,109.73,116.66,115.7,116.21,96.216,116.81,104.46,128.08,71.873,72.266,70.332,71.032,72.602,70.75,69.647,70.454,72.659,70.542,70.857,70.953,69.203,70.37,16.634,34.253,28.726,38.757,32.159,37.521,52.189,49.754,44.878,51.699,52.599,50.06,47.339,54.362,47.356,47.5,49.742,49.535,49.428,49.486,14.923,21.426,37.821,40.584,37.649,44.943,107.25,95.601,118.83,106,119.42,111.27,138.01,110.88,89.494,94.09,63.238,64.583,67.468,56.058,66.507,66.322,67.036,66.221,63.514,18.683,18.839,37.416,31.087,17.57,43.38,36.53,25.727,44.568,45.278,48.018,44.469,56.628,39.773,48.914,55.592,62.676,59.654,71.277,73.971,141.68,129.9,136.39,71.255,71.209,68.766,62.385,71.27,69.265,63.24,42.5,40.778,43.108,36.275,36.076,36.564,36.19,53.332,52.784,52.393,49.127,47.793,49.03,49.481,50.064,48.947,48.445,49.84,11.621,8.9471,37.701,12.115,38.84,43.711,136.06,72.821,89.816,82.916,77.445,70.494,67.851,66.509,63.899,66.479,37.257,28.512,139.89,158.21,118.91,96.507,69.356,72.028,50.662,73.269,43.464,44.695,43.399,44.694,83.08,94.769,65.134,65.787,71.554,71.969,70.46,71.768,44.442,66.986,44.103,44.139,67.223,67.955,70.792,67.836,67.838,67.586
29.592,3.8749,15.197,26.12,36.885,39.726,35.156,48.635,7.6327,17.099,10.682,11.054,13.364,21.579,0,13.822,7.5552,19.502,19.216,23.229,22.664,24.082,18.952,17.218,3.8872,13.681,3.5492,17.613,7.5712,9.8366,9.158,15.8,15.71,24.522,22.897,40.207,40.803,38.734,37.919,42.044,41.441,40.685,53.16,49.012,60.543,67.265,15.63,15.776,14.816,15.259,15.882,15.028,14.863,14.788,15.895,14.854,15.11,15.153,14.248,14.973,15.766,15.531,11.909,15.675,13.02,14.881,10.435,9.4199,5.8425,10.733,10.79,11.25,10.858,16.934,12.385,12.465,13.348,13.729,13.542,13.719,12.691,0.14092,23.918,20.054,16.829,25.89,59.275,57.603,44.151,57.894,55.183,50.05,58.622,41.915,37.519,42.634,16.075,20.887,23.255,19.835,21.115,20.639,21.155,20.78,20.112,18.493,18.219,2.3373,0.91957,10.149,4.5089,18.937,16.236,9.8072,9.0184,11.624,7.3516,9.1589,5.7118,7.6302,10.199,21.578,19.287,27.044,25.756,61.948,52.531,78.663,15.286,15.327,14.519,12.618,15.146,14.098,10.993,26.581,16.434,14.641,15.371,14.551,14.2,13.977,11.105,10.828,10.07,8.3571,8.8374,9.1095,13.827,13.948,13.548,13.098,13.617,3.6973,7.4351,3.1239,8.8988,13.306,19.505,70.876,36.16,33.851,35.296,26.055,22.577,22.096,20.104,19.963,20.269,2.1312,4.4708,56.725,71.917,71.488,53.291,14.256,15.537,28.92,16.165,24.939,25.516,24.752,25.046,28.077,35.487,20.843,20.812,15.251,15.223,14.823,15.488,24.523,21.005,24.749,25.053,21.364,21.34,23.533,21.721,21.524,21.229
44.056,25.972,5.1376,7.8228,16.231,36.528,32.224,42.966,14.471,0.20513,7.7195,8.3256,3.9129,31.639,13.822,0,0.97243,0.49818,0.45442,1.3004,20.832,18.41,8.3352,2.6781,21.821,1.6731,10.069,0.43482,13.472,3.1495,14.199,6.9453,6.5485,4.9172,17.378,35.737,34.336,35.969,34.343,37.756,37.323,39.696,17.744,30.454,21.616,32.542,22.812,23.128,22.628,22.391,23.487,22.709,20.894,23.068,23.576,22.981,22.606,22.653,22.417,22.038,3.4959,0.063893,0.091682,0.38892,0.029683,0.29527,8.3384,7.7893,9.9476,7.5781,8.1975,5.9184,4.7035,4.4585,3.6449,3.6612,4.1652,3.8526,3.9078,3.8364,3.4623,16.702,1.4422,0.69527,0.26918,1.9367,22.509,18.3,37.557,21.897,29.562,25.62,44.505,30.397,15.716,17.058,10.588,7.8019,8.2896,4.1457,8.8232,8.9974,9.1326,8.8458,7.5996,3.6037,3.4308,20.849,13.606,2.0585,27.394,0.40343,0.81687,4.1431,5.2446,4.4638,6.7545,16.513,6.0126,10.089,12.018,6.4798,5.9323,8.89,10.948,45.574,41.219,36.724,22.8,22.519,20.339,15.243,23.486,23.351,25.186,2.0689,0.61423,1.3175,0.16075,0.17348,0.24464,0.22568,8.3735,8.2946,9.0332,8.9035,7.0952,7.6562,3.7764,3.9725,3.6902,3.7158,4.0542,7.1659,7.2065,26.063,4.6052,0.69531,0.97951,36.838,8.5003,17.49,12.67,13.134,10.51,9.0907,9.478,7.9089,9.3433,17.665,3.0023,49.493,55.623,28.548,17.861,22.776,23.606,3.0076,23.901,1.6631,1.8413,1.6194,1.7407,16.059,20.362,8.146,8.5567,23.731,25.12,22.916,23.173,1.6215,9.1938,1.6489,1.715,9.1242,9.6114,10.127,9.2984,9.4194,9.4411
39.323,17.03,5.8163,9.1123,17.765,32.88,28.628,39.781,9.2199,1.9237,5.1082,5.6199,3.1494,27.802,7.5552,0.97243,0,2.7922,2.7563,4.2911,17.328,15.95,7.5745,4.3498,13.885,2.568,5.211,2.4366,8.4852,1.7861,9.3594,5.819,5.5238,6.7539,14.919,32.431,31.575,32.228,30.849,34.351,33.886,35.411,23.416,30.951,28.163,37.434,17.078,17.342,16.757,16.686,17.629,16.864,15.506,17.072,17.696,17.023,16.809,16.853,16.473,16.363,4.6435,1.4289,0.58224,1.5593,0.74314,1.3005,5.4831,4.8621,5.5888,5.0216,5.4677,3.9949,3.0708,4.4197,2.7283,2.759,3.3145,3.2003,3.1902,3.1869,3.7812,9.7406,4.7736,3,1.8441,5.4737,28.362,25.144,34.743,27.548,31.996,27.85,43.467,29.043,17.584,19.914,8.4218,7.7075,8.6615,4.9747,8.4675,8.4645,8.6908,8.3963,7.3679,5.448,5.2344,12.918,7.3399,1.9085,18.21,2.5953,2.4822,2.4425,3.0069,3.0927,3.6704,11.033,2.8011,6.0779,8.0317,6.9914,6.0203,10.082,11.144,45.104,39.527,43.577,16.99,16.795,15.023,10.901,17.458,17.121,17.784,5.8557,1.8794,1.8007,1.3856,1.163,1.0973,1.0309,5.6654,5.5447,5.8859,5.4014,4.2434,4.6974,3.1739,3.335,3.0467,2.9518,3.307,4.0253,5.2343,17.01,3.621,1.0946,2.9453,41.406,12.394,17.823,14.897,12.737,10.011,8.9062,8.6592,7.5411,8.6083,10.498,0.58558,46.555,54.911,36.008,23.532,16.737,17.636,6.9574,17.995,5.0436,5.3021,4.9588,5.0906,15.307,20.264,7.9317,8.2057,17.662,18.67,16.969,17.309,4.8583,8.6943,4.9561,5.0926,8.739,9.0692,9.9949,8.9518,8.9841,8.9227
51.08,32.837,6.8383,6.8675,14.566,37.695,33.529,43.538,18.257,0.085873,9.7211,10.347,4.8053,37.652,19.502,0.49818,2.7922,0,0.052698,0.20405,22.616,19.502,8.7917,3.4095,27.845,2.7972,14.018,0.4122,17.096,4.649,17.605,7.8006,7.3618,3.8642,18.529,36.672,34.913,37.232,35.479,38.689,38.296,41.235,13.508,28.831,16.69,28.006,26.38,26.722,26.334,25.961,27.124,26.385,24.278,26.86,27.226,26.743,26.246,26.293,26.204,25.604,4.7031,0.22623,0.99661,0.47966,0.6544,0.53033,10.49,10.064,13.348,9.5468,10.253,7.5245,6.2093,4.7357,4.6944,4.697,5.0955,4.665,4.7645,4.6485,5.2164,22.911,0.38519,0.071383,0.17204,0.47234,17.896,13.447,38.048,17.428,26.678,23.037,43.447,30.089,13.86,14.495,11.961,7.81,7.9265,3.8392,8.9412,9.2324,9.2902,9.0309,7.7241,4.3279,4.1639,27.094,18.859,3.9033,34.381,0.008517,1.2134,5.7844,7.2099,5.78,9.3048,20.328,8.8086,13.121,14.827,6.1673,5.97,7.9181,10.518,44.076,40.745,30.887,26.438,26.097,23.696,18.099,27.277,27.34,30.189,0.57451,0.57232,1.6512,0.31893,0.47544,0.60657,0.63021,10.392,10.358,11.373,11.583,9.3823,9.9749,4.5593,4.7585,4.5161,4.6337,4.9163,11.203,10.695,33.164,7.2766,1.2364,0.42494,32.326,5.9,16.574,10.763,12.986,10.61,9.0639,9.8891,8.1079,9.7019,23.34,5.7051,49.655,53.981,22.771,13.619,26.627,27.337,1.1041,27.553,0.34087,0.4271,0.32151,0.38554,15.995,19.601,8.2135,8.6919,27.545,29.193,26.672,26.836,0.33676,9.3892,0.33993,0.36715,9.2409,9.8071,9.9875,9.3738,9.5507,9.6318
48.317,33.217,5.7574,8.1043,16.365,40.227,35.883,46.36,19.213,0.15341,10.657,11.329,5.5817,35.301,19.216,0.45442,2.7563,0.052698,0,0.38322,24.408,21.272,10.017,2.6296,28.384,2.1603,14.527,0.1793,18.032,5.2213,18.663,8.872,8.4049,4.8149,20.238,39.203,37.43,39.732,37.935,41.293,40.88,43.833,15.04,31.32,18.318,30.401,27.903,28.254,27.812,27.461,28.664,27.874,25.747,28.338,28.767,28.224,27.74,27.789,27.649,27.087,3.8013,0.25241,0.87268,0.71765,0.66287,0.73576,11.443,10.94,14.072,10.478,11.216,8.3827,6.9656,5.6362,5.4164,5.4231,5.8943,5.4456,5.5453,5.4273,4.3348,22.569,0.28249,0.24666,0.31837,0.6459,19.691,14.79,40.691,19.217,29.101,25.293,46.438,32.527,15.62,16.288,13.233,9.0285,9.1994,4.7301,10.231,10.526,10.6,10.317,8.9192,3.4331,3.2888,27.4,19.014,3.2595,34.806,0.026558,0.78458,6.4485,7.9186,6.5476,10.007,21.416,9.3462,13.981,15.899,7.2889,7.0288,9.2412,11.985,47.119,43.593,33.241,27.942,27.602,25.141,19.374,28.777,28.778,31.406,0.60247,0.88064,2.1238,0.44858,0.62277,0.78863,0.8017,11.378,11.327,12.338,12.447,10.192,10.828,5.3352,5.5559,5.2764,5.3841,5.7125,10.406,9.6387,33.377,6.3672,1.5537,0.76828,34.926,6.9973,18.447,12.322,14.58,12.02,10.382,11.203,9.3222,11.011,23.695,5.7769,52.726,57.345,24.634,15.159,28.073,28.858,1.4403,29.11,0.47801,0.60258,0.46243,0.57837,17.753,21.618,9.4553,9.9604,29.051,30.699,28.151,28.353,0.53671,10.7,0.51513,0.5328,10.553,11.148,11.386,10.701,10.883,10.961
57.29,36.719,9.0196,5.9836,12.904,37.014,33.049,42.334,20.092,0.48065,10.623,11.227,5.2316,43.032,23.229,1.3004,4.2911,0.20405,0.38322,0,22.792,19.325,8.6658,4.8611,31.168,4.3554,16.259,1.0727,18.858,5.5435,19.167,7.9967,7.5557,3.1327,18.427,35.87,33.929,36.625,34.837,37.832,37.476,40.705,10.671,26.698,13.416,24.392,27.695,28.044,27.755,27.293,28.464,27.781,25.534,28.326,28.572,28.191,27.62,27.665,27.692,26.947,6.4945,0.80014,2.0722,0.86435,1.4866,1.0149,11.459,11.154,15.145,10.435,11.164,8.2715,6.9758,4.7465,5.2431,5.2354,5.526,5.0458,5.1687,5.0305,7.284,26.961,0.40325,0.12115,0.52232,0.076805,14.671,10.416,36.929,14.282,23.923,20.56,41.256,28.691,12.123,12.359,12.29,7.451,7.3314,3.5468,8.5898,8.94,8.9456,8.7174,7.4436,5.8576,5.6843,30.699,22.046,5.8494,38.296,0.29217,2.2365,6.6888,8.2547,6.4377,10.665,22.084,10.417,14.625,16.062,5.7069,5.7407,6.9638,9.7479,41.615,38.966,26.611,27.803,27.431,24.954,19.214,28.728,28.939,32.483,0.26692,0.83633,1.9975,0.81679,1.0371,1.1753,1.2291,11.267,11.268,12.434,12.896,10.526,11.104,4.9279,5.1133,4.9186,5.0921,5.3123,14.424,13.808,37.291,9.8514,1.8038,0.39158,28.58,4.2416,15.257,9.1433,12.275,10.162,8.6148,9.6762,7.8532,9.4646,26.609,7.5962,48.056,51.214,18.878,10.773,28.147,28.739,0.35924,28.889,0.046846,0.056858,0.03773,0.034272,15.212,18.264,7.8695,8.3646,29.003,30.789,28.119,28.206,0.017832,9.0635,0.025805,0.039183,8.873,9.4602,9.4212,8.9729,9.1761,9.2907
99.069,17.359,43.206,7.2703,6.5281,2.6022,1.497,5.0738,4.1545,20.783,3.6572,3.255,6.7197,81.547,22.664,20.832,17.328,22.616,24.408,22.792,0,0.28148,3.3983,37.772,12.719,32.566,8.349,26.828,4.0846,8.138,3.0556,3.8524,4.1715,10.523,0.31007,2.6044,2.6558,2.3882,2.0887,3.1347,2.9789,3.2155,21.885,6.5281,26.04,20.048,1.6449,1.6811,1.9391,1.6732,1.7501,1.8695,1.4316,2.0971,1.7736,2.0369,1.8014,1.7974,2.1372,1.6903,39.522,20.566,21.231,16.802,19.382,16.901,3.4269,4.0463,5.6396,3.7197,3.3869,4.7233,5.9168,6.7409,7.0496,7.0267,6.3908,6.8356,6.7416,6.8568,37.291,24.973,28.557,20.723,19.167,24.745,22.515,28.315,3.5817,21.552,11.101,9.5802,8.4953,3.2213,7.4193,10.403,1.718,4.4759,5.065,8.5324,3.6861,3.3908,3.4594,3.5527,4.3697,41.063,40.46,15.764,14.856,30.738,17.457,22.891,29.839,6.7958,5.9295,6.0665,5.6677,3.4067,7.4758,4.2094,2.5346,6.1762,5.7689,6.6295,3.9736,9.9365,6.2109,29.31,1.7852,1.6825,1.437,1.4674,2.0727,2.5424,5.5561,27.946,16.025,12.148,18.565,17.747,16.913,16.971,3.2195,3.3304,3.2688,4.0875,4.6615,4.2411,6.9526,6.6987,7.0425,6.9702,6.5545,31.823,38.93,20.079,36.004,14.018,17.351,20.097,16.168,3.8282,8.6534,2.6435,2.969,3.8375,2.8904,4.0437,3.0287,13.454,14.275,7.8671,13.9,30.967,21.859,2.2544,1.9369,23.932,1.7672,24.75,24.446,24.549,23.798,1.9494,3.2529,4.1508,3.7937,2.1095,2.6515,2.0295,1.8165,23.304,3.3631,23.915,24.303,3.5383,3.1696,3.6064,3.5326,3.3713,3.2553
99.254,20.321,40.769,4.8906,4.1106,3.0834,1.9211,5.3554,5.234,17.979,3.3183,2.9743,5.364,81.319,24.082,18.41,15.95,19.502,21.272,19.325,0.28148,0,2.1156,34.854,15.168,30.087,9.1435,23.823,5.0189,7.07,3.9312,2.7401,3,7.8027,0.017833,2.9022,2.6594,2.9145,2.4746,3.498,3.3557,4.0491,17.205,4.7809,20.908,15.93,3.0768,3.1424,3.4371,3.0859,3.2517,3.3552,2.6693,3.6624,3.2867,3.5821,3.2627,3.2607,3.6687,3.0839,36.864,17.945,19.054,14.321,17.108,14.503,3.2216,3.8669,6.2021,3.3507,3.1161,4.003,5.0237,5.0174,5.7669,5.737,5.0856,5.421,5.362,5.4404,35.081,26.754,24.861,17.623,16.453,20.984,17.782,22.976,3.6347,16.926,8.3042,6.8653,7.6542,2.4576,4.8164,7.276,1.1965,2.8349,3.1832,6.3423,2.197,1.9974,2.0198,2.1134,2.7984,38.033,37.455,18.172,16.346,28.818,20.557,19.826,26.981,5.9238,5.3527,5.035,5.5434,4.6309,7.3925,4.6084,2.9552,4.1944,4.0037,4.3166,2.2185,8.799,5.6963,24.134,3.2546,3.1061,2.632,2.112,3.6581,4.2261,7.8315,24.028,13.505,10.074,16.036,15.347,14.593,14.674,2.9408,3.0714,3.222,4.2141,4.4306,4.0748,5.5105,5.279,5.6198,5.6105,5.1934,31.48,37.918,23.073,34.487,11.963,14.46,16.186,12.369,2.0668,5.8247,1.2272,1.5768,2.2614,1.6535,2.5486,1.746,15.46,13.689,8.057,12.946,25.384,17.182,3.8372,3.4952,19.977,3.2967,21.067,20.727,20.889,20.141,0.75035,1.7461,2.578,2.2986,3.7186,4.464,3.5687,3.3175,19.709,1.9546,20.278,20.627,2.0687,1.789,2.0158,2.0449,1.9319,1.8599
80.165,20.871,25.651,1.0823,2.9628,10.102,7.9837,13.459,5.5764,7.8358,1.3008,1.2734,0.95767,63.568,18.952,8.3352,7.5745,8.7917,10.017,8.6658,3.3983,2.1156,0,20.424,15.669,17.05,6.8661,11.904,5.0352,2.1338,4.4387,0.14936,0.17789,2.0666,1.8195,9.6205,8.8431,9.8497,8.9692,10.676,10.458,11.947,11.163,8.0415,14.613,14.96,6.7227,6.8811,6.9682,6.5933,7.0904,6.9255,5.7443,7.3012,7.1488,7.2054,6.8137,6.8275,7.0926,6.476,22.26,7.892,8.9811,5.5152,7.5206,5.6724,1.5025,1.8158,4.5943,1.2623,1.3429,1.0044,1.2564,0.62645,1.2131,1.192,0.86801,0.94107,0.93876,0.94881,21.286,21.926,12.472,7.5291,6.8346,9.8301,12.929,14.97,10.508,12.215,9.5742,7.4582,14.787,7.0371,3.1881,4.9713,0.51601,0.11421,0.34251,1.1613,0.062584,0.036058,0.060586,0.043208,0.075747,22.87,22.427,17.483,13.462,16.638,21.545,9.0261,14.35,1.7437,1.8585,1.1021,2.7366,5.8429,3.8558,3.3988,2.8069,0.46248,0.31196,1.0326,0.5215,15.712,12.658,21.283,6.8701,6.6522,5.527,3.3023,7.4334,7.8616,11.344,11.917,4.9776,3.0528,6.6311,6.2335,5.7732,5.8409,1.265,1.3475,1.8116,2.5914,1.9776,1.9328,0.96381,0.87216,1.0289,1.0718,0.8746,21.067,25.189,22.866,21.663,4.221,5.514,16.536,5.6264,2.322,2.8606,0.68487,0.18143,0.12833,0.037553,0.04012,0.033087,14.365,7.0963,17.217,21.706,19.506,11.182,7.3511,7.3352,9.3009,7.2617,9.8608,9.6474,9.7372,9.2453,1.3472,3.1045,0.07834,0.052565,7.5638,8.6328,7.1728,7.0446,8.9456,0.053157,9.3288,9.5687,0.072743,0.07654,0.24778,0.094696,0.082366,0.06713
29.697,34.888,0.69454,19.309,31.548,58.669,53.104,66.971,26.175,3.4106,18.402,19.361,12.876,19.849,17.218,2.6781,4.3498,3.4095,2.6296,4.8611,37.772,34.854,20.424,0,31.507,0.24798,18.528,1.4552,24.951,10.891,26.47,18.082,17.454,14.23,33.395,57.753,56.076,57.918,55.897,60.316,59.753,62.505,29.83,50.919,34.086,50.896,38.619,39.018,38.164,38.032,39.453,38.32,36.21,38.646,39.556,38.57,38.23,38.296,37.746,37.547,0.14351,3.0987,2.3716,4.9626,3.1573,4.697,19.225,18.163,19.735,18.209,19.114,15.835,13.814,14.045,12.279,12.32,13.313,12.807,12.886,12.778,0.52491,19.933,2.9279,4.4563,4.0707,5.2771,36.367,28.684,60.192,35.782,48.925,43.89,68.972,51.121,30.656,31.898,23.464,19.62,20.332,13.377,21.223,21.486,21.7,21.255,19.3,0.06942,0.046923,28.917,20.065,0.93181,36.706,3.1074,0.5851,12.635,14.224,13.566,15.967,29.212,14.124,20.708,24.105,17.423,16.578,21.01,24.403,70.214,64.91,54.145,38.502,38.197,35.469,28.859,39.224,38.73,39.423,4.3131,5.6461,7.7524,3.9622,4.1761,4.5343,4.4575,19.441,19.262,20.097,19.383,16.984,17.88,12.682,13.039,12.501,12.498,13.15,5.9602,3.8147,33.855,1.9065,6.0768,6.0227,56.722,18.152,33.721,26.088,27.67,23.798,21.635,22.199,19.789,22.002,25.815,7.6083,75.145,82.581,42.347,30.005,38.148,39.48,7.3429,40,4.8019,5.2203,4.7981,5.2773,31.853,37.739,20.165,20.808,39.53,41.044,38.488,38.982,5.2451,21.792,5.0769,5.0532,21.688,22.431,23.212,21.957,22.141,22.171
53.971,0.3857,30.999,24.447,31.054,23.918,20.777,30.961,2.7247,24.851,8.1196,8.0553,13.564,43.504,3.8872,21.821,13.885,27.845,28.384,31.168,12.719,15.168,15.669,31.507,0,26.218,2.4375,27.931,3.0344,11.124,3.8054,13.412,13.625,25.521,14.46,24.695,25.848,23.098,22.835,25.88,25.408,23.841,52.822,36.968,60.178,59.585,5.9279,5.9576,5.353,5.7536,5.9462,5.4927,5.8666,5.2203,5.9328,5.2916,5.5823,5.6025,4.9818,5.6295,30.567,23.312,20.132,21.651,20.399,20.974,7.5344,7.0571,3.4787,8.2526,7.9119,9.8553,10.496,16.77,12.881,12.941,13.302,13.989,13.746,13.995,26.65,3.8939,34.326,27.455,23.851,34.324,57.045,59.7,28.173,55.542,45.253,41.246,41.415,28.736,32.261,37.94,11.272,18.211,20.542,20.464,17.671,17.015,17.485,17.282,17.503,33.815,33.355,0.25583,1.3926,21.875,0.46706,27.465,27.795,10.104,8.5249,11.39,6.2111,3.0369,5.7405,4.4981,5.4416,20.154,18.001,24.62,21.387,44.808,35.89,72.92,5.6664,5.772,5.7615,5.9942,5.3853,4.6454,2.2774,36.351,21.944,18.229,22.233,21.081,20.348,20.168,8.0693,7.885,6.8372,5.6134,7.0501,6.8998,14.164,14.089,13.972,13.499,13.676,14.144,20.852,0.83666,21.996,18.03,25.322,61.343,37.723,26.451,31.898,20.21,18.077,18.569,16.089,17.092,16.363,0.3075,8.7705,37.329,52.083,70.06,52.889,4.8982,5.6513,36.434,6.0583,33.526,33.872,33.276,33.175,20.668,26.613,17.887,17.535,5.4039,5.0622,5.2849,5.7235,32.504,17.274,32.98,33.417,17.723,17.342,19.427,17.993,17.684,17.341
30.054,29.413,0.95067,16.729,28.318,52.423,47.116,60.523,21.389,2.5518,14.685,15.545,10.098,20.013,13.681,1.6731,2.568,2.7972,2.1603,4.3554,32.566,30.087,17.05,0.24798,26.218,0,14.491,1.1069,20.296,8.1471,21.713,14.769,14.219,12.246,28.71,51.644,50.2,51.678,49.814,54.071,53.522,55.921,28.586,46.364,33.057,48.198,32.891,33.257,32.442,32.346,33.653,32.593,30.691,32.875,33.747,32.81,32.516,32.578,32.04,31.896,0.34673,2.1555,1.2831,3.6615,1.9809,3.3741,15.388,14.4,15.61,14.52,15.313,12.492,10.721,11.388,9.5132,9.5537,10.471,10.068,10.12,10.041,0.37484,16.198,2.9307,3.6855,3.0507,4.9942,34.844,28.151,54.128,34.187,45.221,40.327,63.146,45.904,27.608,29.196,19.475,16.518,17.342,11.075,17.924,18.112,18.341,17.923,16.176,0.53783,0.47317,23.938,15.944,0.28125,31.076,2.5009,0.36437,9.6365,10.955,10.561,12.374,24.161,10.699,16.54,19.665,14.689,13.76,18.276,21.085,64.543,59.016,52.273,32.769,32.497,30.009,24.01,33.412,32.92,33.443,4.3219,4.2889,5.8689,2.8264,2.9241,3.1823,3.1008,15.618,15.445,16.13,15.41,13.338,14.135,9.9678,10.283,9.7917,9.7539,10.352,4.3354,2.9933,28.558,1.2798,4.3666,4.8952,53.624,16.783,29.919,23.449,23.95,20.282,18.365,18.686,16.585,18.529,21.074,5.1144,68.464,76.387,41.367,28.749,32.403,33.661,7.0067,34.159,4.5057,4.9048,4.4807,4.8951,27.776,33.576,16.986,17.539,33.693,35.057,32.734,33.21,4.8089,18.408,4.7012,4.7179,18.348,18.991,19.857,18.612,18.755,18.756
50.8,4.3891,19.542,12.402,18.715,19.897,16.645,26.256,0.98292,11.937,2.1975,2.2902,4.6921,38.982,3.5492,10.069,5.211,14.018,14.527,16.259,8.349,9.1435,6.8661,18.528,2.4375,14.491,0,14.519,0.87051,3.1679,1.4286,5.1622,5.2103,12.564,8.4232,20.133,20.422,19.22,18.558,21.487,21.061,20.838,33.892,26.382,39.881,42.03,5.0417,5.1552,4.6769,4.8182,5.2603,4.7762,4.4248,4.7428,5.2806,4.7536,4.7925,4.8178,4.4154,4.6434,18.397,10.95,9.1285,9.6319,9.065,9.21,2.0012,1.6251,0.28667,2.243,2.1818,2.8323,2.9957,6.772,4.2421,4.2804,4.5724,4.942,4.802,4.9433,15.795,4.6457,18.831,13.631,11.177,18.55,37.873,38.885,22.852,36.688,31.591,27.879,33.341,21.071,19.387,23.507,4.7012,8.3527,9.9553,9.0917,8.2383,7.8634,8.1912,7.9971,7.8588,20.544,20.151,2.6472,1.1247,11.8,4.8614,13.793,14.884,2.6963,1.9746,3.4782,0.99865,1.6792,0.70276,0.77897,1.7171,9.3213,7.8286,12.745,11.111,35.842,28.826,52.256,4.8972,4.8674,4.2012,2.865,4.96,4.5302,3.9805,20.158,9.7858,7.3353,10.11,9.3332,8.8225,8.7154,2.3085,2.1876,1.7679,1.0888,1.4878,1.5139,5.0379,5.0217,4.9076,4.6242,4.7821,8.7752,13.593,4.9878,13.197,7.2436,12.062,44.335,21.535,16.025,18.423,10.893,8.8912,8.8705,7.393,7.6663,7.5329,1.497,2.3991,32.272,43.554,48.355,33.963,4.4827,5.1389,20.033,5.4493,17.994,18.218,17.809,17.7,11.939,16.891,8.2229,8.0918,5.0464,5.3051,4.7298,5.0431,17.209,8.0723,17.57,17.894,8.3401,8.2126,9.659,8.5517,8.384,8.1723
42.696,32.329,3.905,10.34,19.608,43.898,39.254,50.605,19.912,0.44571,11.745,12.482,6.6944,30.533,17.613,0.43482,2.4366,0.4122,0.1793,1.0727,26.828,23.823,11.904,1.4552,27.931,1.1069,14.519,0,18.74,5.8859,19.603,10.434,9.9346,6.6466,22.683,42.926,41.217,43.333,41.498,45.127,44.674,47.515,18.49,35.584,22.076,35.212,29.5,29.859,29.308,29.024,30.27,29.396,27.307,29.814,30.371,29.713,29.276,29.329,29.076,28.625,2.3327,0.41651,0.6374,1.2151,0.69148,1.1505,12.523,11.876,14.514,11.567,12.334,9.4494,7.9035,7.0795,6.4106,6.4267,7.0315,6.5834,6.6729,6.5624,2.7673,20.757,0.54163,0.81892,0.72316,1.4138,23.624,18.104,44.687,23.107,33.564,29.436,51.318,36.405,18.851,19.734,14.972,11.01,11.35,6.2965,12.293,12.567,12.682,12.359,10.838,2.089,1.972,26.548,18.169,2.0258,33.957,0.30993,0.21376,7.2167,8.677,7.5471,10.617,22.306,9.653,14.713,17.001,9.2016,8.7648,11.61,14.442,52.181,48.123,38.298,29.494,29.17,26.673,20.767,30.285,30.148,32.209,1.16,1.5144,2.9145,0.76821,0.93492,1.1385,1.1257,12.539,12.453,13.39,13.269,11.026,11.719,6.4728,6.725,6.3807,6.4519,6.862,8.425,7.4016,32.184,4.5418,2.0634,1.5753,40.036,9.4131,21.624,15.264,17.161,14.267,12.522,13.232,11.253,13.045,23.049,5.4099,57.437,62.921,28.943,18.623,29.488,30.414,2.5546,30.737,1.158,1.3615,1.1423,1.3493,20.558,24.974,11.458,11.987,30.564,32.151,29.638,29.918,1.3017,12.776,1.2488,1.2614,12.648,13.269,13.672,12.829,13.005,13.065
