0,4.1275,159.21,136.29,50.916,25.57,115.72,86.804,97.881,101.93,99.29,100.76,122.75,133.34,157.84,135.95,166.92,139.64,164.01,133.2,25.614,5.2703,7.9298,21.428,14.606,7.1169,14.634,39.094,32.629,56.791,83.675,66.159,68.693,67.617,62.457,80.612,53.327,114.41,128.67,91.928,100.86,99.174,122.49,108.24,90.936,85.338,91.596,91.455,93.46,105.69,108.98,103.46,103.97,106.88,97.116,97.565,97.762,96.884,99.556,101.26,99.009,100.14,100.71,91.797,100.92,101.26,140.7,140.63,140.75,140.7,140.39,140.1,140.76,143.09,135.31,138.42,137.07,131.69,133.66,140.19,132.84,132.06,132.66,131.55,192.92,163.81,135.53,153.95,5.9693,49.797,41.632,67.553,66.489,77.397,69.867,127.88,100.19,97.929,114.17,105.69,112.95,81.631,84.563,84.649,111.68,67.159,86.628,105.98,103.92,105.31,106.46,93.27,95.546,101.69,98.815,102.08,101.26,92.432,94.717,95.902,96.625,102.36,96.526,100.55,101.22,101.02,139.69,140.32,139.62,139.71,142.62,113.7,134.18,129.15,138.46,133.33,128.13,129.26,128.41,130,132.87,132.44,132.91,131.93,125.16,121.83,132.45,135.26,83.253,56.8,108.89,101.97,97.751,111.5,107.15,106.25,95.609,96.905,135.22,133.9,135.1,138.02,132.42,133.19,80.522,61.014,43.271,41.313,103.88,104.25,107.6,108.57
4.1275,0,151.41,110.54,38.841,26.575,91.291,84.37,84.779,90.454,86.591,87.907,99.152,109.37,132.65,110.22,159.79,121.1,141.94,108.86,9.2216,9.1539,11.188,7.6345,10.046,2.0785,4.411,34.01,31.534,41.356,60.453,48.869,51.891,52.228,48.583,63.25,36.207,91.266,103.29,70.181,79.125,80.066,96.256,84.842,87.729,81.868,83.986,87.115,89.088,80.574,82.959,87.716,87.895,89.995,84.403,84.609,85.203,84.721,87.277,88.557,86.307,87.335,87.75,78.17,88.168,88.517,113.34,113.25,113.32,113.28,113.09,112.82,113.69,115.42,108.54,111.31,112.02,106.65,107.46,114.26,108.79,107.76,108.79,107.48,170.97,135.55,114.21,148.23,0.71738,29.665,27.113,52.338,52.366,63.403,53.216,100.71,97.015,78.075,87.716,79.303,86.923,77.552,78.978,81.825,85.292,64.042,82.04,90.032,87.71,88.292,89.833,79.758,81.752,90.231,87.217,88.984,89.231,80.726,82.971,84.007,84.965,88.868,83.818,87.738,88.265,88.337,112.31,112.95,112.32,112.51,114.99,109.2,110.14,104.01,113.12,109.32,104.26,105.64,104.36,106.04,108.74,108.23,108.76,107.93,100.75,98.59,108.21,111.15,63.753,43.56,82.717,98.114,76.066,86.265,81.369,89.799,83.731,85.278,110.1,110.01,111.02,113.8,108.21,108.73,66.145,45.492,42.48,27.27,79.187,79.899,91.073,91.546
159.21,151.41,0,29.765,41.48,57.606,33.757,11.33,12.806,9.4225,11.744,11.429,27.654,24.988,22.269,29.798,0.14882,10.41,13.772,26.164,147.03,107.81,96.974,120.24,83.514,118.13,117.03,41.979,47.694,45.44,51.325,42.376,38.291,34.814,35.03,30.691,56.724,29.789,31.361,37.821,32.018,24.699,37.432,33.885,9.7365,11.538,9.9076,9.3595,8.7399,42.45,44.377,15.061,15.494,16.008,12.552,12.718,12.108,11.922,11.118,11.065,11.848,11.582,11.596,16.076,11.245,11.119,34.003,34.082,34.207,34.217,33.899,33.929,32.891,34.283,33.804,33.902,27.159,29.011,32.357,29.071,25.378,26.458,24.888,25.87,12.119,30.446,17.119,0.27456,171.27,81.623,62.573,34.367,32.294,24.299,36.771,38.663,7.1789,27.527,43.028,48.474,41.863,12.848,11.803,11.945,44.295,19.587,10.96,14.51,15.779,16.89,15.645,15.255,14.763,9.4844,10.576,11.307,10.243,13.049,12.215,11.953,11.411,11.76,12.767,11.45,11.414,11.127,34.442,34.155,34.16,33.735,34.316,3.9821,24.932,30.324,27.655,25.105,26.437,25.266,26.935,26.082,25.633,26.019,25.674,25.545,29.411,26.857,26.12,24.806,35.743,38.564,45.175,6.5457,33.717,39.308,44.502,15.373,12.04,11.273,27.99,24.528,24.749,24.259,26.033,26.557,23.224,41.273,36.686,60.948,41.805,40.062,15.041,15.674
136.29,110.54,29.765,0,21.249,59.916,0.95789,32.933,9.7041,12.419,10.315,10.082,0.39533,0.22219,1.4976,0.00022565,33.615,4.9735,4.813,0.13125,81.625,99.055,90.148,67.366,62.004,84.403,72.327,36.368,49.077,17.137,8.6427,12.588,11.476,12.228,14.908,7.545,20.274,0.95785,0.13332,4.5798,2.6647,3.5074,0.82978,1.7076,30.866,30.063,19.93,27.83,27.814,3.0044,2.9768,6.0823,5.6958,4.7747,10.308,9.9297,10.543,11.185,10.992,10.322,10.31,10.154,9.9027,9.1926,10.238,10.254,0.1656,0.16962,0.17906,0.17921,0.15542,0.15397,0.10634,0.2231,0.1327,0.13864,0.061663,0.043444,0.069804,0.033243,0.19402,0.12786,0.23967,0.17549,11.437,1.2769,1.7395,33.919,122.83,30.066,28.178,12.325,13.304,10.572,11.045,0.74542,31.477,3.3689,2.2297,4.2129,2.137,28.51,24.659,31.831,2.6888,32.165,27.121,5.8215,5.5431,4.663,5.0512,9.2636,8.7751,12.433,12.136,9.7064,11.439,12.022,11.9,11.635,12.024,9.1036,10.325,10.142,9.9131,10.342,0.18304,0.17056,0.16362,0.1382,0.21599,29.265,0.21998,0.099423,0.04947,0.21182,0.22296,0.27526,0.18584,0.19305,0.17333,0.15063,0.16962,0.19361,0.23767,0.48666,0.1436,0.22662,6.5118,17.659,3.1415,29.736,3.2258,1.8889,3.2025,5.246,11.667,12.079,0.02878,0.26142,0.23258,0.29036,0.14992,0.107,9.6167,14.94,44.497,28.11,3.1257,2.8167,5.1477,4.6151
50.916,38.841,41.48,21.249,0,11.209,14.198,16.248,9.1929,11.72,9.9201,10.338,15.944,19.664,29.495,21.121,46.401,22.782,32.552,19.7,32.331,28.548,23.91,20.534,10.981,23.188,19.987,2.9695,7.4265,0.69818,7.6011,1.724,1.6847,1.2382,0.58918,3.483,2.2136,13.232,18.542,7.2292,9.0747,7.9942,17.188,11.684,16.642,14.279,11.492,15.294,15.993,12.325,13.811,9.8233,9.8784,10.61,9.1663,9.172,9.4822,9.4386,10.287,10.609,9.8206,10.15,10.251,6.9547,10.457,10.583,23.533,23.516,23.582,23.567,23.397,23.288,23.4,24.522,21.4,22.624,21.281,19.397,20.564,22.702,19.502,19.291,19.395,19.046,46.872,32.647,20.358,41.53,47.949,8.5789,2.2705,1.2099,1.0428,2.9986,1.7503,19.384,20.242,7.7692,15.3,13.62,14.646,12.22,11.327,14.936,14.706,9.1935,13.253,10.607,9.8174,10.049,10.543,7.4672,8.0515,11.643,10.505,10.652,11.068,8.2554,8.9855,9.2841,9.6954,10.513,8.9703,10.289,10.434,10.536,23.199,23.406,23.13,23.104,24.341,24.021,19.983,18.593,21.872,19.668,17.806,18.138,17.956,18.48,19.53,19.398,19.55,19.166,17.006,15.539,19.41,20.391,4.5798,0.16623,13.952,19.996,8.3439,13.665,13.227,10.526,9.1965,9.8155,20.643,19.845,20.324,21.43,19.392,19.727,3.6134,0.76641,8.0139,1.9252,11.609,11.396,10.965,11.148
25.57,26.575,57.606,59.916,11.209,0,49.07,18.171,27.583,28.259,27.901,28.673,50.578,55.853,69.523,59.723,62.092,52.502,69.057,56.325,40.109,7.8082,5.104,26.169,5.2246,14.984,20.082,2.9327,0.58952,17.011,36.981,21.706,21.442,19.09,15.801,25.528,19.908,46.408,55.974,36.062,38.987,34.457,54.961,44.479,20.134,17.605,21.522,20.527,21.469,46.812,49.738,32.366,32.912,35.015,26.945,27.329,27.114,26.434,27.715,28.791,27.777,28.358,28.74,25.419,28.675,28.823,64.596,64.589,64.719,64.699,64.36,64.197,64.119,66.191,61.194,63.153,59.169,56.734,59.513,61.988,55.731,55.763,55.383,55.168,85.494,77.036,53.388,54.158,35.993,28.591,14.811,18.834,17.129,20.31,21.486,58.858,24.568,35.029,52.356,49.532,51.069,16.07,17.699,17.226,51.38,10.034,18.37,33.675,33.029,34.476,34.565,25.934,27.142,28.143,26.912,29.461,28.313,24.158,25.181,25.809,25.967,29.894,26.681,28.55,28.967,28.675,64.178,64.434,64.005,63.864,65.92,31.554,56.343,55.788,60.256,55.901,53.326,53.472,53.738,54.316,55.867,55.788,55.913,55.249,52.896,49.631,55.842,56.947,29.602,13.753,50.046,25.509,37.829,49.003,48.654,34.292,25.667,26.07,58.426,55.973,56.82,58.379,55.784,56.5,21.805,17.835,2.3499,13.859,45.39,44.824,34.977,35.91
115.72,91.291,33.757,0.95789,14.198,49.07,0,30.35,8.3948,11.584,9.1703,9.0796,0.38251,1.2263,4.6117,0.92882,38.14,7.2659,8.8677,1.0551,64.958,82.758,74.899,52.264,48.672,67.931,56.771,28.029,39.616,10.404,3.8919,6.8857,6.247,7.1065,9.303,3.8124,12.519,0.13357,0.37926,1.3889,0.58077,1.7116,0.19833,0.12541,28.753,27.408,18.082,25.843,26.027,0.67429,0.7961,5.16,4.7961,4.0968,8.94,8.5957,9.2488,9.8187,9.8927,9.3772,9.1366,9.0904,8.8902,7.207,9.2565,9.3076,1.22,1.2134,1.2247,1.2209,1.1915,1.1652,1.234,1.4519,0.76569,1.0164,1.2379,0.67563,0.65905,1.3467,1.135,0.94235,1.1942,0.98301,17.784,4.3833,3.363,37.387,102.28,20.329,18.969,7.2234,8.2213,6.9044,6.01,0.47585,30.251,1.3055,0.56319,1.4956,0.44441,25.509,22.035,29.06,0.7361,27.519,24.664,5.1402,4.6254,3.8083,4.3559,7.4447,7.1789,11.575,10.987,8.8254,10.521,10.212,10.327,10.178,10.651,8.23,8.8959,9.1203,8.9526,9.3738,1.1291,1.1851,1.1215,1.1296,1.4053,29.364,1.2951,0.4474,1.308,1.2081,0.71978,0.93301,0.6764,0.863,1.1015,1.0216,1.0987,1.0511,0.3164,0.44565,1.0094,1.3962,2.7086,11.33,0.90264,28.726,0.77821,0.23858,0.86249,4.5461,10.182,10.735,1.0069,1.3369,1.3924,1.7135,1.0186,1.0062,6.2845,8.843,36.648,18.975,0.68669,0.5183,4.5789,4.0965
86.804,84.37,11.33,32.933,16.248,18.171,30.35,0,6.9483,4.9721,6.394,6.5717,27.324,28.113,32.608,32.865,13.192,17.245,26.915,29.06,90.025,49.765,42.514,68.192,36.37,60.5,63.054,11.639,13.142,21.652,35.06,22.255,19.7,16.424,14.851,17.183,29.697,26.686,32.101,26.624,24.531,17.885,35.323,28.269,0.071344,0.081612,1.6253,0.24481,0.29636,34.518,37.048,10.799,11.344,12.693,6.4545,6.7609,6.2412,5.7672,5.873,6.3835,6.402,6.5158,6.7184,8.0086,6.4475,6.4365,37.677,37.722,37.858,37.855,37.505,37.45,36.777,38.576,35.998,36.955,30.982,31.008,34.34,33.453,28.299,28.984,27.834,28.345,32.938,41.105,22.023,9.6104,100.01,48.286,30.377,16.024,13.893,10.63,18.815,37.874,0.48316,19.899,37.473,39.386,36.173,0.30027,0.68914,0.027643,37.772,1.4138,0.29501,11.078,11.585,12.998,12.243,7.7336,8.0202,4.956,5.086,6.8851,5.575,5.3557,5.3201,5.4662,5.176,7.4073,6.465,6.5236,6.7097,6.3667,37.754,37.696,37.503,37.178,38.473,1.8801,28.303,31.379,31.786,28.208,27.847,27.189,28.346,28.085,28.52,28.724,28.567,28.181,29.481,26.393,28.811,28.502,22.239,15.885,37.669,0.65372,25.006,33.67,36.611,11.935,5.4523,5.1343,31.155,27.881,28.408,28.816,28.73,29.384,10.724,19.626,7.5082,28.945,33.46,32.15,12.052,12.909
97.881,84.779,12.806,9.7041,9.1929,27.583,8.3948,6.9483,0,0.32004,0.025318,0.039282,6.7151,7.2581,10.67,9.6621,15.709,3.976,9.3914,7.7021,74.742,61.614,53.799,56.777,37.723,60.407,56.284,13.576,20.109,10.198,13.734,8.5923,6.8101,5.4451,5.7689,3.932,15.734,6.4763,9.1806,7.6636,5.878,2.8024,11.041,7.5152,6.1114,5.6309,1.8609,4.8052,4.8653,11.291,12.651,0.42387,0.53661,0.86584,0.0091449,0.0012973,0.020952,0.055942,0.075384,0.063641,0.021454,0.030889,0.031047,0.18646,0.050729,0.059582,12.32,12.344,12.421,12.418,12.22,12.185,11.829,12.86,11.328,11.888,8.741,8.6361,10.409,10.067,7.331,7.638,7.1083,7.3198,16.159,15.076,4.8612,13.736,98.585,29.797,19.509,5.2824,4.6138,1.8853,6.1773,12.429,6.7961,3.7528,12.63,14.364,11.891,4.9486,3.4251,6.4082,12.946,6.9218,4.4043,0.49859,0.58945,0.93946,0.75293,0.10739,0.075481,0.31335,0.18434,0.054079,0.16356,0.14046,0.11197,0.08879,0.13418,0.050111,0.010288,0.037968,0.041798,0.059239,12.347,12.324,12.207,12.03,12.793,6.7678,7.3724,8.8022,9.179,7.3018,7.0145,6.7222,7.2608,7.1618,7.4359,7.5219,7.4592,7.2514,7.8048,6.2576,7.564,7.4999,6.1179,7.462,13.046,6.1135,6.3196,10.454,12.493,0.6802,0.090871,0.14375,8.7775,7.1679,7.4508,7.7481,7.5246,7.8578,1.5551,8.2202,15.295,18.731,10.764,9.9514,0.72256,0.93811
101.93,90.454,9.4225,12.419,11.72,28.259,11.584,4.9721,0.32004,0,0.16653,0.15932,9.2756,9.4807,12.306,12.383,11.914,4.19,9.7861,10.056,82.576,63.877,55.776,63.241,40.958,65.126,61.992,14.794,20.747,13.484,18.241,11.928,9.8112,8.0229,8.1509,6.4357,19.912,9.2658,12.105,11.104,8.8354,4.9355,14.572,10.702,4.1379,3.9622,0.94824,3.0798,3.0625,15.257,16.795,1.2823,1.473,1.9219,0.25079,0.29296,0.18939,0.15011,0.085025,0.11931,0.176,0.16447,0.18587,0.93878,0.13562,0.12729,15.425,15.456,15.544,15.544,15.317,15.287,14.824,15.97,14.455,15.002,11.175,11.304,13.405,12.679,9.6003,10.031,9.324,9.6514,15.533,17.534,6.1089,10.022,105.12,35.635,23.62,7.8052,6.8367,3.4625,9.054,16.055,4.4306,6.2006,16.667,18.837,15.826,3.5918,2.3075,4.6172,17.089,6.0191,2.9483,1.3063,1.5703,2.1091,1.7481,0.75706,0.70413,0.00013792,0.033796,0.18761,0.027261,0.30405,0.18407,0.1504,0.097075,0.2861,0.27694,0.15594,0.17297,0.12114,15.503,15.447,15.336,15.116,15.911,4.1832,9.5831,11.619,11.655,9.5376,9.4256,8.9989,9.7249,9.5252,9.7333,9.8646,9.7608,9.5448,10.544,8.734,9.9177,9.6889,9.2229,9.9876,17.257,3.8362,9.4219,14.16,16.641,1.6302,0.16054,0.085067,11.315,9.3351,9.6345,9.8539,9.8689,10.255,3.0895,11.255,15.155,22.684,14.665,13.7,1.6376,1.9624
99.29,86.591,11.744,10.315,9.9201,27.901,9.1703,6.394,0.025318,0.16653,0,0.0054267,7.3049,7.7376,10.95,10.275,14.526,3.8985,9.3249,8.2179,77.07,62.464,54.551,58.711,38.768,61.909,58.028,13.985,20.387,11.119,14.936,9.505,7.6246,6.1457,6.4279,4.5841,16.912,7.1434,9.861,8.5516,6.6156,3.3165,11.9,8.303,5.548,5.1592,1.572,4.3046,4.3402,12.3,13.704,0.58327,0.71611,1.0723,0.014985,0.019639,0.0059312,0.022824,0.01439,0.011601,0.00025304,0.0018683,0.0065802,0.33995,0.0071582,0.010754,13.031,13.057,13.137,13.135,12.93,12.897,12.51,13.569,12.054,12.606,9.2728,9.2407,11.102,10.643,7.8241,8.1664,7.5869,7.8321,15.776,15.574,5.0704,12.597,100.65,31.454,20.699,5.968,5.2199,2.2915,6.955,13.306,6.1108,4.3555,13.644,15.514,12.878,4.5665,3.0983,5.9066,13.994,6.6938,3.9847,0.63958,0.78107,1.1796,0.94371,0.23032,0.18823,0.16212,0.082109,0.021257,0.060288,0.13488,0.077324,0.048949,0.066557,0.044181,0.023994,0.0039665,0.01001,0.0093208,13.074,13.041,12.927,12.738,13.505,5.9971,7.8472,9.4521,9.7202,7.7849,7.5542,7.2231,7.8147,7.6854,7.9367,8.0358,7.961,7.7525,8.4399,6.8258,8.0809,7.967,6.9302,8.1739,14.118,5.447,7.103,11.38,13.55,0.85914,0.053772,0.069814,9.3405,7.6312,7.9168,8.188,8.039,8.3854,1.943,9.0617,15.335,19.878,11.758,10.902,0.88953,1.1329
100.76,87.907,11.429,10.082,10.338,28.673,9.0796,6.5717,0.039282,0.15932,0.0054267,0,7.1548,7.5145,10.573,10.045,14.18,3.6251,8.9047,7.9978,78.121,63.634,55.644,59.673,39.673,63.027,59.046,14.541,21.05,11.491,15.116,9.7926,7.8831,6.4067,6.733,4.7352,17.343,7.0526,9.6804,8.6342,6.6218,3.3214,11.774,8.2626,5.6877,5.3345,1.6622,4.4276,4.4492,12.299,13.686,0.55173,0.68068,1.0158,0.035748,0.036348,0.022684,0.04739,0.019659,0.0032662,0.0076437,0.00095872,0.0010258,0.39689,0.00097314,0.002231,12.781,12.807,12.887,12.885,12.681,12.65,12.257,13.304,11.836,12.369,9.0302,9.0358,10.891,10.385,7.6049,7.9541,7.3681,7.622,15.198,15.175,4.8234,12.334,102.05,32,21.249,6.2289,5.4872,2.4621,7.201,13.148,6.1895,4.3736,13.588,15.531,12.827,4.7613,3.2564,6.0946,13.958,7.0091,4.1384,0.58997,0.74589,1.1343,0.89024,0.27657,0.2171,0.15657,0.095688,0.0056762,0.054907,0.1933,0.11912,0.081633,0.095189,0.025273,0.048987,0.00014049,0.0009039,0.0026637,12.831,12.793,12.683,12.493,13.243,5.9749,7.6188,9.2662,9.4699,7.5622,7.3671,7.0266,7.6266,7.4855,7.7178,7.8203,7.7419,7.5394,8.2776,6.6802,7.8655,7.7316,7.071,8.5335,14.103,5.5059,7.1346,11.332,13.545,0.80724,0.088622,0.096622,9.1112,7.4039,7.6822,7.9343,7.8236,8.1662,2.0876,9.3891,15.888,20.426,11.768,10.905,0.82801,1.0644
122.75,99.152,27.654,0.39533,15.944,50.578,0.38251,27.324,6.7151,9.2756,7.3049,7.1548,0,0.27699,2.5733,0.37971,31.563,4.4035,5.6025,0.22957,73.661,87.135,78.739,59.452,52.877,74.22,63.526,29.18,40.672,12.627,6.4319,8.8309,7.7946,8.301,10.497,4.5256,15.729,0.17261,0.19273,2.6443,1.1323,1.5517,0.73903,0.69685,25.585,24.636,15.635,22.824,22.888,2.0643,2.2743,3.769,3.457,2.7804,7.219,6.9021,7.4498,7.9857,7.9139,7.3862,7.2901,7.1944,6.9948,6.0612,7.2987,7.3262,0.92209,0.92503,0.94413,0.94261,0.89359,0.87892,0.83068,1.1048,0.61409,0.77948,0.39612,0.1767,0.42159,0.59662,0.24034,0.17997,0.25483,0.17628,13.045,2.9683,1.487,31.195,111.19,25.401,22.574,8.3704,9.1355,6.8972,7.4038,0.97759,26.515,1.4655,1.8035,3.387,1.6153,23.079,19.671,26.232,2.1437,25.936,21.993,3.637,3.3256,2.6319,2.9988,6.1702,5.8204,9.2787,8.9029,6.8736,8.3763,8.5677,8.5404,8.3482,8.7207,6.3534,7.2124,7.1998,7.0233,7.3945,0.90308,0.91308,0.87166,0.83758,1.076,25.057,0.31511,0.14835,0.4728,0.27112,0.068305,0.13064,0.066893,0.12242,0.23195,0.20386,0.23218,0.20023,0.040974,0.0081497,0.20157,0.37082,3.8981,12.855,2.4495,24.991,1.5507,1.223,2.3932,3.1562,8.3667,8.7798,0.30348,0.32379,0.36602,0.54759,0.20279,0.2208,6.1423,10.682,36.623,22.437,2.061,1.7337,3.1224,2.7073
133.34,109.37,24.988,0.22219,19.664,55.853,1.2263,28.113,7.2581,9.4807,7.7376,7.5145,0.27699,0,1.1658,0.2219,28.569,3.1643,3.5295,0.013546,82.968,95.342,86.386,67.766,59.791,82.918,71.938,33.315,45.262,16.317,9.3514,12.023,10.7,11.084,13.485,6.616,20.066,0.88497,0.40292,4.6236,2.4896,2.6319,1.4791,1.8461,26.144,25.511,16.239,23.362,23.316,3.7085,3.8745,4.2111,3.9009,3.1354,7.7778,7.4526,7.9602,8.5194,8.3026,7.7072,7.7391,7.5861,7.3651,7.0069,7.6424,7.65,0.76579,0.77531,0.79531,0.79593,0.74501,0.74344,0.62042,0.86396,0.66805,0.71123,0.069697,0.1553,0.47536,0.2321,0.0019632,0.023973,0.00099447,0.013562,9.6803,1.6999,0.74578,28.732,122.19,30.983,27.613,11.135,11.841,8.8031,10.194,1.556,26.575,2.7287,3.1341,5.3045,2.9418,24.175,20.621,27.143,3.632,27.913,22.806,3.9526,3.7856,3.0922,3.3523,7.0173,6.5549,9.4961,9.2898,7.176,8.6526,9.33,9.1717,8.9207,9.2363,6.6691,7.8051,7.5686,7.3643,7.7278,0.8083,0.77929,0.76666,0.70925,0.85578,24.431,0.0013488,0.29082,0.11295,0.00013614,0.070946,0.032265,0.081334,0.032361,0.0045015,0.011888,0.004972,0.0067503,0.30255,0.28509,0.013977,0.0071988,6.1222,16.221,4.0893,24.959,3.1101,2.4911,4.0722,3.5045,8.955,9.2772,0.091048,0.0026956,0.0063262,0.045997,0.012231,0.02391,7.8767,14.018,40.295,27.413,3.7479,3.3265,3.4007,2.979
157.84,132.65,22.269,1.4976,29.495,69.523,4.6117,32.608,10.67,12.306,10.95,10.573,2.5733,1.1658,0,1.5294,25.228,2.7049,1.2045,1.2814,103.75,115.04,104.93,86.702,76.435,103.11,91.267,44.366,57.444,25.899,16.96,20.508,18.638,18.855,21.749,12.89,30.852,4.0784,2.4665,10.431,7.0527,6.7857,4.5565,5.8997,30.135,30.122,20.077,27.249,26.98,8.6585,8.6861,7.2738,6.9489,5.9603,11.242,10.887,11.337,11.964,11.451,10.696,10.984,10.711,10.438,11.195,10.674,10.642,1.9854,2.0073,2.0266,2.0316,1.9833,2.009,1.7482,1.8974,2.3418,2.1211,1.077,1.7738,2.1799,1.114,1.241,1.4137,1.2191,1.4032,4.7753,0.64254,1.129,26.534,146.96,44.095,39.948,18.878,19.527,14.894,17.907,4.2574,29.57,7.2076,7.382,10.731,7.2052,29.194,25.265,31.863,8.1993,34.749,27.23,6.7509,6.8581,6.1203,6.1885,11.015,10.311,12.347,12.472,10.106,11.59,13.258,12.835,12.458,12.673,9.6034,11.338,10.647,10.379,10.742,2.1502,2.0438,2.0926,1.9942,1.9325,25.979,1.0896,2.232,1.0372,1.1759,1.8031,1.5756,1.8267,1.5732,1.2608,1.3349,1.2607,1.3382,2.5226,2.6013,1.3439,0.99162,12.545,25.278,8.9714,27.732,8.0804,6.6812,9.0551,6.34,12.525,12.679,1.323,1.0853,1.0006,0.74865,1.3379,1.3233,13.603,22.889,50.654,39.651,8.8068,8.216,6.0915,5.6294
135.95,110.22,29.798,0.00022565,21.121,59.723,0.92882,32.865,9.6621,12.383,10.275,10.045,0.37971,0.2219,1.5294,0,33.655,4.9887,4.8567,0.13001,81.358,98.779,89.889,67.12,61.778,84.131,72.072,36.216,48.906,17.016,8.5566,12.483,11.379,12.131,14.802,7.47,20.139,0.9299,0.12274,4.5158,2.6171,3.4623,0.80678,1.6686,30.805,29.995,19.876,27.772,27.759,2.9554,2.9307,6.0479,5.6619,4.7447,10.265,9.8873,10.501,11.142,10.952,10.286,10.269,10.115,9.8651,9.141,10.201,10.218,0.16834,0.17222,0.18171,0.18181,0.15786,0.15602,0.10997,0.22863,0.1288,0.1386,0.064652,0.038364,0.064873,0.038865,0.19284,0.12499,0.23857,0.17235,11.515,1.3106,1.7466,33.943,122.5,29.904,28.02,12.229,13.207,10.496,10.95,0.72842,31.43,3.3203,2.1915,4.1591,2.0981,28.437,24.593,31.761,2.6463,32.067,27.056,5.7908,5.509,4.6305,5.0208,9.2144,8.7294,12.397,12.096,9.6708,11.402,11.972,11.853,11.59,11.98,9.0683,10.281,10.104,9.8762,10.305,0.18419,0.17272,0.16489,0.1399,0.22092,29.238,0.22079,0.090197,0.053876,0.21144,0.21507,0.26959,0.17799,0.1878,0.17202,0.14853,0.16834,0.19116,0.22396,0.47038,0.14144,0.22888,6.4372,17.543,3.0946,29.692,3.1728,1.8501,3.1539,5.2154,11.622,12.036,0.028877,0.26213,0.23468,0.29644,0.14778,0.10548,9.5457,14.829,44.35,27.952,3.0749,2.7677,5.1191,4.5875
166.92,159.79,0.14882,33.615,46.401,62.092,38.14,13.192,15.709,11.914,14.526,14.18,31.563,28.569,25.228,33.655,0,12.729,15.93,29.826,156.19,113.94,102.8,128.44,89.731,125.6,124.89,46.388,51.958,50.719,56.967,47.532,43.199,39.479,39.662,35.113,62.629,33.939,35.428,42.665,36.442,28.641,41.95,38.358,11.531,13.575,12.23,11.268,10.578,47.45,49.449,18.195,18.665,19.211,15.421,15.609,14.927,14.712,13.823,13.773,14.642,14.348,14.367,19.308,13.974,13.833,38.047,38.132,38.262,38.274,37.942,37.978,36.865,38.305,37.922,37.977,30.828,32.883,36.411,32.813,28.993,30.157,28.472,29.537,13.396,33.845,20.088,0.32351,180.31,88.705,68.656,39,36.765,28.217,41.583,43.179,8.6346,31.676,47.968,53.8,46.752,15.102,14.129,13.934,49.333,22.324,13.082,17.581,18.977,20.18,18.818,18.408,17.872,11.983,13.203,14.047,12.845,15.94,15.023,14.739,14.132,14.553,15.659,14.202,14.164,13.841,38.529,38.215,38.231,37.779,38.347,5.127,28.496,34.318,31.334,28.694,30.192,28.926,30.72,29.787,29.264,29.683,29.307,29.185,33.403,30.726,29.791,28.344,40.498,43.378,50.291,8.0168,38.272,44.068,49.6,18.523,14.835,13.978,31.742,28.068,28.286,27.716,29.698,30.246,27.071,46.325,40.299,66.935,46.785,44.94,18.153,18.837
139.64,121.1,10.41,4.9735,22.782,52.502,7.2659,17.245,3.976,4.19,3.8985,3.6251,4.4035,3.1643,2.7049,4.9887,12.729,0,1.1748,3.5918,102.01,96.424,86.679,82.582,64.393,91.919,84.249,32.035,41.966,21.93,19.166,17.928,15.584,14.614,16.319,10.083,28.429,5.6481,5.7392,11.187,7.6343,5.1487,8.6641,7.7966,15.344,15.628,8.903,13.381,13.109,12.084,12.842,2.7191,2.6637,2.3135,4.2347,4.0756,4.19,4.4999,4.044,3.617,3.9394,3.7327,3.5869,5.0357,3.642,3.5986,6.7874,6.8224,6.8784,6.8829,6.7401,6.7527,6.2966,6.9258,6.7097,6.7397,3.9409,4.7108,6.0871,4.6925,3.3091,3.715,3.1365,3.5049,4.316,5.8935,0.8377,13.018,136.54,44.46,35.577,14.489,14.228,9.2834,14.7,9.0943,14.622,6.2287,11.823,15.268,11.296,15.255,12.523,16.85,12.625,20.251,13.635,2.3273,2.69,2.6146,2.3314,4.7357,4.2338,4.2246,4.5069,3.3458,3.9453,5.4782,5.0543,4.7844,4.7914,3.171,4.3352,3.6701,3.5163,3.6548,6.9815,6.8542,6.8549,6.6655,6.9371,11.939,3.1363,5.2926,4.1305,3.2059,3.7797,3.3271,3.9605,3.6089,3.4007,3.5473,3.4153,3.3812,5.0185,4.136,3.5845,3.0839,11.524,19.427,13.267,13.319,8.677,10.11,13.035,2.3368,4.8409,4.7664,4.2691,2.9968,3.0648,2.8861,3.5527,3.7381,8.2616,18.899,34.69,34.872,11.9,11.001,2.1366,2.0747
164.01,141.94,13.772,4.813,32.552,69.057,8.8677,26.915,9.3914,9.7861,9.3249,8.9047,5.6025,3.5295,1.2045,4.8567,15.93,1.1748,0,3.8994,117.17,117.71,107.04,97.464,80.94,110.52,100.57,44.912,56.887,30.418,23.81,25.108,22.586,21.985,24.507,15.858,37.103,7.5603,6.1948,15.2,10.875,9.0134,9.4672,10.158,24.441,25.023,16.426,22.032,21.611,14.432,14.8,7.0299,6.855,6.0946,9.8136,9.5544,9.7656,10.251,9.5707,8.9031,9.385,9.0697,8.8375,10.761,8.9377,8.8724,6.0505,6.0887,6.1293,6.137,6.0342,6.0707,5.6006,5.971,6.4566,6.2062,3.8473,5.0014,6.042,4.2239,3.6957,4.1088,3.57,3.9798,1.5687,3.4326,1.6029,17.406,157.93,53.577,46.092,21.901,21.971,16.074,21.613,9.3466,23.107,10.046,13.283,17.487,12.909,24.701,21.23,26.529,14.308,31.154,22.539,6.4058,6.8504,6.476,6.2055,10.38,9.6326,9.8404,10.284,8.4621,9.4256,11.685,11.082,10.683,10.706,8.1573,9.9581,8.9754,8.7319,8.9613,6.3155,6.1443,6.2062,6.026,6.0212,19.076,3.4294,5.7515,3.8875,3.5651,4.5373,4.0482,4.6632,4.213,3.7698,3.9321,3.7781,3.8405,5.8955,5.4685,3.9626,3.2882,16.675,28.323,15.216,21.437,12.188,11.942,15.18,6.2698,10.766,10.671,4.2943,3.341,3.2872,2.8813,3.9384,4.0247,14.696,26.914,48.575,45.486,14.457,13.568,5.952,5.7002
133.2,108.86,26.164,0.13125,19.7,56.325,1.0551,29.06,7.7021,10.056,8.2179,7.9978,0.22957,0.013546,1.2814,0.13001,29.826,3.5918,3.8994,0,81.977,95.535,86.628,67.051,59.744,82.589,71.388,33.644,45.727,16.188,8.9405,11.872,10.616,11.089,13.536,6.621,19.758,0.79755,0.27514,4.4232,2.3801,2.6949,1.2316,1.6822,27.085,26.394,16.951,24.249,24.217,3.3866,3.5133,4.5362,4.2092,3.4157,8.2391,7.9029,8.4364,9.0122,8.8105,8.2036,8.2168,8.0671,7.8411,7.3661,8.1329,8.1439,0.5909,0.59876,0.61638,0.61675,0.57191,0.56945,0.46811,0.68599,0.49285,0.53631,0.036232,0.078049,0.3286,0.15947,0.0062437,0.0032596,0.016553,0.0060243,10.243,1.6406,0.96033,29.984,121.51,30.343,27.335,11.151,11.921,9.0048,10.133,1.2843,27.591,2.7275,2.79,4.8789,2.6198,24.994,21.386,28.053,3.2685,28.653,23.64,4.2859,4.0845,3.3502,3.6457,7.3966,6.9363,10.07,9.8324,7.6551,9.1896,9.8128,9.6714,9.4213,9.7571,7.1262,8.2618,8.0526,7.8448,8.223,0.62367,0.60097,0.5876,0.53881,0.67663,25.479,0.016652,0.18484,0.069651,0.010966,0.049826,0.038042,0.048997,0.019539,0.0029412,0.0012905,0.00248,0.006795,0.21606,0.2559,0.0010796,0.026117,5.9998,16.249,3.7143,25.953,2.9736,2.2175,3.7117,3.8076,9.4542,9.8023,0.037839,0.027286,0.026469,0.079896,0.0013065,0.0014631,8.0839,13.936,40.907,27.168,3.441,3.0507,3.7099,3.2643
25.614,9.2216,147.03,81.625,32.331,40.109,64.958,90.025,74.742,82.576,77.07,78.121,73.661,82.968,103.75,81.358,156.19,102.01,117.17,81.977,0,28.757,29.522,1.563,16.527,9.0026,3.6022,37.949,41.572,29.933,37.2,34.427,37.977,40.292,38.985,48,22.746,66.717,75.161,48.472,57.043,61.625,67.223,60.191,92.113,86.07,81.985,89.834,91.689,53.748,54.786,73.764,73.465,74.332,74.941,74.79,75.936,76.045,78.338,78.962,76.791,77.638,77.804,67.626,78.514,78.862,82.082,81.98,81.99,81.954,81.921,81.692,82.829,83.674,78.29,80.48,84.024,78.858,78.03,84.953,82.314,80.951,82.557,81.026,145.54,102.27,91.371,147.03,8.7989,12.613,17.888,40.643,42.226,52.939,39.448,70.201,101.13,58.665,58.739,50.801,58.564,81.009,80.147,86.991,56.515,69.463,84.574,75.708,73.089,72.493,74.542,69.318,70.83,82.377,79.27,78.801,80.592,72.862,74.965,75.745,77.011,78.116,74.385,78.014,78.307,78.77,81.068,81.709,81.192,81.523,83.307,110.95,83.611,76.185,84.679,82.869,78.211,79.88,78.042,79.781,82.139,81.546,82.138,81.541,74.055,73.624,81.477,84.484,45.474,35.127,54.339,101.18,54.179,59.021,53.595,74.762,75.505,77.36,82.091,83.718,84.411,86.91,81.522,81.674,55.012,33.718,52.373,18.7,53,54.155,75.874,75.627
5.2703,9.1539,107.81,99.055,28.548,7.8082,82.758,49.765,61.614,63.877,62.464,63.634,87.135,95.342,115.04,98.779,113.94,96.424,117.71,95.535,28.757,0,0.28677,19.717,5.0795,5.5797,12.733,17.346,12.199,34.874,59.705,42.363,43.542,41.677,37.158,51.945,34.574,80.643,93.072,63.535,69.703,66.336,89.386,76.462,53.011,48.861,54.641,53.636,55.158,76.397,79.651,67.21,67.783,70.438,60.852,61.306,61.256,60.413,62.462,63.937,62.256,63.147,63.657,57.406,63.708,63.96,103.82,103.78,103.91,103.88,103.54,103.31,103.59,105.89,99.258,101.89,99.033,95.004,97.517,102.15,95.026,94.656,94.739,94.07,140.88,122.16,95.013,103.08,14.637,37.086,25.533,41.5,39.984,47.326,44.176,94.229,60.046,66.033,83.722,77.83,82.411,46.239,48.79,48.221,81.917,35.502,50.071,69.201,67.831,69.364,69.968,58.423,60.249,63.695,61.594,64.747,63.619,56.893,58.605,59.556,59.985,65.154,60.411,63.459,64.038,63.756,103.08,103.54,102.96,102.93,105.51,70.753,96.032,93.214,100.33,95.362,91.343,91.99,91.714,92.828,95.115,94.859,95.161,94.305,89.622,86.149,94.893,96.903,55.553,33.067,79.77,61.54,67.486,80.565,78.129,69.703,59.329,60.18,97.701,95.682,96.752,99.066,94.847,95.623,49.757,37.549,18.719,24.855,74.707,74.595,70.762,71.782
7.9298,11.188,96.974,90.148,23.91,5.104,74.899,42.514,53.799,55.776,54.551,55.644,78.739,86.386,104.93,89.889,102.8,86.679,107.04,86.628,29.522,0.28677,0,19.577,3.8311,6.0837,12.797,13.33,8.7537,30.104,53.938,37.045,37.955,36.011,31.74,45.533,30.394,72.692,84.557,56.881,62.434,58.871,81.369,68.936,45.51,41.664,47.051,46.08,47.491,69.31,72.493,59.215,59.779,62.322,53.063,53.502,53.425,52.616,54.519,55.914,54.359,55.19,55.675,49.973,55.706,55.938,94.884,94.85,94.98,94.951,94.61,94.391,94.612,96.86,90.546,93.048,89.996,86.27,88.821,93.044,86.107,85.811,85.81,85.225,128.93,112.1,85.677,92.507,17.407,34.048,22.127,35.821,34.279,40.833,38.478,86.024,52.052,58.727,76.284,70.974,74.982,39.243,41.605,41.081,74.637,29.407,42.779,61.074,59.839,61.348,61.858,50.896,52.602,55.607,53.67,56.693,55.572,49.337,50.918,51.806,52.186,57.102,52.657,55.48,56.026,55.745,94.207,94.627,94.071,94.021,96.499,62.04,87.037,84.639,91.247,86.412,82.668,83.222,83.045,84.058,86.204,85.981,86.25,85.431,81.186,77.764,86.018,87.858,49.209,28.043,72.646,53.434,60.418,73.101,71.056,61.593,51.595,52.363,88.775,86.686,87.711,89.881,85.97,86.732,43.083,32.427,14.373,21.402,67.675,67.48,62.581,63.58
21.428,7.6345,120.24,67.366,20.534,26.169,52.264,68.192,56.777,63.241,58.711,59.673,59.452,67.766,86.702,67.12,128.44,82.582,97.464,67.051,1.563,19.717,19.577,0,8.2701,4.6428,0.7764,24.145,27.073,19.452,28.317,23.677,26.432,27.913,26.408,34.993,14.299,53.224,61.546,37.035,44.309,47.24,55.056,47.712,70.12,64.841,61.893,68.263,69.903,42.998,44.316,56.676,56.515,57.529,56.85,56.781,57.681,57.676,59.717,60.372,58.468,59.236,59.425,50.712,59.992,60.296,68.521,68.438,68.468,68.436,68.352,68.141,69.035,70.061,64.92,66.998,69.16,64.623,64.428,70.373,67.223,66.136,67.36,66.098,123.11,86.774,74.119,119.8,9.2855,7.9847,9.8293,28.154,29.166,38.167,27.6,58.086,78.087,44.966,47.888,41.139,47.529,60.488,59.943,65.573,45.963,50.374,63.675,58.439,56.23,55.966,57.631,52.153,53.547,63.064,60.365,60.336,61.633,54.78,56.627,57.347,58.398,59.841,56.362,59.569,59.865,60.2,67.641,68.195,67.71,67.95,69.722,87.03,68.362,62.331,69.865,67.695,63.542,64.902,63.475,64.961,67.105,66.617,67.111,66.524,60.15,59.267,66.57,69.161,33.622,23.075,44.016,78.224,41.845,47.54,43.191,57.768,57.133,58.696,67.49,68.387,69.082,71.342,66.597,66.837,40.042,22.541,35.845,10.317,42.166,42.984,58.767,58.709
14.606,10.046,83.514,62.004,10.981,5.2246,48.672,36.37,37.723,40.958,38.768,39.673,52.877,59.791,76.435,61.778,89.731,64.393,80.94,59.744,16.527,5.0795,3.8311,8.2701,0,3.0543,4.8253,7.0883,6.4767,14.08,30.255,18.979,20.136,19.399,16.657,26.636,13.279,47.549,57.016,33.893,39.029,37.673,53.417,43.857,38.499,34.632,36.042,38.017,39.323,43.009,45.333,40.65,40.915,42.656,37.354,37.565,37.824,37.393,39.089,40.051,38.584,39.284,39.606,33.697,39.812,40.038,65.274,65.232,65.322,65.295,65.058,64.866,65.232,66.914,61.628,63.73,62.384,58.877,60.418,64.596,59.471,58.995,59.327,58.626,102.04,80.891,61.184,81.098,15.777,15.042,7.8792,19.355,18.772,24.888,20.717,57.098,44.725,36.974,48.54,43.701,47.625,31.807,32.689,34.665,47.065,23.464,34.681,42.238,40.86,41.629,42.426,34.656,36.026,40.807,38.862,40.456,40.297,34.692,36.144,36.855,37.411,40.511,36.975,39.55,39.941,39.903,64.624,65.029,64.556,64.584,66.599,53.025,60.351,57.269,63.346,59.786,56.371,57.078,56.584,57.604,59.498,59.229,59.528,58.868,54.565,52.231,59.24,61.072,28.447,13.803,45.369,45.42,37.195,46.427,44.17,42.32,36.671,37.606,61.184,60.144,60.96,62.909,59.218,59.75,26.668,16.078,11.736,7.5468,41.788,41.844,43.184,43.73
7.1169,2.0785,118.13,84.403,23.188,14.984,67.931,60.5,60.407,65.126,61.909,63.027,74.22,82.918,103.11,84.131,125.6,91.919,110.52,82.589,9.0026,5.5797,6.0837,4.6428,3.0543,0,1.6299,19.386,18.094,25.673,42.781,31.85,34.077,34.053,30.946,43.203,22.333,67.523,78.204,49.899,57.133,57.269,72.64,62.305,63.239,58.251,59.692,62.586,64.256,59.426,61.704,63.11,63.299,65.168,60.068,60.255,60.733,60.308,62.467,63.568,61.67,62.542,62.901,54.914,63.242,63.536,87.273,87.206,87.283,87.249,87.044,86.812,87.475,89.133,83.046,85.486,85.449,80.916,81.957,87.601,82.453,81.644,82.399,81.349,135.99,106.44,86.438,115.48,4.9518,19.263,15.126,34.109,33.957,42.793,35.08,76.664,71.152,55.794,65.727,58.927,64.916,54.553,55.603,58.298,63.736,43.449,58.271,65.082,63.16,63.756,64.997,56.229,57.918,64.937,62.392,63.951,64.108,56.934,58.819,59.696,60.494,63.877,59.576,62.883,63.336,63.381,86.413,86.952,86.396,86.525,88.757,81.477,83.587,78.735,86.461,82.886,78.581,79.68,78.715,80.105,82.425,82.02,82.45,81.708,75.785,73.651,82.009,84.46,44.108,26.953,61.574,72.01,54.628,64.084,60.328,64.946,59.463,60.757,83.851,83.439,84.343,86.741,82.003,82.504,45.069,28.841,26.511,15.104,58.15,58.597,66.029,66.492
14.634,4.411,117.03,72.327,19.987,20.082,56.771,63.054,56.284,61.992,58.028,59.046,63.526,71.938,91.267,72.072,124.89,84.249,100.57,71.388,3.6022,12.733,12.797,0.7764,4.8253,1.6299,0,20.584,21.821,20.373,32.555,25.349,27.855,28.701,26.557,36.559,16.039,57.152,66.392,40.509,47.699,49.446,60.342,51.809,65.292,60.168,59.001,63.929,65.57,47.906,49.616,57.329,57.313,58.67,56.189,56.225,56.946,56.77,58.844,59.676,57.788,58.593,58.849,50.499,59.321,59.618,74.191,74.115,74.165,74.132,73.998,73.78,74.571,75.854,70.355,72.569,73.795,69.294,69.617,75.392,71.431,70.468,71.487,70.323,126.01,92.701,77.071,115.69,6.6515,11.2,10.516,28.864,29.389,38.235,28.942,63.765,73.182,47.522,53.344,46.638,52.799,56.109,56.206,60.621,51.409,45.683,59.484,59.164,57.09,57.181,58.659,51.878,53.381,61.811,59.194,59.81,60.634,53.702,55.551,56.329,57.269,59.491,55.703,58.927,59.285,59.499,73.326,73.87,73.359,73.55,75.502,82.62,72.56,67.065,74.623,71.883,67.698,68.939,67.714,69.15,71.351,70.901,71.366,70.718,64.58,63.183,70.87,73.384,36.142,22.994,49.39,73.606,45.24,52.455,48.396,58.718,56.109,57.551,72.167,72.512,73.289,75.591,70.883,71.23,40.257,23.456,30.346,10.787,46.896,47.551,59.744,59.9
39.094,34.01,41.979,36.368,2.9695,2.9327,28.029,11.639,13.576,14.794,13.985,14.541,29.18,33.315,44.366,36.216,46.388,32.035,44.912,33.644,37.949,17.346,13.33,24.145,7.0883,19.386,20.584,0,1.0317,6.4921,20.061,9.1605,8.7614,7.1514,5.1952,11.171,9.308,26.009,33.285,18.616,20.556,17.324,32.554,24.605,12.721,10.523,11.258,12.328,13.072,26.595,28.849,16.443,16.774,18.198,13.221,13.432,13.416,13.036,14.008,14.695,13.885,14.308,14.549,11.709,14.582,14.704,40.004,39.998,40.1,40.084,39.818,39.69,39.634,41.262,37.334,38.868,35.84,33.898,36.026,38.01,33.207,33.198,32.952,32.753,59.359,50.066,31.866,40.242,43.927,17.984,7.0605,6.9804,5.9065,7.8935,8.7204,35.568,16.379,17.693,30.748,28.909,29.738,8.9373,9.3336,10.632,30.07,4.9503,10.447,17.417,16.825,17.736,17.916,12.142,12.982,14.705,13.654,15.073,14.594,11.43,12.216,12.65,12.874,15.264,13.015,14.459,14.733,14.608,39.673,39.875,39.538,39.429,41.047,21.389,33.699,33.148,36.681,33.348,31.312,31.457,31.618,32.086,33.304,33.231,33.339,32.826,30.93,28.472,33.27,34.176,14.039,4.1744,29.116,16.721,19.752,28.103,28.05,17.752,12.545,12.97,35.236,33.426,34.079,35.322,33.227,33.769,8.8597,6.6941,1.5238,6.326,25.52,25.033,18.271,18.868
32.629,31.534,47.694,49.077,7.4265,0.58952,39.616,13.142,20.109,20.747,20.387,21.05,40.672,45.262,57.444,48.906,51.958,41.966,56.887,45.727,41.572,12.199,8.7537,27.073,6.4767,18.094,21.821,1.0317,0,12.51,30.048,16.282,15.803,13.605,10.849,18.881,15.773,37.072,45.631,28.4,30.646,26.347,45.025,35.568,14.694,12.458,15.234,14.833,15.648,38.095,40.788,24.242,24.723,26.564,19.567,19.893,19.715,19.141,20.239,21.155,20.281,20.779,21.104,18.279,21.053,21.182,53.447,53.444,53.566,53.549,53.231,53.087,52.97,54.887,50.397,52.151,48.305,46.206,48.83,50.901,45.168,45.237,44.839,44.684,71.932,64.484,42.829,44.895,41.575,25.207,11.976,13.364,11.817,14.148,15.751,48.553,18.589,26.967,43.022,40.856,41.818,11.041,12.204,12.252,42.234,6.1672,12.927,25.371,24.83,26.112,26.165,18.709,19.736,20.646,19.573,21.724,20.766,17.209,18.08,18.613,18.757,22.091,19.342,20.944,21.301,21.055,53.093,53.309,52.926,52.78,54.646,24.554,45.697,45.419,49.297,45.309,43.065,43.15,43.452,43.933,45.299,45.243,45.341,44.744,42.807,39.798,45.295,46.232,22.665,9.3456,41.108,19.29,29.718,39.849,39.839,25.922,18.492,18.847,47.674,45.353,46.116,47.493,45.239,45.898,15.377,12.929,0.81568,11.053,36.806,36.207,26.514,27.339
56.791,41.356,45.44,17.137,0.69818,17.011,10.404,21.652,10.198,13.484,11.119,11.491,12.627,16.317,25.899,17.016,50.719,21.93,30.418,16.188,29.933,34.874,30.104,19.452,14.08,25.673,20.373,6.4921,12.51,0,3.8291,0.36616,0.59713,0.76889,0.70566,2.3507,0.66201,10.004,14.496,4.2906,6.287,6.366,12.663,8.2463,21.777,19.23,14.777,19.96,20.671,8.0574,9.1758,9.7471,9.6645,10.079,10.33,10.236,10.721,10.838,11.671,11.833,11.014,11.315,11.354,7.6471,11.655,11.788,18.743,18.719,18.766,18.751,18.629,18.526,18.744,19.625,16.811,17.919,17.496,15.545,16.21,18.557,16.114,15.776,16.086,15.635,45.085,27.739,18.225,46.315,49.814,5.481,1.643,0.81766,1.1206,3.3153,0.75273,14.503,25.506,5.7869,10.546,8.7588,10.071,16.866,15.377,20.148,9.9443,14.037,17.752,10.477,9.5421,9.4358,10.119,8.2304,8.723,13.409,12.174,11.714,12.585,9.7927,10.536,10.786,11.309,11.407,10.128,11.456,11.545,11.762,18.388,18.609,18.356,18.378,19.454,28.891,16.614,14.662,17.974,16.303,14.442,14.899,14.51,15.094,16.106,15.933,16.117,15.788,13.351,12.373,15.93,17.004,2.5231,0.45992,9.2419,24.997,5.5284,9.4338,8.6738,10.178,10.702,11.447,16.805,16.546,16.951,18.034,15.926,16.159,3.8098,0.11386,13.437,1.5111,7.5071,7.4607,10.599,10.579
83.675,60.453,51.325,8.6427,7.6011,36.981,3.8919,35.06,13.734,18.241,14.936,15.116,6.4319,9.3514,16.96,8.5566,56.967,19.166,23.81,8.9405,37.2,59.705,53.938,28.317,30.255,42.781,32.555,20.061,30.048,3.8291,0,2.1306,2.5851,3.9451,5.4144,3.2059,3.4584,4.556,6.6307,1.0789,2.6137,4.8609,4.4306,2.8955,34.308,31.764,23.344,31.445,32.043,1.5326,1.7951,10.805,10.426,10.039,14.23,13.911,14.725,15.219,15.835,15.563,14.841,15.008,14.883,11.015,15.356,15.482,8.7965,8.7648,8.7715,8.7597,8.7407,8.6655,9.0219,9.3384,7.567,8.2684,9.5194,7.8086,7.4767,9.7471,9.1127,8.6026,9.235,8.6753,37.594,16.123,13.31,54.25,68.487,6.4969,7.3385,4.1375,5.3874,7.086,2.789,5.2908,37.686,3.7448,2.5651,1.2897,2.4735,29.017,26.049,33.297,2.1463,27.736,29.223,11.256,10.191,9.35,10.311,11.627,11.778,18.186,16.956,15.071,16.894,14.764,15.371,15.44,16.133,14.414,14.059,15.123,15.056,15.514,8.4736,8.6768,8.5067,8.6055,9.2153,39.343,9.5568,6.9605,9.7073,9.3095,7.795,8.3954,7.702,8.2845,9.0357,8.82,9.0315,8.8609,6.4011,6.5053,8.7904,9.8436,1.5391,6.0342,1.7482,36.487,2.0513,2.51,1.5711,10.526,15.384,16.287,8.8574,9.6306,9.826,10.678,8.8116,8.8163,7.1013,3.5942,30.547,7.5917,1.3958,1.5917,10.82,10.349
66.159,48.869,42.376,12.588,1.724,21.706,6.8857,22.255,8.5923,11.928,9.505,9.7926,8.8309,12.023,20.508,12.483,47.532,17.928,25.108,11.872,34.427,42.363,37.045,23.677,18.979,31.85,25.349,9.1605,16.282,0.36616,2.1306,0,0.10353,0.44872,0.82914,1.1257,1.206,6.6278,10.311,2.15,3.6725,4.0354,8.7232,5.1555,22.057,19.703,14.257,20.009,20.629,5.0224,5.9356,7.5637,7.4203,7.6139,8.81,8.6642,9.1939,9.4029,10.103,10.134,9.4123,9.6507,9.6424,6.2512,9.9627,10.083,13.901,13.88,13.918,13.906,13.804,13.714,13.916,14.661,12.243,13.192,12.962,11.246,11.749,13.825,11.837,11.513,11.831,11.412,38.808,21.874,14.077,43.802,57.711,6.4095,3.2176,0.51606,0.98075,2.5864,0.19878,10.26,25.41,3.4555,7.0167,5.6927,6.6193,17.393,15.507,20.771,6.5491,15.422,17.965,8.1583,7.2842,7.0248,7.7015,6.7806,7.1335,11.865,10.734,9.9254,10.979,8.6199,9.2553,9.4316,9.9556,9.5537,8.635,9.7724,9.812,10.075,13.59,13.784,13.565,13.589,14.512,28.018,12.279,10.47,13.359,12.008,10.384,10.81,10.427,10.947,11.821,11.66,11.829,11.553,9.3877,8.6449,11.654,12.617,0.99572,0.99369,6.0022,24.701,3.0775,6.0872,5.5394,7.7893,9.3632,10.086,12.346,12.236,12.574,13.522,11.654,11.835,2.8769,0.19307,16.562,3.1283,4.5843,4.5313,8.1416,8.0232
68.693,51.891,38.291,11.476,1.6847,21.442,6.247,19.7,6.8101,9.8112,7.6246,7.8831,7.7946,10.7,18.638,11.379,43.199,15.584,22.586,10.616,37.977,43.542,37.955,26.432,20.136,34.077,27.855,8.7614,15.803,0.59713,2.5851,0.10353,0,0.15358,0.52185,0.60015,1.9545,5.8034,9.3887,1.9363,3.0989,3.0774,8.1797,4.6053,19.435,17.286,12.04,17.473,18.033,4.9041,5.8695,5.9499,5.8356,6.0472,7.0035,6.8737,7.3463,7.5348,8.1615,8.189,7.5416,7.7555,7.7487,4.7459,8.0355,8.1435,12.938,12.921,12.964,12.953,12.84,12.757,12.897,13.675,11.35,12.258,11.703,10.162,10.807,12.62,10.542,10.288,10.512,10.163,35.531,20.347,12.26,39.655,61.278,8.1336,4.1476,0.1952,0.53231,1.666,0.01547,9.704,22.498,2.6669,6.8325,5.8408,6.3962,15.156,13.315,18.321,6.4499,13.61,15.609,6.4888,5.7206,5.5308,6.112,5.2087,5.5209,9.7539,8.7326,8.004,8.9502,6.8443,7.4078,7.563,8.0339,7.6739,6.8477,7.8648,7.901,8.1359,12.664,12.834,12.626,12.628,13.535,24.825,10.941,9.4883,12.105,10.691,9.2129,9.5595,9.2781,9.7304,10.54,10.407,10.55,10.281,8.4127,7.5777,10.406,11.257,0.73054,0.85015,5.9724,21.795,2.6165,5.7626,5.4983,6.1816,7.5022,8.1509,11.158,10.88,11.213,12.091,10.401,10.6,1.8905,0.22812,15.528,3.9815,4.4547,4.3177,6.5005,6.4204
