0,6.8435,5.0261,8.9564,5.15,83.706,99.032,9.1594,1.448,4.9598,10.477,23.108,7.3339,7.5585,7.3757,8.0352,6.9513,1.8539,1.3583,1.0319,10.795,18.04,21.872,2.6635,2.1973,2.2331,2.387,0.84093,1.8727,0.7803,0.60908,0.47077,0.28978,0.096326,0.2963,3.5662,4.7674,9.5685,3.7869,6.8976,18.096,13.18,6.3425,6.7937,2.9111,21.143,26.601,3.5831,21.92,19.933,26.856,31.542,52.89,46.889,30.155,48.082,51.608,46.684,64.349,22.154,4.998,12.215,7.6569,4.1084,0.43255,4.774,6.4832,4.4224,9.2695,13.301,23.988,9.6804,14.369,4.3356,8.2613,1.9902,7.4599,7.2531,7.4853,7.7306,7.191,6.0843,7.9683,6.7733,6.2096,7.4891,6.3062,7.1929,7.3776,3.8214,6.9424,10.408,2.403,1.4868,1.0207,0.41079,4.9042,7.0986,0.68377,2.4675,1.6367,1.3202,18.519,0.48216,19.229,0.35384,17.717,19.971,11.096,16.057,13.692,20.651,12.997,13.634,15.968,15.106,14.454,13.267,24.175,21.114,21.963,24.969,22.232,24.357,23.56,24.156,15.383,10.013,11.506,11.632,0.4594,0.87644,22.324,21.822,3.2094,2.8228,2.0647,1.7825,2.5084,1.9107,2.3046,1.3381,2.9907,0.90259,0.40424,3.6583,0.65364,0.41203,0.4914,0.44565,0.10089,0.12083,0.12945,0.095839,0.10645,9.6713,23.282,10.136,35.868,19.047,15.655,18.638,14.635,10.569,31.676,33.784,49.109,16.46,12.967,7.1325,10.539,7.3802,7.2824,0.20673,2.106,0.58495,21.882,4.1508,11.4,11.061,10.31,25.494,8.5126,3.5433,12.685,6.7651,4.771,22.819,19.228,26.532,3.3309,28.114,7.2817,7.1609,7.2627,7.496,7.0287,6.2538,7.0494,6.8938,19.948,2.8376,4.6278,3.291,24.885,23.014,1.6574,13.474,15.47,15.74,14.335,13.75,14.58,15.699,16.626,15.652,3.1478,0.041859,23.818,23.563,19.777,9.1217,9.248,10.563,10.739,10.331,7.1085,9.2013,10.441,11.004,21.549,21.574,22.208,2.4971,2.2777,2.7124,2.3199,1.914,2.216,0.8062,0.055632,0.55485,0.49243,0.079087,0.098709,0.0536,0.12626,3.7499,24.85,24.229,3.4673,15.682,13.489,24.095,2.463,25.756,20.86,17.555,12.976,10.523,10.407,23.898,28.745,26.647,5.9325,13.781,23.156,17.677,20.424,23.918,23.962,24.091
6.8435,0,6.4829,2.4355,8.4751,71.814,87.174,2.5711,12.882,2.7724,0.82846,6.4887,3.0219,3.2267,3.7077,4.4164,3.1808,7.8007,11.114,10.258,0.45678,2.6777,4.2796,1.8504,2.0085,2.0265,1.9818,3.0471,2.5778,3.7404,4.2828,4.7155,6.0556,6.4524,6.923,9.6026,8.696,5.8228,1.367,5.8224,3.6445,2.4965,2.9656,0.91347,0.94092,3.9354,6.9446,6.7833,30.579,19.03,27.222,37.09,32.642,52.49,24.614,31.943,54.7,33.363,47.664,13.005,14.187,4.149,1.549,1.6547,5.9736,0.54968,1.3164,15.749,0.18635,1.2469,5.2121,7.1133,4.3445,9.7431,11.84,10.729,2.9544,2.9665,2.9545,3.2173,3.5312,3.0926,3.5263,2.758,3.0261,3.8554,2.8788,3.3655,3.1693,2.8457,4.9553,3.4926,2.4477,5.3114,8.2442,5.3586,1.0929,5.4357,9.4393,10.246,10.643,8.8056,3.1868,9.6886,14.6,8.2327,2.5693,3.6108,0.91532,1.9885,1.3722,3.789,1.0666,1.2358,2.1528,2.4677,1.4101,1.1648,5.3837,4.6703,4.486,5.918,4.8275,5.5657,5.215,5.4919,6.1332,0.30345,0.70551,0.66103,10.484,11.435,4.4803,4.2818,1.9074,1.7224,2.16,1.9655,1.6909,2.2359,1.9228,2.6987,1.9073,3.3592,4.1625,1.8516,4.2487,6.3984,3.9632,3.8162,7.192,6.6847,7.0525,6.4181,6.8266,8.3252,12.511,18.758,13.906,24.044,20.931,21.691,20.275,8.4291,16.451,27.504,40.392,11.914,8.7164,6.2214,8.7288,11.147,9.4562,5.3544,2.1568,3.4432,4.5321,0.37982,0.7765,0.56197,0.68793,9.0926,0.091341,1.1661,1.5601,0.41334,0.6764,9.79,6.9756,10.146,16.257,10.495,3.0171,3.0345,2.9061,2.9866,2.7111,2.6709,3.1175,3.2124,3.9302,2.7118,2.248,8.0762,5.7111,4.7585,11.72,1.3956,1.9201,1.9277,1.3865,1.3012,1.4845,1.9262,2.3229,1.8586,6.3174,7.7654,5.2828,5.1405,5.5411,21.878,4.3239,0.40935,0.44869,0.36247,0.008179,0.25914,0.37951,0.54286,4.1453,4.161,4.4371,2.7531,2.4158,1.57,1.9999,1.9965,1.8264,3.9547,6.682,3.9658,4.5271,6.8513,7.3028,6.4785,6.9229,2.71,5.6981,5.4564,6.4067,1.9443,1.2035,5.4457,10.661,10.821,7.9419,5.6461,4.7421,0.40315,0.38548,5.3689,11.392,8.7379,13.192,2.9138,10.321,6.605,9.1582,5.3653,5.4225,5.4404
5.0261,6.4829,0,2.5117,0.15847,47.824,59.706,15.283,11.561,12.037,6.0831,25.796,1.3193,1.2919,0.98637,0.9414,1.0927,1.1471,3.4517,3.3792,9.4686,14.98,16.316,1.7987,1.9661,1.9114,1.8368,3.1049,1.6772,2.3704,2.4281,2.5888,2.9108,3.7514,3.0753,15.771,17.055,19.744,8.3837,17.356,19.668,16.881,13.677,10.548,3.3898,17.125,17.32,0.16456,9.0639,5.1338,9.2897,13.71,26.914,24.169,10.571,22.693,26.687,21.302,33.657,35.142,19.671,19.433,2.6603,1.5918,2.5214,7.6224,2.3945,3.5638,7.8048,8.8776,19.339,21.115,20.698,17.018,23.177,13.193,1.4087,1.3206,1.4188,1.3665,1.0019,0.87847,1.3002,1.2713,0.94558,0.96257,1.0524,1.0825,1.253,0.75107,0.43427,2.5755,1.3868,1.0463,2.1827,2.5851,2.2714,0.36974,3.5079,1.6455,2.6919,2.0486,17.784,4.3374,4.6143,3.5531,14.979,18.055,12.262,11.714,9.081,17.742,12.022,12.4,15.31,16.902,11.352,12.402,20.747,21.522,19.793,22.546,21.172,21.653,21.137,21.622,23.768,8.2946,8.1329,10.43,5.5441,9.7949,16.658,15.977,1.4994,1.8572,1.9123,2.5847,2.1151,1.9863,1.9759,2.2555,1.576,2.4229,5.1629,1.4495,2.3387,2.6288,3.0918,3.8224,3.9735,3.6688,3.7551,3.7493,3.7879,22.177,35.143,3.2537,20.169,6.0202,4.3503,5.2209,3.9777,1.0639,13.176,12.761,22.737,30.64,25.219,17.955,23.286,21.759,20.614,5.8354,7.0413,3.7677,20.202,5.7441,7.5426,10.343,11.393,11.817,7.4507,2.3064,14.398,9.1312,8.0124,31.562,26.419,32.816,16.354,33.473,1.302,1.2468,1.3601,1.404,1.3922,1.1589,1.1605,1.057,12.293,1.0138,1.1131,0.45336,18.091,18.022,3.446,13.555,14.566,14.197,12.202,12.743,12.705,14.263,15.475,13.778,13.218,4.9504,20.997,20.607,24.006,27.631,17.795,9.2802,9.506,9.0438,6.3442,9.2631,8.9536,10.234,15.967,15.929,16.455,1.1272,1.4904,2.1316,1.8688,2.3112,2.1964,2.1696,4.0715,2.825,2.6131,3.9583,4.0458,4.0496,3.7191,0.82853,21.257,21.195,0.16181,14.424,12.376,21.459,14.187,33.774,28.336,23.844,20.677,9.2918,9.3087,21.395,35.052,30.157,20.818,17.907,32.393,25.369,29.897,21.327,21.595,21.431
8.9564,2.4355,2.5117,0,3.9111,48.111,60.762,9.9992,17.455,9.4872,1.0362,14.554,0.1904,0.20451,0.36913,0.50991,0.29188,5.7221,9.9641,9.4831,3.2953,5.8254,6.2128,1.8906,2.3377,2.2908,2.133,4.5356,2.6384,4.4511,4.9361,5.4134,6.6428,7.6535,7.3483,17.605,17.462,15.481,6.2168,14.816,10.117,9.3863,10.277,6.2512,2.417,6.945,6.6458,3.4925,18.087,8.1893,13.794,21.735,19.467,33.289,11.565,17.864,34.609,18.355,29.614,26.658,23.075,12.924,0.11042,0.94575,6.2186,4.629,0.27649,11.767,2.5004,2.2298,8.2485,17.366,13.073,18.327,22.78,17.049,0.15846,0.19087,0.15502,0.17897,0.3468,0.45643,0.22625,0.22947,0.40802,0.39805,0.34965,0.29823,0.21731,1.2129,0.96611,0.10141,2.0848,4.1454,7.2054,5.8673,0.74339,1.1661,9.1937,7.4695,8.9292,7.3404,8.1452,10.101,5.1398,8.5717,5.8981,7.9855,5.6534,3.7029,2.2963,7.5528,4.7088,4.8306,6.6682,8.5141,3.7559,4.9498,9.381,10.893,9.0324,10.788,10.219,10.13,9.8512,10.147,16.215,2.6265,2.0948,3.8067,11.587,15.363,6.4108,5.9718,1.448,1.779,2.4567,2.9805,2.1018,2.6349,2.2397,3.4133,1.6066,4.1823,7.0895,1.1691,4.8232,6.5959,5.2952,5.7898,8.3196,7.733,8.0424,7.6291,7.9275,19.012,25.82,10.956,9.3465,12.634,10.776,10.62,10.507,2.1441,7.4628,13.573,23.082,24.973,20.168,15.446,19.758,21.604,19.622,8.5017,6.452,5.4348,9.4197,3.326,1.7279,3.9304,5.1759,4.2714,2.5011,1.4338,7.0396,4.8208,5.0205,21.406,17.118,20.95,22.614,20.984,0.19726,0.22014,0.17718,0.15995,0.17756,0.31769,0.25839,0.31091,3.6973,1.7731,0.73305,4.7144,7.2,7.3539,10.23,5.9132,6.1552,5.7493,4.4597,5.0901,4.8085,5.8186,6.6147,5.4147,13.598,9.4943,9.6704,9.3853,14.023,32.587,13.098,3.221,3.3448,3.1093,2.2128,3.7217,3.0003,3.8578,5.9959,5.965,6.2755,2.0431,2.2012,1.9419,2.2005,2.7278,2.3879,4.4254,8.0759,5.0595,5.2968,8.0899,8.4512,7.9237,7.9291,1.2151,9.6859,9.7557,3.2909,5.9645,4.8549,10.016,17.569,22.501,18.529,14.969,13.951,3.244,3.2978,10.003,22.535,17.875,22.887,10.197,22.26,16.749,20.761,9.9384,10.167,9.9926
5.15,8.4751,0.15847,3.9111,0,47.543,59.115,17.804,11.348,13.889,8.1995,29.732,2.3785,2.3322,1.9021,1.7865,2.0729,0.91808,2.8178,2.8584,11.974,18.192,19.69,2.7136,2.83,2.7703,2.7096,3.7791,2.3912,2.8559,2.8116,2.9009,3.0068,3.8377,3.0378,16.668,18.32,22.137,10.056,19.316,23.134,19.89,15.756,12.738,4.6215,20.569,20.718,0.16643,7.2971,4.833,8.5271,12.037,28.939,22.054,10.642,24.067,24.808,22.194,34.655,38.708,20.245,22.304,4.117,2.6417,2.6089,9.4495,3.7702,2.4,10.083,11.403,22.997,23.416,23.826,18.064,24.734,13.538,2.4977,2.3826,2.5109,2.4293,1.934,1.7829,2.3239,2.3249,1.8778,1.8603,2.0273,2.0502,2.2847,1.4989,1.0517,3.9199,2.1413,1.2044,1.9002,2.7817,3.5436,0.91208,3.1098,1.0927,2.0945,1.6829,21.197,3.9532,4.9679,3.3383,18.184,21.54,14.961,14.592,11.636,21.225,14.831,15.267,18.47,20.077,14.164,15.25,24.515,25.227,23.446,26.447,24.911,25.484,24.917,25.447,26.945,10.658,10.537,13.055,5.1284,9.6264,20.065,19.317,2.4234,2.8123,2.7345,3.4762,3.0723,2.7893,2.8642,2.9555,2.4885,2.9884,5.7916,2.4158,2.7238,2.6513,3.5789,4.3955,3.9531,3.7101,3.7417,3.8413,3.8141,24.365,38.888,2.021,23.395,4.8656,3.2999,4.3647,2.9223,1.4427,15.001,12.831,22.752,33.523,27.882,19.92,25.574,23.237,22.272,6.303,8.3206,4.4113,23.877,7.3827,9.8734,12.93,13.989,14.269,9.6512,3.4562,17.307,11.28,9.852,35.418,30.005,37.03,16.143,37.816,2.3561,2.2831,2.4368,2.4901,2.4857,2.1744,2.1657,2.0238,15.212,1.7262,2.0622,0.23509,21.627,21.56,2.7326,16.483,17.659,17.279,15.083,15.638,15.635,17.347,18.675,16.827,14.416,4.9132,24.774,24.353,27.67,27.933,20.246,11.758,12.012,11.489,8.3448,11.652,11.397,12.809,19.307,19.265,19.843,1.8143,2.2492,3.1279,2.7358,3.1842,3.1134,2.6028,4.1433,3.2934,2.9614,3.9931,4.0127,4.1542,3.7244,1.6005,25.072,24.994,0.21834,17.518,15.233,25.272,14.671,37.892,32.061,27.291,23.619,11.768,11.78,25.199,39.433,34.386,21.742,20.984,36.26,28.797,33.515,25.127,25.414,25.243
83.706,71.814,47.824,48.111,47.543,0,0.75378,101.47,105.3,100,59.223,103.85,47.655,46.82,45.923,43.589,47.772,61.588,71.806,72.71,72.713,74.111,68.049,63.724,65.752,65.41,64.657,74.238,65.314,71.106,71.692,72.649,74.146,78.15,74.566,117.86,120.03,118.17,88.41,115.9,93.482,96.454,102.82,88.875,69.992,73.707,57.64,52.663,29.492,22.112,16.96,18.998,13.523,13.661,13.474,9.9861,9.8176,7.7885,3.9954,144.24,128.79,109.58,52.812,58.669,72.105,82.538,55.198,61.928,70.233,62.633,74.351,123.25,108.56,120.83,134.74,111.25,47.683,47.914,47.652,46.634,46.582,49.435,45.565,49.174,49.371,45.446,49.583,46.966,47.203,55.605,44.491,43.812,62.57,62.973,68.278,72.619,59.375,43.619,74.516,61.174,67.917,66.668,84.411,78.541,23.288,76.031,75.086,81.173,83.505,66.325,62.309,77.805,76.872,76.553,81.737,90.902,69.664,77.656,79.703,92.166,82.422,84.822,87.363,82.944,83.205,83.424,118.03,70.088,64.908,74.261,83.474,99.941,68.111,66.764,60.841,63.541,65.868,69.596,65.563,66.611,65.504,69.291,61.806,71.081,83.889,59.33,71.193,72.494,74.937,78.203,78.857,77.66,77.891,78.152,78.164,127.42,141.08,42.974,40.452,26.978,30.782,25.492,32.392,35.494,22.431,11.237,4.669,142.22,130.49,117.63,129.44,131.53,127.48,86.96,87.431,77.673,84.372,76.475,62.702,75.599,82.205,36.986,70.984,63.492,87.685,83.118,84.158,128.1,117.72,122.41,119.05,120.45,47.736,47.852,48.071,47.548,48.95,50.248,47.79,47.78,56.786,59.641,54.948,54.359,66.297,71.775,70.727,81.854,80.123,77.768,73.615,77.641,74.993,78.168,80.458,76.275,109.26,82.991,81.835,80.979,106.33,148.08,111.31,72.612,73.04,72.307,70.448,76.577,71.597,75.31,67.562,67.322,67.606,61.106,63.385,65.07,64.983,68.045,66.724,70.117,79.554,73.622,72.744,78.957,79.136,79.528,77.786,56.183,79.787,81.415,53.102,78.894,76.883,82.927,114.09,128.54,120.75,112.13,112.44,72.78,73.197,83.256,125,111.24,131.2,98.903,130.47,117.94,128.27,82.911,83.902,82.825
99.032,87.174,59.706,60.762,59.115,0.75378,0,119.61,122.05,117.79,73.313,122.24,60.11,59.168,58.102,55.453,60.201,74.571,85.347,86.454,88.26,89.777,83.015,77.814,80.01,79.632,78.814,89.167,79.433,85.61,86.172,87.16,88.611,92.963,88.95,136.46,139.03,137.58,105.16,134.98,111.01,114.25,120.93,105.86,84.87,89.276,71.341,64.942,36.707,30.144,23.565,24.585,20.049,17.108,20.227,16.053,12.742,13.368,7.8457,165.82,147.92,128.46,66.023,72.326,86.377,98.841,68.641,73.908,85.502,77.129,89.918,143.01,127.39,139.74,154.95,128.94,60.156,60.4,60.122,58.971,58.847,62.013,57.758,61.8,61.957,57.559,62.215,59.295,59.592,68.763,56.326,55.928,76.445,76.441,81.854,87.032,73.216,55.301,88.55,73.788,81.136,80.009,101.09,92.945,32.048,90.38,90.855,97.512,100.11,81.207,76.769,93.797,92.85,92.499,98.181,108.21,84.908,93.711,95.805,109.53,98.844,101.41,104.26,99.362,99.668,99.894,137.63,85.355,79.643,89.973,98.272,116.32,83.072,81.596,74.648,77.638,80.112,84.24,79.86,80.913,79.753,83.781,75.704,85.643,99.636,73.008,85.628,86.744,89.792,93.415,93.637,92.391,92.593,92.971,92.925,147.43,162.45,52.8,51.756,34.756,39.262,33.437,41.091,46.049,31.342,17.491,9.0157,163.52,150.9,136.84,149.63,151.47,147.24,102.84,103.9,92.89,100.99,92.152,77.196,91.44,98.678,48.204,86.313,77.692,104.69,99.581,100.61,148.51,137.31,142.33,136.81,140.17,60.198,60.318,60.582,60.003,61.57,62.976,60.233,60.203,70.563,73.194,68.156,66.616,80.999,87.102,84.081,98.317,96.413,93.825,89.265,93.695,90.781,94.266,96.772,92.185,127.42,98.113,98.158,97.223,124.98,168.26,130.22,88.146,88.62,87.807,85.677,92.486,87.026,91.121,82.484,82.217,82.517,74.791,77.344,79.342,79.169,82.53,81.11,84.49,94.478,88.344,87.292,93.796,93.93,94.478,92.496,69.416,95.88,97.686,65.476,95.063,92.862,99.35,132.1,148.96,140.59,131.27,131.55,88.331,88.789,99.716,145.1,130.22,150.75,116.92,151.06,137.54,148.69,99.337,100.42,99.238
9.1594,2.5711,15.283,9.9992,17.804,101.47,119.61,0,12.473,0.74575,5.8095,3.6926,10.898,11.3,12.077,13.367,11.093,14.463,16.658,15.44,2.7635,4.882,7.8277,6.6249,6.4591,6.5447,6.6247,6.2036,7.2662,7.6639,8.2349,8.5971,9.9858,9.7264,10.983,5.9005,4.299,0.8377,1.2671,1.4059,2.3922,0.65409,0.37691,0.46037,4.2892,6.3609,12.875,14.809,47.827,34.992,45.79,57.415,51.833,76.765,43.044,51.885,79.999,54.139,71.711,4.1461,9.4381,0.25681,8.0703,7.2694,10.265,1.319,7.3876,24.137,2.9783,5.5344,7.6771,1.4669,0.58427,5.4696,5.2231,8.6386,10.802,10.784,10.807,11.315,11.742,10.711,11.889,10.31,10.634,12.346,10.406,11.463,11.165,9.3467,13.921,12.055,7.5998,11.127,13.783,9.4045,6.3964,14.676,14.097,17.547,16.8,14.772,3.5288,13.651,29.302,12.327,4.5784,4.5968,1.263,5.6104,5.7315,5.4243,2.6155,2.8535,2.8851,1.5761,4.3392,2.5743,6.8618,3.761,5.3434,6.5099,4.8131,6.4614,6.0172,6.2887,0.9489,3.113,4.5215,2.6792,13.701,11.726,8.042,8.0777,7.2162,6.4924,6.632,5.6953,6.0847,6.5929,6.3944,6.6869,7.0437,7.1889,5.774,7.4115,8.2851,10.72,7.2261,6.4242,10.51,10.107,10.519,9.6833,10.188,2.18,4.0758,31.187,24.315,40.338,35.923,37.72,34.854,19.761,31.122,46.872,63.338,3.4679,1.9098,1.5605,2.2518,5.0187,3.6958,6.6799,2.5209,6.0547,5.0335,2.2943,5.0351,2.331,1.2686,19.532,2.7565,5.7737,1.1862,0.93659,1.1681,3.1903,1.8571,4.5245,13.951,5.251,10.879,10.885,10.679,10.866,10.281,10.024,11.006,11.133,9.6371,8.463,8.688,16.107,9.7837,7.6544,17.601,2.0512,2.9291,3.3729,3.5639,2.7217,3.4106,3.2969,3.306,3.5759,3.4791,10.438,6.3489,6.3484,2.2149,15.106,0.29836,2.7358,2.6941,2.7475,2.8276,1.8647,2.8981,2.3652,7.7704,7.8344,8.0904,8.2528,7.4115,6.0178,6.5884,6.0223,6.0469,8.1169,9.7463,7.4764,8.344,10.069,10.595,9.4987,10.378,9.0719,7.2014,6.6233,14.264,3.1822,2.7581,6.3292,7.9896,4.2364,2.3951,1.3559,0.41096,2.6981,2.6027,6.1813,5.4644,4.8956,7.6966,0.67517,3.3825,1.4349,2.4974,6.2414,6.1217,6.3421
1.448,12.882,11.561,17.455,11.348,105.3,122.05,12.473,0,7.1192,18.668,29.575,15.273,15.606,15.359,16.301,14.733,5.8271,3.5162,3.176,17.837,26.665,31.915,7.8693,7.0333,7.1097,7.3924,4.2317,6.5397,4.3196,3.9304,3.5699,2.9183,2.1954,2.7108,2.1852,3.7162,10.716,7.012,7.4667,24.649,18.202,8.6008,10.965,7.7613,30.484,38.54,9.1519,30.448,30.915,38.765,42.665,71.835,60.024,43.918,66.075,66.086,64.186,84.629,23.072,2.0523,15.332,15.485,10.281,3.3199,9.0336,13.774,7.5293,16.151,21.919,33.86,10.104,18.192,2.866,6.1837,0.55712,15.448,15.154,15.484,15.849,15.09,13.461,16.2,14.45,13.644,15.523,13.778,15.088,15.345,9.9673,14.684,19.548,7.5234,5.7163,4.0008,3.3653,11.359,14.876,2.7121,6.1721,4.3531,4.4343,26.178,2.0062,30.778,2.3784,26.173,28.296,17.08,24.989,22.434,29.473,20.167,20.993,23.334,21.254,22.697,20.423,33.546,28.493,30.585,33.969,30.383,33.428,32.437,33.135,18.221,17.108,19.474,18.732,1.3339,0.073515,32.456,31.975,8.8491,8.12,6.8191,6.1271,7.5201,6.5312,7.2143,5.4317,8.4706,4.5577,2.4956,9.5915,4.044,3.1696,3.5246,3.1753,1.983,2.2282,2.1427,2.2014,2.1317,9.4406,24.946,16.2,50.86,28.278,24.127,28.366,22.776,19.576,46.663,48.269,66.226,16.09,13.343,7.5227,10.289,5.4921,6.1024,1.6984,4.7645,3.4833,30.281,8.8511,19.538,17.879,16.231,38.69,15.114,9.1731,18.606,11.591,8.8457,26.161,23.079,31.472,0.42165,33.648,15.198,15.027,15.163,15.502,14.813,13.687,14.871,14.651,30.587,8.3213,11.2,8.3459,35.712,32.938,3.8882,20.235,22.892,23.471,22.16,21.024,22.325,23.379,24.279,23.517,3.1447,1.3865,32.894,32.674,25.194,3.9738,11.272,17.554,17.733,17.292,13.358,15.428,17.501,17.836,31.57,31.623,32.363,7.7273,7.2872,7.8577,7.2696,6.4434,6.9993,4.4067,1.9588,3.7351,3.6267,2.0136,1.9305,1.9998,2.1749,9.8452,34.351,33.434,9.0344,23.282,20.778,33.113,0.90753,29.727,24.707,21.719,15.921,17.487,17.299,32.841,33.841,32.996,3.2319,18.66,26.261,21.117,23.161,32.902,32.85,33.119
4.9598,2.7724,12.037,9.4872,13.889,100,117.79,0.74575,7.1192,0,6.6254,7.7142,9.6325,10.017,10.543,11.747,9.6475,10.024,11.121,10.119,4.1287,7.8864,11.391,4.6047,4.2763,4.3594,4.4885,3.4031,4.7649,4.5257,4.8621,5.0481,5.9383,5.5677,6.6407,2.6961,1.8619,0.95733,0.36166,0.59142,5.5233,2.6371,0.08491,0.71854,2.8177,9.9362,16.816,11.093,41.219,31.636,41.706,51.439,54.348,70.29,40.89,52.978,74.211,54.218,72.48,6.4879,5.3405,1.6423,7.5517,5.6781,6.2463,0.89187,6.6192,17.745,3.8779,7.2136,11.755,1.2855,2.5878,2.5385,3.17,4.3627,9.603,9.5175,9.6154,10.087,10.225,9.0498,10.607,8.988,9.0363,10.786,8.8968,10.014,9.8511,7.1687,11.77,11.549,5.2558,7.478,9.0674,5.6077,5.2826,12.387,8.9929,12.437,11.431,9.919,6.7505,8.4855,27.307,7.5756,7.5373,8.0731,2.8161,8.023,7.4881,8.9838,4.5885,4.9697,5.5682,4.0761,6.5047,4.6203,11.065,7.4956,9.1969,10.906,8.7494,10.736,10.158,10.534,2.8752,4.2134,5.8524,4.2845,8.3613,6.57,11.685,11.593,5.2893,4.5658,4.3546,3.48,4.1124,4.2551,4.2716,4.0588,5.067,4.2252,2.6593,5.6174,4.9275,6.5531,4.0028,3.3135,6.1081,5.8628,6.1534,5.5366,5.9007,1.6641,6.8912,25.178,28.457,35.032,30.685,33.076,29.549,17.371,32.562,44.842,61.661,4.2688,2.4152,0.7227,1.9267,2.8451,1.9931,3.1501,0.75888,3.1095,8.8894,1.5808,6.2547,3.8139,2.6124,21.869,3.4573,4.2804,3.133,1.2284,0.73281,6.5128,4.7478,8.8151,8.3448,9.8944,9.6001,9.5626,9.4403,9.6642,9.0549,8.5864,9.6157,9.6583,12.427,6.1012,6.9721,11.877,13.795,11.511,11.924,4.1814,5.4926,5.9682,5.7901,4.8785,5.7152,5.8885,6.1164,6.1318,1.0976,5.9101,10.52,10.465,5.5291,10.1,0.68258,4.0387,4.0511,3.9833,3.0818,2.8633,4.1479,3.8291,11.263,11.324,11.698,5.7981,5.0564,4.1441,4.4313,3.8035,3.9572,4.8886,5.5257,4.2426,4.8708,5.7824,6.1592,5.3487,6.0549,6.9316,11.519,10.859,10.653,5.7785,4.8455,10.559,3.9596,8.1744,5.5534,4.0342,1.9041,3.9939,3.8761,10.381,10.105,9.4622,4.3148,2.7661,6.6836,3.9495,5.2566,10.441,10.339,10.57
10.477,0.82846,6.0831,1.0362,8.1995,59.223,73.313,5.8095,18.668,6.6254,0,7.86,1.9132,2.0238,2.4989,2.9504,2.162,9.2639,13.838,13.045,0.72014,2.0014,2.5484,2.8522,3.2815,3.265,3.1241,5.3844,3.9173,5.8738,6.5433,7.1204,8.737,9.5509,9.7141,15.84,14.838,10.727,4.29,10.99,4.7333,4.5961,6.8427,3.319,2.3699,2.795,3.7149,7.0813,27.717,14.88,22.126,32.205,23.211,45.802,18.421,22.973,47.051,24.564,36.704,18.626,21.523,7.7033,0.70918,1.9486,8.445,2.7194,0.86797,17.477,0.47358,0.26436,3.7455,12.553,7.4537,16.119,18.932,16.756,1.8207,1.8896,1.8136,1.9676,2.397,2.3613,2.1685,1.8563,2.2619,2.5981,2.1039,2.2503,2.0261,3.0233,3.8029,1.5574,3.4447,6.7464,10.474,7.8262,1.263,4.2212,12.374,11.776,12.939,10.891,3.371,13.031,10.296,11.254,2.0246,3.2975,2.1086,0.91569,0.30447,3.0792,1.3651,1.4108,2.4558,3.747,0.85648,1.4934,4.367,5.2103,4.0125,5.257,4.7683,4.8162,4.5962,4.8128,10.048,0.45951,0.18546,0.93252,14.329,16.728,2.6936,2.4473,2.5679,2.6699,3.4791,3.6423,2.8666,3.6529,3.1483,4.4883,2.6899,5.4368,7.5136,2.2979,6.4551,8.9436,6.5002,6.6339,10.415,9.756,10.174,9.514,9.9565,14.233,17.619,18.1,8.1686,20.9,18.44,18.288,18.045,6.1609,10.08,20.735,31.503,18.249,14.358,11.534,14.698,18.052,15.879,9.1097,5.3521,6.1587,4.2468,2.1131,0.088101,1.0405,1.8841,4.433,0.56675,1.9372,2.8992,2.2782,2.9991,13.612,10.27,12.859,23.208,12.794,1.9241,1.974,1.8362,1.8375,1.7417,1.9453,2.0779,2.2069,1.5177,3.4004,2.1778,8.6832,3.4288,3.1965,14.35,2.0749,2.1482,1.904,1.1966,1.5567,1.381,1.9444,2.4151,1.7138,11.595,11.408,4.5055,4.3203,7.6238,30.844,8.5566,0.7,0.7497,0.6626,0.67227,1.1185,0.60003,1.0045,2.416,2.4076,2.6227,3.6321,3.503,2.6571,3.1839,3.5178,3.1656,6.0156,9.9299,6.3772,6.9205,10.057,10.56,9.7071,10.025,2.9388,4.599,4.5861,6.7308,2.0305,1.4295,4.7299,16.849,14.261,11.303,8.6283,8.465,0.71489,0.75221,4.7092,14.056,10.336,20.492,5.1591,14.337,10.155,13.355,4.6717,4.8128,4.7158
23.108,6.4887,25.796,14.554,29.732,103.85,122.24,3.6926,29.575,7.7142,7.86,0,17.1,17.503,18.792,20.165,17.695,28.102,33.004,31.369,4.0931,2.5141,3.9293,15.148,15.415,15.493,15.437,16.814,16.897,18.89,19.987,20.763,23.273,23.394,24.912,18.774,15.569,6.4244,8.2192,8.9994,0.41604,1.3975,6.4266,4.8429,11.848,2.6549,7.6527,26.541,64.307,44.346,56.285,71.857,47.239,91.563,49.189,50.368,93.036,54.759,70.123,5.4537,24.543,2.758,12.845,14.655,23.416,7.0156,12.817,41.866,5.2688,5.763,2.8227,7.8661,1.6577,17.836,16.058,23.626,16.86,17,16.847,17.387,18.45,17.862,18.035,16.704,17.644,19.095,17.23,18.039,17.452,17.889,21.918,16.401,16.783,23.139,28.27,22.1,12.76,22.933,29.638,32.582,32.645,29.485,1.0337,29.468,35.82,27.179,2.352,1.3981,2.5513,4.3063,5.7707,1.9094,2.7155,2.6154,1.5352,0.96007,3.7319,2.5364,1.9168,0.34878,1.3145,1.3033,0.7676,1.4698,1.3464,1.3825,2.4772,4.9447,5.6328,3.521,30.058,28.241,3.9605,4.238,15.423,14.804,15.798,14.866,14.574,15.918,15.21,16.743,15.397,18.038,17.401,15.268,19.986,24.2,18.775,17.846,24.721,23.939,24.619,23.326,24.13,9.436,4.2262,47.253,17.758,54.051,49.737,49.985,48.902,27.836,29.854,52.55,67.515,8.1892,6.9793,9.2549,9.1402,16.031,13.568,19.304,11.325,17.101,1.069,8.4157,6.3117,3.4993,2.986,17.061,5.5229,13.135,1.7233,5.0511,6.9377,1.8301,1.1854,0.77634,31.996,0.6287,17.115,17.221,16.84,16.923,16.455,16.72,17.488,17.802,7.0684,17.569,16.194,29.003,4.7664,3.2172,34.2,1.9704,1.7961,2.0821,2.9665,2.4302,2.6846,2.0291,1.618,2.3209,14.317,25.062,1.5591,1.6529,0.23056,32.669,5.0966,4.2029,4.0545,4.3554,6.5764,4.1635,4.4482,3.5661,4.0169,4.0777,4.0696,17.619,16.651,14.273,15.459,15.143,14.837,19.5,23.596,19,20.351,24.038,24.887,23.197,24.384,17.556,1.9939,1.667,25.79,1.9296,2.5976,1.4411,22.533,1.4771,1.2005,1.0032,2.7542,4.1875,4.1582,1.3756,0.98242,0.17222,21.325,1.2517,2.1374,1.626,2.4266,1.4233,1.2994,1.4544
7.3339,3.0219,1.3193,0.1904,2.3785,47.655,60.11,10.898,15.273,9.6325,1.9132,17.1,0,0.0037735,0.040025,0.13278,0.01092,3.9464,7.6458,7.2758,4.4684,7.8226,8.4805,1.3445,1.7123,1.6635,1.5296,3.6096,1.8512,3.3497,3.7166,4.1059,5.0845,6.0443,5.6411,16.527,16.775,16.083,6.2673,14.945,12.204,10.901,10.654,6.889,2.1571,9.2273,9.0852,2.0698,15.142,6.888,12.107,19.084,21.091,30.358,10.849,18.768,32.015,18.743,30.324,28.405,21.557,14.154,0.30535,0.60864,4.6721,4.9133,0.3493,8.9974,3.4358,3.5457,10.783,17.822,14.612,17.392,22.303,15.421,0.0014653,0.00035113,0.0018217,0.0060839,0.027262,0.068957,0.023484,0.013092,0.052453,0.055051,0.03933,0.013754,0.0018258,0.57435,0.32252,0.28719,1.3731,2.7732,5.2993,4.4342,0.64852,0.45094,7.099,5.3519,6.6906,5.3623,10.266,7.9807,4.5312,6.6584,7.874,10.229,6.9356,5.3922,3.6504,9.8332,6.1929,6.386,8.5151,10.281,5.3263,6.4716,11.986,13.28,11.466,13.497,12.701,12.775,12.43,12.778,17.726,3.6627,3.2392,5.1026,9.3855,13.276,8.7183,8.2138,0.94461,1.2799,1.7835,2.3442,1.5825,1.9323,1.6442,2.5676,1.0795,3.1692,6.0173,0.73051,3.6107,4.9748,4.156,4.7121,6.5878,6.0799,6.3278,6.0261,6.2532,19.304,27.802,8.3486,11.853,10.35,8.5369,8.6706,8.2362,1.3625,8.5801,12.912,22.571,25.943,20.978,15.565,20.148,21.063,19.315,7.2232,6.0687,4.4403,11.857,3.4577,2.813,5.1666,6.3512,5.8712,3.3377,1.1535,8.525,5.4681,5.3027,23.63,19.114,23.652,20.32,23.861,9.8939e-05,0.001306,0.0011305,0.0014237,0.0091166,0.044654,0.0053154,0.014841,5.5603,1.0479,0.32713,3.0336,9.6887,9.7742,7.8385,7.483,7.94,7.5468,6.0661,6.6675,6.4563,7.6147,8.5237,7.1903,12.928,7.7041,12.262,11.949,16.217,30.628,13.826,4.3626,4.5142,4.2168,2.8239,4.7158,4.1138,5.0841,8.2275,8.1949,8.5649,1.2732,1.485,1.4717,1.5869,2.0875,1.811,3.277,6.4373,3.9132,4.028,6.4169,6.7029,6.3209,6.2358,0.59662,12.348,12.379,1.9222,7.7641,6.3964,12.639,16.07,25.034,20.662,16.851,15.239,4.3823,4.4254,12.611,25.415,20.703,21.734,11.769,24.475,18.556,22.701,12.546,12.785,12.614
7.5585,3.2267,1.2919,0.20451,2.3322,46.82,59.168,11.3,15.606,10.017,2.0238,17.503,0.0037735,0,0.025387,0.095928,0.013718,4.0041,7.7491,7.3925,4.6808,8.0353,8.6402,1.4694,1.8501,1.7988,1.6599,3.7987,1.9806,3.51,3.8763,4.2687,5.2466,6.2319,5.7989,16.982,17.255,16.579,6.5776,15.421,12.55,11.272,11.059,7.2102,2.3358,9.4302,9.1522,2.0733,14.797,6.5849,11.705,18.619,20.65,29.741,10.448,18.301,31.358,18.246,29.7,29.046,22.054,14.605,0.35963,0.70027,4.8201,5.189,0.42149,8.993,3.6306,3.6811,10.983,18.344,15.057,17.867,22.867,15.816,0.0061756,0.0063803,0.0063335,0.001246,0.018702,0.083537,0.0085267,0.029479,0.06729,0.035822,0.057085,0.009406,0.0011078,0.63316,0.28628,0.26279,1.4842,2.8617,5.4009,4.5912,0.75106,0.40444,7.2354,5.3865,6.7699,5.4478,10.55,8.144,4.2736,6.8157,8.0943,10.488,7.2231,5.5516,3.7829,10.067,6.4332,6.6233,8.7852,10.614,5.5129,6.7171,12.224,13.611,11.729,13.768,12.997,13.035,12.694,13.042,18.226,3.8563,3.3936,5.3256,9.5779,13.581,8.8773,8.364,1.0488,1.4048,1.9208,2.5099,1.722,2.074,1.7811,2.7243,1.1904,3.3327,6.2666,0.82471,3.7671,5.1221,4.342,4.923,6.7743,6.2619,6.5084,6.214,6.4377,19.846,28.425,8.1876,11.747,10.038,8.2754,8.3679,7.9908,1.2356,8.316,12.475,21.995,26.571,21.543,16.051,20.703,21.609,19.845,7.4845,6.3631,4.6507,12.134,3.69,2.9506,5.3995,6.6302,5.7681,3.5378,1.2837,8.8394,5.7517,5.5892,24.181,19.609,24.164,20.726,24.357,0.0044407,0.0061917,0.008829,0.0049198,0.02459,0.068957,0.0089021,0.017355,5.6385,1.136,0.38724,3.038,9.8271,9.9583,7.929,7.7573,8.1997,7.7896,6.2816,6.9123,6.6812,7.8605,8.7839,7.4228,13.347,7.9157,12.516,12.198,16.642,31.204,14.284,4.5744,4.729,4.4265,3.0191,4.9561,4.3183,5.315,8.3844,8.3499,8.7204,1.3712,1.6022,1.609,1.7193,2.2417,1.9575,3.4282,6.6331,4.0896,4.1931,6.607,6.8905,6.5182,6.4168,0.6607,12.585,12.629,1.932,8.0149,6.6362,12.899,16.486,25.583,21.173,17.315,15.706,4.5953,4.6415,12.875,25.938,21.145,22.258,12.155,25.039,19.054,23.256,12.807,13.053,12.875
7.3757,3.7077,0.98637,0.36913,1.9021,45.923,58.102,12.077,15.359,10.543,2.4989,18.792,0.040025,0.025387,0,0.033115,0.020945,3.6043,7.2276,6.9191,5.3511,8.961,9.5956,1.5186,1.8878,1.8333,1.6967,3.7954,1.9597,3.4232,3.7524,4.1207,5.0202,6.0157,5.5219,17.201,17.62,17.361,6.9997,16.036,13.638,12.209,11.678,7.8253,2.5282,10.434,10.067,1.7278,13.626,5.9657,10.866,17.417,20.796,28.299,9.9102,18.198,29.979,17.954,29.377,30.329,22.179,15.536,0.56646,0.78033,4.5831,5.6484,0.6087,8.2225,4.2094,4.3173,12.063,19.107,16.077,18.152,23.384,15.804,0.053719,0.044884,0.054849,0.034171,0.0024497,0.069754,0.021925,0.070497,0.063644,0.0014749,0.070412,0.0082866,0.02503,0.58658,0.14161,0.38688,1.4682,2.6182,5.0054,4.3984,0.9172,0.22718,6.8169,4.8575,6.2488,5.0136,11.586,7.7449,3.915,6.4745,9.021,11.536,8.0033,6.3278,4.428,11.101,7.228,7.4372,9.7226,11.591,6.2799,7.5288,13.364,14.778,12.841,14.974,14.158,14.21,13.852,14.216,19.293,4.4651,3.996,6.0446,9.1831,13.335,9.8444,9.302,1.0901,1.4685,1.9431,2.5725,1.7944,2.0919,1.8271,2.7129,1.2312,3.2765,6.2793,0.87596,3.642,4.8612,4.2695,4.895,6.5189,6.0265,6.2525,6,6.1981,20.579,29.763,7.3082,12.507,9.1063,7.4079,7.5483,7.1301,0.95619,8.485,11.918,21.344,27.601,22.46,16.672,21.478,22.086,20.379,7.4454,6.6347,4.6478,13.261,4.0579,3.5176,6.1101,7.3687,6.25,4.0913,1.4206,9.7099,6.3314,6.0588,25.52,20.821,25.611,20.52,25.843,0.039175,0.03477,0.053508,0.050756,0.079517,0.10048,0.025562,0.019616,6.386,1.0924,0.41399,2.6136,10.83,10.986,7.3721,8.6132,9.1074,8.684,7.0891,7.7405,7.5112,8.7574,9.7304,8.2999,13.657,7.6678,13.668,13.335,17.845,31.275,15.067,5.2343,5.4005,5.0736,3.4978,5.5992,4.962,6.0204,9.3259,9.2889,9.6784,1.3237,1.5909,1.6942,1.7552,2.2915,2.019,3.3177,6.416,4.0052,4.0594,6.3735,6.6311,6.3138,6.1678,0.62567,13.74,13.786,1.6096,8.9181,7.4483,14.068,16.536,27.016,22.444,18.46,16.672,5.2554,5.3014,14.041,27.451,22.561,22.524,13.125,26.39,20.21,24.512,13.971,14.227,14.042
8.0352,4.4164,0.9414,0.50991,1.7865,43.589,55.453,13.367,16.301,11.747,2.9504,20.165,0.13278,0.095928,0.033115,0,0.10655,3.7761,7.5045,7.24,6.1097,9.7599,10.255,1.9431,2.3454,2.2833,2.1338,4.3861,2.3852,3.9226,4.2445,4.6175,5.5028,6.5693,5.9849,18.547,19.058,18.909,7.986,17.504,14.824,13.44,12.952,8.8714,3.121,11.219,10.468,1.7607,12.582,5.1221,9.7196,16.042,19.697,26.476,8.8133,16.991,28.054,16.635,27.707,32.347,23.627,16.984,0.82307,1.1189,5.0261,6.5464,0.91097,8.1679,4.9059,4.8611,12.852,20.723,17.522,19.567,25.075,16.952,0.15077,0.14412,0.15151,0.10299,0.053515,0.18414,0.060185,0.1983,0.1803,0.020713,0.19765,0.073154,0.10366,0.81619,0.097465,0.41662,1.8449,2.8981,5.2973,4.8726,1.2988,0.15009,7.1999,4.9464,6.4605,5.2555,12.596,8.2042,3.2355,6.9264,9.8409,12.479,8.9832,6.9586,4.9652,11.973,8.0816,8.2857,10.68,12.726,6.9835,8.3992,14.265,15.936,13.804,15.977,15.22,15.176,14.827,15.194,20.895,5.1632,4.5861,6.8395,9.7223,14.203,10.504,9.9329,1.4567,1.8951,2.3966,3.1097,2.262,2.5572,2.2834,3.2141,1.6162,3.7894,7.0362,1.217,4.125,5.2982,4.8409,5.5412,7.0634,6.5621,6.781,6.5548,6.7398,22.244,31.742,6.8108,12.413,8.1914,6.6391,6.6745,6.4059,0.64463,7.8695,10.719,19.753,29.546,24.217,18.167,23.184,23.721,21.981,8.2269,7.5543,5.2966,14.264,4.8236,4.0566,6.9306,8.319,6.1211,4.7984,1.8729,10.777,7.2695,6.9876,27.304,22.432,27.303,21.669,27.499,0.13324,0.12936,0.15825,0.14424,0.20699,0.24834,0.11477,0.10368,6.7915,1.4022,0.65853,2.6368,11.438,11.723,7.609,9.569,10.031,9.5602,7.8773,8.6117,8.3288,9.6418,10.662,9.1451,14.922,8.2818,14.614,14.264,19.264,32.931,16.513,5.9897,6.1658,5.8213,4.1798,6.4294,5.6951,6.8347,9.9754,9.933,10.327,1.6598,1.9849,2.1575,2.198,2.7957,2.5038,3.789,6.9919,4.5488,4.5647,6.9311,7.1779,6.8959,6.6983,0.87141,14.641,14.722,1.6631,9.8174,8.3033,15.035,17.753,28.809,24.108,19.975,18.171,6.0142,6.0684,15.016,29.184,24.06,24.067,14.402,28.211,21.821,26.293,14.939,15.215,15.007
6.9513,3.1808,1.0927,0.29188,2.0729,47.772,60.201,11.093,14.733,9.6475,2.162,17.695,0.01092,0.013718,0.020945,0.10655,0,3.5605,7.1186,6.7728,4.7685,8.3233,9.0578,1.2441,1.59,1.5413,1.4141,3.4037,1.6913,3.107,3.4453,3.8125,4.7303,5.6725,5.2515,16.231,16.568,16.187,6.2743,14.937,12.7,11.252,10.721,7.0366,2.1155,9.7994,9.7232,1.7809,14.554,6.6912,11.836,18.592,21.634,29.828,10.814,19.141,31.576,18.996,30.682,28.758,21.144,14.419,0.39973,0.56592,4.3235,4.9843,0.41031,8.3823,3.6818,3.8963,11.417,17.884,14.954,17.125,22.13,15.003,0.020323,0.010781,0.021643,0.023022,0.0092697,0.029711,0.035215,0.015115,0.020919,0.033528,0.018211,0.0034373,0.0075558,0.46499,0.23131,0.39541,1.2352,2.4792,4.8728,4.1114,0.66253,0.3444,6.6195,4.8876,6.1877,4.9216,10.782,7.4894,4.4937,6.2187,8.3679,10.78,7.247,5.8288,4.011,10.399,6.5631,6.7742,8.9675,10.701,5.7283,6.8499,12.63,13.852,12.063,14.158,13.303,13.423,13.062,13.423,18.05,3.9334,3.5442,5.4304,8.8684,12.764,9.3055,8.7868,0.85886,1.1909,1.6498,2.2136,1.4857,1.7904,1.5294,2.3879,0.98658,2.9474,5.7635,0.66257,3.3418,4.6083,3.8989,4.4648,6.1864,5.6984,5.9317,5.6557,5.8661,19.322,28.215,7.8049,12.543,9.9155,8.1032,8.316,7.7917,1.2562,8.964,12.899,22.622,26.109,21.117,15.553,20.188,20.878,19.19,6.9168,5.9734,4.2133,12.452,3.5004,3.1071,5.478,6.6383,6.3396,3.5584,1.1168,8.8804,5.6258,5.371,24.116,19.556,24.264,19.737,24.518,0.0092572,0.0050787,0.014742,0.020157,0.022991,0.031272,0.0010212,0.00030097,6.0557,0.91148,0.2741,2.6816,10.324,10.384,7.296,7.867,8.3793,7.9926,6.4712,7.0594,6.8694,8.0597,8.9932,7.633,12.738,7.2833,12.899,12.58,16.723,30.091,13.967,4.6552,4.813,4.5015,2.9908,4.9668,4.401,5.3935,8.7966,8.7639,9.1484,1.1238,1.3449,1.3873,1.4686,1.9582,1.6987,3.0246,6.0565,3.6562,3.7435,6.029,6.2972,5.9486,5.8448,0.49105,13.005,13.025,1.6452,8.2089,6.7807,13.282,15.678,25.596,21.135,17.273,15.514,4.6739,4.7138,13.25,26.068,21.359,21.405,12.13,24.957,18.952,23.119,13.186,13.425,13.257
1.8539,7.8007,1.1471,5.7221,0.91808,61.588,74.571,14.463,5.8271,10.024,9.2639,28.102,3.9464,4.0041,3.6043,3.7761,3.5605,0,0.63657,0.58892,11.801,18.882,21.471,2.0641,1.9019,1.8798,1.9188,1.7555,1.4214,1.0859,0.92624,0.87568,0.72949,1.1185,0.66974,10.452,12.134,17.048,7.2155,14.031,21.896,17.666,11.821,10.348,3.456,21.707,24.088,0.44321,11.279,9.9004,14.691,18.153,39.174,30.174,17.812,33.937,33.906,31.975,46.716,32.63,12.922,18.559,5.3216,2.7191,0.55657,7.3802,4.5741,1.3819,9.929,12.552,24.441,17.776,20.504,11.671,17.481,7.6515,4.0865,3.9161,4.1067,4.1466,3.5538,2.9794,4.1637,3.6737,3.1038,3.6177,3.2565,3.6428,3.8946,1.7588,2.7519,6.3117,1.5281,0.24102,0.17723,0.71225,3.7095,2.693,0.65903,0.1666,0.3616,0.12987,20.932,1.066,10.072,0.76011,18.735,21.79,13.761,15.768,12.869,21.898,14.562,15.118,18.128,18.693,14.801,14.942,25.459,24.527,23.835,26.986,24.842,26.131,25.435,26.02,22.757,10.627,11.217,12.85,1.7123,4.6221,21.898,21.214,2.1352,2.2129,1.7655,2.1131,2.2297,1.7199,1.9819,1.5096,2.0727,1.2623,2.6982,2.3475,0.89578,0.53312,1.3792,1.8804,1.1225,1.0285,1.0174,1.1237,1.0731,18.248,33.32,3.5546,29.467,9.0284,6.7483,8.7462,6.0942,4.3764,22.018,20.613,32.801,26.817,21.957,14.48,19.373,16.198,15.71,2.8109,5.2665,1.9913,24.06,5.8144,10.747,12.513,12.806,19.344,9.3119,3.0065,15.911,9.4727,7.6176,31.197,26.397,33.919,9.3837,35.121,3.9083,3.8042,3.9601,4.0957,3.8988,3.3432,3.6706,3.4998,17.805,1.4493,2.5467,0.22586,23.962,23.129,0.66709,15.785,17.41,17.299,15.32,15.398,15.77,17.323,18.55,16.983,9.1626,1.6387,25.462,25.092,25.336,18.929,15.86,11.561,11.799,11.289,7.8437,10.868,11.282,12.412,21.092,21.076,21.709,1.3398,1.5392,2.3719,1.9018,1.9901,2.1046,0.92011,1.268,1.2309,0.94149,1.1695,1.1481,1.2932,1.0175,1.8013,26.094,25.776,0.45662,17.42,15.032,25.887,8.5873,34.026,28.356,24.043,19.681,11.55,11.504,25.756,36.341,32.458,14.39,18.592,31.83,24.948,28.942,25.721,25.915,25.867
1.3583,11.114,3.4517,9.9641,2.8178,71.806,85.347,16.658,3.5162,11.121,13.838,33.004,7.6458,7.7491,7.2276,7.5045,7.1186,0.63657,0,0.023681,16.019,24.458,27.933,4.171,3.7715,3.7681,3.887,2.704,3.0942,1.9839,1.6341,1.4125,0.85879,0.95204,0.58916,8.9509,11.07,17.97,8.7698,14.336,26.518,21.133,13.131,12.78,5.5898,27.835,31.602,2.1115,13.33,14.312,19.286,21.685,49.553,34.496,24,43.342,39.125,40.777,57.108,34.245,10.343,20.89,9.2377,5.4476,0.82121,9.6069,8.1402,0.89378,13.901,17.645,31.007,18.24,23.399,10.227,16.06,5.7378,7.8333,7.5966,7.8614,7.9464,7.1424,6.264,7.9982,7.2256,6.439,7.2562,6.6421,7.2544,7.5899,4.2624,6.0355,10.866,3.4766,1.2874,0.23441,1.0896,6.7472,5.9436,0.11618,0.43069,0.055322,0.20222,26.12,0.2576,15.25,0.34304,24.212,27.392,17.536,21.278,18.05,27.769,19.062,19.761,22.979,22.89,19.888,19.461,31.828,29.765,29.716,33.246,30.526,32.382,31.543,32.216,25.149,14.775,15.87,17.183,0.52744,2.6941,28.432,27.712,4.4853,4.3977,3.5614,3.7337,4.2602,3.4293,3.9087,2.8597,4.3276,2.2792,2.9058,4.8872,1.6425,0.68162,2.0021,2.3976,0.76329,0.83522,0.73466,0.96477,0.82456,18.275,35.467,4.6327,38.527,11.889,9.267,12.086,8.4289,8.1842,30.098,27.195,40.781,27.253,22.647,14.691,19.46,14.825,14.85,2.5789,6.2374,2.6497,29.835,8.1501,15.441,16.665,16.476,26.884,13.077,5.5087,19.798,12.233,9.7521,34.338,29.627,38.181,6.2763,39.798,7.5919,7.4475,7.6507,7.8501,7.5374,6.736,7.2682,7.0354,24.275,3.5667,5.4231,1.4602,30.965,29.64,0.014869,20.144,22.245,22.295,20.228,20.015,20.667,22.293,23.586,22.029,8.6247,0.97444,31.677,31.305,29.475,14.958,17.302,15.733,15.991,15.421,11.278,14.56,15.467,16.565,27.518,27.515,28.241,3.3011,3.4302,4.5027,3.8355,3.6987,3.9824,1.815,0.98463,1.921,1.5228,0.8773,0.75255,1.056,0.76706,4.294,32.567,32.077,2.1621,22.353,19.631,32.095,6.7035,37.693,31.681,27.347,21.968,15.705,15.617,31.917,40.806,37.501,12.188,22.028,34.848,27.843,31.586,31.902,32.056,32.08
1.0319,10.258,3.3792,9.4831,2.8584,72.71,86.454,15.44,3.176,10.119,13.045,31.369,7.2758,7.3925,6.9191,7.24,6.7728,0.58892,0.023681,0,15.005,23.235,26.718,3.7163,3.3183,3.3191,3.4391,2.2529,2.694,1.6185,1.2994,1.0955,0.60609,0.67544,0.38027,8.1565,10.141,16.692,7.8979,13.206,25.081,19.804,12.04,11.744,4.9856,26.555,30.478,2.0528,14.157,14.664,19.877,22.61,49.365,35.709,24.345,43.372,40.312,40.98,57.414,32.47,9.599,19.517,8.6978,4.9882,0.58569,8.7258,7.6054,1.1862,12.973,16.705,29.666,16.961,21.958,9.3658,14.957,5.1682,7.4535,7.2234,7.4809,7.5843,6.8227,5.9281,7.6582,6.844,6.0947,6.9578,6.2822,6.9198,7.2326,3.9262,5.8373,10.441,3.0836,1.0935,0.15648,0.81261,6.2109,5.7782,0.035729,0.50252,0.093393,0.16568,24.764,0.14484,15.361,0.18676,22.984,26.041,16.387,20.21,17.105,26.445,17.93,18.614,21.712,21.553,18.811,18.311,30.416,28.274,28.312,31.759,29.061,30.927,30.1,30.759,23.636,13.822,14.946,16.122,0.39341,2.3696,27.208,26.517,4.0497,3.9313,3.1212,3.2432,3.7778,2.9899,3.4494,2.435,3.8883,1.8869,2.4049,4.4497,1.3106,0.46605,1.6093,1.9533,0.51928,0.57765,0.49469,0.68618,0.56885,17.009,33.658,5.1095,37.634,12.501,9.7955,12.601,8.942,8.1512,29.784,27.579,41.326,25.692,21.216,13.549,18.15,13.764,13.752,2.1129,5.498,2.1853,28.41,7.3701,14.557,15.606,15.365,26.216,12.165,4.9794,18.559,11.249,8.8561,32.571,27.998,36.351,5.8584,37.946,7.2227,7.083,7.2713,7.4724,7.1449,6.3572,6.9142,6.6938,23.28,3.2102,5.0264,1.4652,29.725,28.351,0.075221,18.941,21.008,21.08,19.1,18.852,19.515,21.073,22.318,20.834,7.7781,0.70901,30.245,29.888,27.898,14.21,16.046,14.727,14.974,14.428,10.43,13.551,14.48,15.511,26.317,26.316,27.027,2.9417,3.0296,4.0112,3.3871,3.2256,3.5046,1.4744,0.70365,1.5437,1.1926,0.61326,0.51115,0.76381,0.52121,3.9452,31.142,30.642,2.0807,21.125,18.484,30.646,6.0701,35.851,29.995,25.792,20.557,14.699,14.609,30.467,38.915,35.738,11.313,20.664,33.065,26.258,29.886,30.456,30.597,30.632
10.795,0.45678,9.4686,3.2953,11.974,72.713,88.26,2.7635,17.837,4.1287,0.72014,4.0931,4.4684,4.6808,5.3511,6.1097,4.7685,11.801,16.019,15.005,0,0.92561,2.0414,3.9956,4.293,4.3109,4.2232,5.8631,5.1069,6.7989,7.5263,8.1009,9.8344,10.34,10.931,12.961,11.469,6.5895,2.7872,7.3107,1.9043,1.685,3.9806,1.4234,2.6978,1.7239,4.33,10.167,35.954,21.87,30.555,41.865,30.727,57.532,26.422,31.129,59.164,33.326,46.973,12.137,18.287,3.8774,2.4479,3.4329,9.7179,1.5628,2.4279,21.241,0.082753,0.47712,2.6008,8.14,3.579,12.904,14.381,14.884,4.3495,4.4158,4.3434,4.6264,5.1666,4.8614,4.9707,4.2599,4.745,5.5154,4.5299,4.9505,4.6501,5.0599,7.0682,4.3154,4.8372,8.7132,12.5,8.9349,2.5029,7.6494,14.032,14.757,15.396,13.156,1.323,14.352,16.403,12.564,0.8596,1.5245,0.3733,0.65921,0.53884,1.6157,0.15289,0.20644,0.70308,1.2157,0.29922,0.19788,2.7051,2.4409,2.105,3.1161,2.4093,2.8498,2.6077,2.8023,5.4751,0.040212,0.22699,0.023405,15.309,16.21,2.1787,2.0731,3.9614,3.7936,4.5189,4.2992,3.8106,4.6463,4.1593,5.3511,4.0064,6.2826,7.2775,3.7923,7.4775,10.259,7.1106,6.8957,11.272,10.636,11.098,10.297,10.814,9.6331,11.254,23.814,10.987,28.418,25.294,25.55,24.704,10.655,15.533,29.183,41.676,12.253,9.2366,7.7361,9.8963,13.768,11.692,8.8075,4.2406,6.3915,2.1608,1.5827,0.37174,0.029399,0.30422,7.6021,0.1494,2.8993,0.72961,0.8649,1.705,8.0717,5.5514,7.6285,21.473,7.6865,4.475,4.527,4.3346,4.3827,4.1366,4.271,4.6624,4.8236,2.2345,5.096,4.0981,11.866,3.101,2.3085,16.726,0.38648,0.55617,0.5244,0.2519,0.24612,0.29593,0.52824,0.76422,0.47766,8.9959,11.966,2.6436,2.5393,3.7231,26.764,4.8499,0.0013028,0.00044069,0.0057174,0.41501,0.11558,0.0073893,0.023598,1.9606,1.9769,2.16,5.2191,4.8193,3.6098,4.2596,4.3235,4.0447,7.0769,10.626,7.1136,7.8545,10.843,11.41,10.368,10.936,4.8989,2.9287,2.7626,9.7123,0.54688,0.19896,2.7656,14.64,8.6141,6.3195,4.3632,4.3995,0.0017549,0.0043571,2.715,8.6076,5.9445,16.749,2.0297,8.6311,5.4803,7.8881,2.7093,2.7587,2.761
