0,2.0871,14.809,51.6,70.166,38.554,40.542,28.78,28.784,22.575,2.793,0.44894,0.44135,0.35143,0.38997,18.287,20.563,17.333,16.603,18.321,18.022,11.406,12.635,16.247,74.302,0.005897,3.7982,5.0269,6.238,7.118,12.211,37.49,6.1436,21.214,24.854,36.291,36.174,56.406,50.115,36.939,71.246,56.534,54.265,25.044,32.303,27.516,28.37,27.754,26.861,28.439,28.382,54.866,29.414,28.041,28.359,20.68,30.411,33.586,36.502,41.638,21.362,25.769,26.602,3.1497,2.926,2.8429,3.7039,2.469,2.4121,2.41,2.203,1.6868,2.5149,2.5971,1.8496,1.382,1.2997,0.42174,1.1839,1.1982,0.57912,0.4284,0.42407,0.23634,0.22577,0.23618,0.3271,18.525,17.561,17.657,19.217,18.376,15.773,19.887,16.351,15.442,15.707,19.831,19.472,19.263,17.824,19.735,18.93,15.93,17.624,17.995,25.393,5.7047,9.9431,2.4449,10.368,13.213,18.023,13.866,14.425,15.378,14.598,14.271,71.368,70.848,75.029,0.012779,0.018341,0.020086,0.0047172,0.15599,0.073488,0.0024611,0.011795,0.011739,0.0073236,0.0059835,0.88076,0.20712,2.9484,7.3378,20.973,25.474,48.437,47.798,53.084,53.429,48.032,51.963,43.522,48.975,51.067,40.535,28.311,29.441,27.493,26.331,26.783,28.102,30.622,29.453,34.197,28.876,37.326,32.995,21.543,28.427,3.0746,3.267,21.977,2.9518,2.0941,2.0886,2.1505,2.3269,2.0711,2.4587,0.33556,0.51859,0.80627,0.43515,0.26524,0.2716,18.099,17.949,16.945,17.193,18.92,16.278,17.735,16.813,14.999,16.116,16.209,20.193,20.045,19.156,19.636,18.747,18.463,18.544,19.772,18.252,18.575,18.277,18.086,13.683,20.272,18.958,40.131,15.95,16.885,1.5598,2.9287,4.0839,2.1428,14.302,2.3514,12.049,4.9907,11.05,16.117,12.105,14.613,15.05,0.43713,0.33329,0.28231,0.0045412,33.424,16.503,27.498,28.068,2.7143,22.616,3.0459,2.3533,2.2823,1.8056,18.279,14.083,13.763,13.54,14.213,13.811,42.233,15.026,32.077,27.585,27.956,27.112,28.458,29.641,12.962,15.143,27.181,27.865,27.6,24.866,29.281,3.0621,22.459,2.9002,2.3561,14.598,13.7,28.234
2.0871,0,11.647,34.375,49.421,26.238,29.316,22.492,15.685,12.937,6.4069,3.1416,2.6955,1.881,1.4591,9.1981,10.102,7.8257,7.1434,8.738,8.4127,20.104,6.2087,8.5235,52.165,2.0105,0.29836,0.7245,1.1207,1.6259,4.2411,21.886,1.3139,17.338,20.336,21.799,28.167,40.929,36.223,29.666,49.844,37.526,38.34,20.53,26.143,22.137,22.531,22.212,21.278,22.603,22.542,35.9,23.602,22.474,22.856,15.995,25.216,24.229,29.389,25.083,10.327,13.352,13.911,6.4604,6.8874,5.9161,6.42,5.293,5.0382,4.898,4.544,4.1427,5.0593,5.169,4.3249,3.9517,4.0449,3.5314,4.9327,2.8129,2.0869,2.2896,2.714,2.4184,1.8042,1.4388,1.3613,9.2402,8.6767,8.7721,9.9694,9.2374,6.7119,9.7058,6.8011,6.4423,6.4728,9.6644,9.3529,9.18,8.1679,9.4871,8.9509,28.298,30.141,29.998,39.641,12.68,8.4938,8.5998,6.4847,7.6324,11.194,7.4225,6.7676,8.0078,7.2063,7.1898,49.662,49.431,52.866,1.9653,2.4803,1.7914,2.2886,2.7019,2.1924,2.1636,1.8035,1.9295,2.0877,2.3049,5.6211,1.1865,0.87891,2.5119,11.203,14.849,36.806,34.01,38.969,39.222,35.17,41.347,27.157,31.403,32.894,24.659,22.47,23.229,21.717,20.921,21.391,22.566,24.673,24.285,27.609,22.853,21.91,18.512,10.285,15.152,6.3866,6.6046,12.666,6.581,4.7173,4.6492,4.8296,5.0134,4.1529,4.8192,2.2073,3.5821,3.6476,2.4301,1.4427,1.2526,9.0738,8.9768,8.3385,8.442,9.56,7.8744,8.8988,7.4852,7.1102,6.7542,6.7536,9.5762,9.8957,8.8575,9.2081,8.8569,8.6302,8.743,9.5985,8.6816,8.8829,8.718,26.054,18.516,28.951,24.918,43.382,10.766,10.766,1.9383,9.8237,0.40981,7.1722,5.4765,4.6689,7.9634,11.583,5.9897,8.3496,5.8808,7.3386,7.4356,3.0622,1.9118,0.9696,1.9236,19.182,9.9522,14.604,15.063,5.8537,13.07,5.8073,5.1628,5.5887,4.4527,8.6763,6.7998,6.5846,6.2332,7.2378,6.5397,25.601,11.79,26.221,20.872,14.937,14.321,15.327,16.185,6.335,7.7965,14.387,14.887,14.61,13.275,15.955,6.4783,13.057,6.2597,4.873,7.2566,6.5496,15.116
14.809,11.647,0,24.27,37.408,10.134,8.7941,2.4288,17.191,39.404,8.765,11.702,10.97,10.656,10.421,6.6682,10.737,10.037,11.494,8.8406,9.4475,51.383,30.227,33.456,45.06,14.227,13.233,9.2928,11.008,9.0926,12.28,29.919,7.8948,0.58702,1.2977,17.805,5.072,19.203,14.846,5.0865,41.109,32.622,19.796,1.3427,3.3946,1.9637,2.2348,2.0389,1.823,2.252,2.2379,34.166,2.5093,2.1156,2.1936,0.53251,2.783,5.2998,4.9048,32.337,13.848,17.214,18.319,7.804,9.3533,7.6891,6.3301,7.6851,7.4378,7.2324,7.2785,8.1904,7.193,7.1412,7.9646,8.9028,9.3574,12.822,11.816,8.0698,9.6788,10.544,11.096,11.874,11.401,11.372,10.821,7.2147,6.5448,6.4627,6.4969,6.7786,10.175,10.02,14.082,10.558,12.237,10.017,10.284,10.396,10.115,10.696,10.283,55.937,60.093,62.191,74.297,38.1,40.022,17.754,34.423,35.233,41.402,33.343,28.83,32.946,30.774,31.457,43.461,41.435,44.806,13.954,15.035,15.044,15.001,13.088,13.085,15.193,14.201,13.989,14.227,14.914,17.713,15.287,6.1696,22.071,7.077,7.5145,11.468,14.17,15.955,16.194,12.757,12.039,23.899,27.949,31.047,23.44,2.2199,2.5806,2.0053,1.6756,1.7816,2.1283,2.8669,2.4949,4.049,2.396,24.731,24.761,22.671,21.21,7.8802,7.7421,39.636,8.6199,7.84,7.7511,7.8519,7.6363,7.1094,6.9923,10.976,12.241,10.735,10.658,11.165,11.29,6.5947,6.529,6.0804,6.3827,7.151,5.959,6.2195,9.8165,5.3593,12.159,13.105,12.734,9.6121,12.394,12.362,10.01,10.128,9.7822,10.149,8.8694,9.0842,8.7714,65.625,56.2,69.706,66.744,99.298,42.657,41.522,21.684,26.497,9.4171,13.517,16.703,27.84,37.658,36.319,31.936,32.901,29.74,31.412,30.841,11.618,10.772,14.811,14.371,19.427,1.7876,18.159,17.893,7.9451,39.968,6.9681,7.8018,8.7827,8.2972,9.0101,29.921,29.575,28.228,31.818,29.215,30.049,0.00098083,3.3009,2.2962,18.427,17.968,18.378,19.21,30.154,32.453,17.785,18.139,19.317,11.844,18.543,8.0876,40.312,8.1481,7.3403,31.033,29.547,18.93
51.6,34.375,24.27,0,1.5054,4.0334,7.4195,17.875,4.4562,32.927,53.114,51.502,49.332,46.422,44.567,8.5827,7.2402,9.4522,10.594,8.4711,8.7778,106.67,35.307,33.887,3.2847,50.849,30.83,25.119,23.746,21.089,15.656,7.1354,22.36,23.556,22.581,1.5297,15.309,3.5325,4.528,18.175,2.2192,1.0762,1.8752,22.672,19.881,20.549,19.272,20.065,19.552,19.313,19.274,2.0523,19.819,20.096,20.468,20.439,22.507,9.9738,18.516,6.4694,7.7348,6.2888,6.3308,51.342,54.869,50.317,48.152,49.32,48.393,47.728,47.181,48.192,47.927,48.006,48.124,49.092,50.067,53.888,55.613,44.918,45.636,47.564,49.556,49.723,47.15,45.758,44.736,8.3436,9.0716,9.0248,8.0798,8.5055,10.84,7.552,12.215,11.286,11.794,7.589,7.8891,8.0641,9.0795,7.7991,8.2793,124.61,128.76,128.6,147.84,88.793,60.474,69.286,47.337,42.41,43.715,37.938,30.13,34.586,32.647,34.237,2.9601,2.3257,3.1583,50.448,53.148,50.634,52.468,51.976,50.396,52.169,50.052,50.349,51.126,52.457,63.738,47.973,30.384,33.638,7.0167,5.2445,9.7894,3.8668,5.2435,5.1695,6.1994,14.727,1.0419,1.0009,1.6773,1.8016,19.24,18.419,19.128,19.949,20.196,20.239,19.866,22.169,19.254,18.842,3.7644,6.2189,13.802,6.8518,51.389,51.419,34.17,53.093,48.622,48.324,48.848,48.748,46.074,47.088,47.917,53.29,51.375,48.142,45.512,44.893,8.7149,8.8233,9.5858,9.3495,8.1091,10.082,9.032,9.8225,11.211,11.356,11.771,8.1337,7.3872,8.8019,8.4114,8.3519,8.5905,8.4534,7.6533,8.5233,8.3183,8.4955,116.54,96.802,122.8,110.28,130.38,50.231,46.143,51.043,78.877,27.298,61.823,16.433,63.076,49.486,85.854,41.265,33.265,35.548,33.574,31.987,51.188,46.687,46.554,50.648,3.0602,13.663,5.6649,5.1826,50.728,33.713,48.665,49.331,51.89,49,8.5205,32.268,32.308,30.747,34.891,31.703,4.5464,24.05,20.867,15.953,5.5192,5.8097,5.1895,4.9133,34.593,34.236,5.6713,5.4277,6.2383,4.9355,4.7892,51.927,34.469,51.731,47.906,33.032,32.377,5.6139
70.166,49.421,37.408,1.5054,0,9.3612,13.461,28.046,9.9001,42.338,72.499,70.39,67.843,64.353,62.122,17.187,14.841,17.915,19.19,16.779,17.104,131.54,47.283,44.824,0.83487,69.325,44.758,38.189,36.195,33.121,25.651,10.78,34.905,35.877,34.269,5.5749,23.917,5.9861,8.3152,27.33,0.31005,1.3254,4.0946,34.356,30.04,31.471,29.806,30.851,30.336,29.847,29.806,2.4744,30.34,30.853,31.265,32.142,33.483,17.64,27.807,9.289,14.984,12.403,12.241,70.43,74.548,69.226,66.683,68.048,66.957,66.175,65.523,66.687,66.412,66.507,66.617,67.721,68.857,73.155,75.306,62.765,63.496,65.747,68.102,68.226,65.157,63.466,62.284,16.807,17.864,17.808,16.511,17.071,19.729,15.371,20.863,20.254,20.639,15.422,15.787,16.005,17.407,15.602,16.311,152.38,156.75,156.26,177.48,111.98,76.917,91.08,61.599,55.246,55.626,49.982,40.997,45.816,43.8,45.678,0.90836,0.43575,0.64584,68.87,72.019,68.961,71.197,70.822,68.908,70.809,68.358,68.745,69.661,71.194,84.484,65.677,45.168,46.75,14.985,12.362,15.285,7.8082,8.7745,8.6232,10.798,20.894,3.5616,2.5083,2.7545,4.8171,29.774,28.627,29.74,30.886,31.131,31.019,30.243,33.196,29.022,29.216,7.339,10.718,21.251,12.348,70.484,70.52,43.875,72.476,67.216,66.864,67.484,67.373,64.21,65.422,66.131,72.491,70.323,66.435,63.19,62.422,17.374,17.528,18.603,18.255,16.493,19.283,17.84,18.44,20.847,20.079,20.458,15.714,15.207,16.664,16.149,16.45,16.752,16.62,15.489,16.845,16.54,16.821,141.17,118.74,148.07,133.33,151.8,63.584,58.668,68.494,101.62,40.91,82.558,25.856,82.289,63.656,108.69,54.461,44.148,47.684,44.846,42.947,70.02,64.662,64.004,69.062,7.4989,24.133,11.368,10.762,69.706,43.22,67.288,68.059,71.055,67.644,16.822,43.493,43.613,41.903,46.435,42.918,7.1795,37.12,31.271,25.834,11.116,11.603,10.675,10.127,46.394,45.474,11.452,11.048,11.912,11.506,10.092,71.115,44.111,70.884,66.382,44.236,43.706,11.143
38.554,26.238,10.134,4.0334,9.3612,0,0.62171,5.0128,6.9657,38.964,34.878,36.381,34.672,32.832,31.614,4.7755,6.1569,7.6678,9.425,6.116,6.7504,91.164,36.532,37.031,14.44,37.748,24.877,18.797,18.864,15.915,13.778,14.854,16.073,8.7061,7.8159,4.0551,3.6502,1.6988,0.812,5.1236,11.936,8.9919,1.6097,7.8552,6.0101,6.5091,5.7714,6.2304,5.9937,5.7909,5.7719,10.916,6.0325,6.2351,6.4276,7.0131,7.5217,1.3283,5.2951,15.138,8.2846,8.6837,9.243,33.166,36.23,32.575,30.272,32.087,31.411,30.9,30.664,31.945,30.965,30.958,31.724,32.986,33.855,38.473,38.634,30.11,31.699,33.392,34.885,35.527,33.757,32.944,31.985,4.9423,5.1326,5.0314,4.1743,4.7837,8.8894,6.0164,12.084,9.4645,10.787,6.0474,6.4702,6.6885,7.3995,6.6294,6.8105,103.35,108.04,109.23,126.43,73.609,57.81,49.999,46.602,43.701,47.399,39.784,32.285,37.288,34.944,36.364,13.859,12.296,14.044,37.34,39.579,38.153,39.172,37.616,36.733,39.127,37.276,37.307,37.905,39.109,47.158,36.755,20.219,31.442,3.5616,1.8517,1.9798,0.50401,1.2901,1.3279,0.86212,4.3888,6.1537,7.5683,9.5079,6.942,5.7567,5.276,5.7324,6.24,6.3503,6.3111,6.0272,7.3523,5.6638,5.5207,9.601,11.965,17.431,11.019,33.259,33.144,39.953,34.736,31.873,31.646,31.997,31.761,29.953,30.369,33.894,37.734,35.603,33.794,32.663,32.391,4.8441,4.8959,5.2583,5.266,4.681,5.6078,4.8605,7.8496,6.1406,10.397,11.228,8.0436,5.6229,8.4306,8.0822,6.7147,6.9898,6.6689,6.1828,6.1796,6.1317,6.0946,104.58,88.181,110.31,101.55,129.51,52.377,49.108,42.363,61.033,20.324,43.065,16.637,53.039,49.559,70.936,41.381,36.344,36.469,35.883,34.512,36.151,33.062,35.622,37.727,6.6078,4.8867,8.5641,7.9921,33.004,39.769,31.122,32.195,34.304,32.448,6.2635,34.286,34.154,32.44,36.983,33.566,12.427,9.9615,6.56,4.0938,8.555,8.6071,8.2259,8.3497,36.007,36.82,8.3941,8.3361,9.6208,4.6219,7.9247,33.703,40.457,33.666,31.083,35.331,34.189,8.8752
40.542,29.316,8.7941,7.4195,13.461,0.62171,0,2.9358,11.427,47.435,34.271,37.33,35.7,34.189,33.154,7.1556,9.6133,11.147,13.326,9.1885,10.021,94.867,43.496,44.589,19.979,39.659,28.66,21.941,22.533,19.207,17.964,21.434,18.977,6.5486,5.3927,7.8312,1.4933,2.1643,0.85175,2.4332,16.912,13.998,2.8653,5.4005,3.3451,4.1246,3.506,3.8971,3.8194,3.5132,3.5053,16.557,3.596,3.872,3.9817,5.3725,4.6182,0.44539,2.5745,21.857,12.51,13.412,14.169,32.448,35.536,32.019,29.447,31.735,31.123,30.642,30.533,32.047,30.648,30.6,31.736,33.237,34.124,39.44,38.91,30.722,32.822,34.539,35.924,36.819,35.267,34.64,33.637,7.4869,7.5297,7.3928,6.4117,7.1941,12.484,9.3197,16.612,13.173,14.905,9.354,9.88,10.145,10.872,10.136,10.258,105.16,110.27,112.08,129.08,76.656,64.746,49.983,53.569,51.131,55.753,47.142,39.236,44.736,42.118,43.584,19.447,17.427,19.396,39.221,41.415,40.349,41.096,38.984,38.337,41.154,39.29,39.213,39.777,41.008,48.185,39.372,21.994,36.994,5.8294,3.7328,0.50184,0.82456,1.0654,1.1294,0.36761,1.7823,10.667,12.42,14.877,11.718,3.5013,3.0557,3.5665,4.0543,4.0849,3.9214,3.4881,4.5714,2.967,3.2798,15.057,17.829,23.536,16.464,32.571,32.375,48.424,34.06,31.733,31.522,31.819,31.5,29.949,30.118,35.143,38.587,36.204,34.893,34.324,34.178,7.2147,7.2563,7.5427,7.6362,7.1708,7.8986,7.131,11.297,8.3034,14.482,15.535,12.064,8.7942,12.429,12.043,10.098,10.425,10.001,9.532,9.2655,9.2586,9.1494,110.2,94.403,115.95,108.26,139.95,60.558,57.351,46.32,62.32,23.361,42.828,21.742,57.087,56.947,73.963,48.31,43.838,43.337,43.124,41.724,37.12,34.421,38.278,39.712,11.17,5.3208,13.38,12.695,32.492,48.299,30.539,31.898,33.965,32.448,9.3893,41.336,41.144,39.267,44.234,40.521,18.597,8.6162,3.7646,2.4536,13.397,13.409,13.013,13.233,42.993,44.203,13.146,13.116,14.702,8.0112,12.678,33.006,49.015,33.044,30.843,42.533,41.172,13.814
28.78,22.492,2.4288,17.875,28.046,5.0128,2.9358,0,17.374,50.138,20.322,24.698,23.581,22.952,22.472,8.1782,12.383,12.836,15.034,10.893,11.791,75.878,42.283,44.953,36.397,27.976,23.566,17.649,19.259,16.295,18.027,30.597,15.244,0.8541,0.38241,15.245,0.4996,10.125,6.9354,0.51091,32.396,26.763,11.473,0.38073,0.16245,0.10149,0.026779,0.068562,0.063605,0.028055,0.0268,29.383,0.056015,0.067142,0.087932,0.68861,0.29579,1.2089,0.46637,32.127,16.067,18.628,19.732,18.824,21.177,18.694,16.482,18.729,18.353,18.034,18.115,19.538,17.966,17.879,19.19,20.624,21.315,26.337,24.959,19.259,21.569,22.888,23.766,24.827,24,23.833,23.014,8.7612,8.3222,8.1806,7.5899,8.2788,13.685,11.745,18.531,14.324,16.393,11.764,12.254,12.484,12.729,12.673,12.479,81.664,86.683,89.182,103.59,59.514,57.864,33.244,49.462,49.035,55.237,46.016,39.421,44.68,42.04,43.161,35.383,32.955,35.81,27.592,29.199,28.981,29.099,26.591,26.472,29.314,27.868,27.629,28.001,28.988,33.236,28.978,14.924,33.715,7.6072,6.4165,3.7494,6.8375,7.356,7.5297,5.1874,3.6801,20.339,23.524,26.754,20.879,0.025919,0.0086425,0.032461,0.10002,0.097182,0.074909,0.086564,0.23866,0.26486,0.013122,23.812,25.593,27.672,22.781,18.951,18.712,50.754,20.082,18.992,18.855,19.008,18.665,17.847,17.656,23.497,25.516,23.343,23.081,23.54,23.639,8.1635,8.1432,8.0002,8.2725,8.521,8.1266,7.8475,12.776,7.9231,16.111,17.308,15.11,11.161,15.108,14.863,12.206,12.477,11.999,11.957,10.958,11.097,10.824,92.377,80.247,97.322,92.909,128.32,58.141,56.009,36.843,44.965,18.336,27.332,22.937,45.419,53.144,57.253,45.536,44.242,41.877,42.923,41.906,24.569,23.129,28.223,28.14,18.434,3.1187,19.155,18.576,19.099,50.906,17.563,18.918,20.412,19.704,11.126,41.111,40.791,39.031,43.695,40.267,28.86,2.3338,0.21366,0.076993,19.319,19.064,19.051,19.658,42.011,44.109,18.796,18.98,20.631,12.056,18.933,19.266,51.463,19.381,18.205,42.402,40.785,19.864
28.784,15.685,17.191,4.4562,9.9001,6.9657,11.427,17.374,0,14.02,33.719,30.066,28.408,25.901,24.361,2.4848,0.88621,1.5464,1.6659,1.597,1.4996,69.591,14.726,14.016,10.642,28.337,12.78,9.7692,8.5007,7.2795,3.7411,1.8689,8.3799,19.438,20.07,0.80669,17.693,11.793,11.248,20.6,9.6833,4.7012,9.0672,20.225,20.499,19.307,18.487,18.965,18.158,18.55,18.493,4.188,19.375,19.103,19.557,16.434,22.14,11.625,20.759,2.3876,0.55824,0.15902,0.18981,32.675,35.122,31.66,30.66,30.596,29.838,29.324,28.721,29.03,29.565,29.694,29.133,29.417,30.073,31.754,34.026,25.934,25.675,26.992,28.553,28.322,26.209,24.99,24.332,2.1854,2.6131,2.6488,2.5518,2.4187,1.9718,1.1019,2.0223,2.0655,2.0211,1.109,1.1027,1.1149,1.424,0.99702,1.1869,86.011,88.969,88.225,104.39,55.903,32.119,44.564,22.746,19.45,20.648,16.5,11.517,14.404,13.113,14.112,9.5282,9.465,10.976,28.086,30.083,27.85,29.486,29.831,28.391,29.148,27.643,27.984,28.583,29.508,38.902,25.489,14.592,13.706,2.2431,2.6852,16.356,9.7917,12.908,12.92,12.498,22.23,1.6118,2.7109,3.1744,1.0111,18.436,18.12,18.02,18.309,18.707,19.254,19.869,21.484,20.616,18.29,0.72185,0.79419,2.7579,0.4627,32.652,32.823,14.747,33.83,29.739,29.504,29.962,30.038,27.738,28.868,27.1,31.486,30.485,27.466,24.863,24.27,2.5386,2.5866,2.9437,2.7419,2.1919,3.1065,2.783,1.7047,3.7112,1.8602,1.9223,0.76014,1.1834,0.97688,0.87472,1.2639,1.294,1.3404,1.0885,1.5994,1.494,1.623,76.305,60.156,81.398,70.751,86.762,24.96,22.207,26.496,50.066,11.2,39.368,3.8019,35.271,24.266,53.611,18.611,13.607,14.864,13.706,12.721,29.813,26.084,24.444,28.104,0.17665,7.9384,0.091606,0.037783,31.868,14.527,30.56,30.507,32.379,29.764,1.5578,12.844,12.852,11.859,14.531,12.473,1.8174,17.1,21.299,15.14,0.084528,0.10374,0.052507,0.071487,14.278,14.164,0.082566,0.065675,0.22012,0.51261,0.034371,33.047,14.995,32.772,29.415,13.358,12.893,0.11624
22.575,12.937,39.404,32.927,42.338,38.964,47.435,50.138,14.02,0,37.493,27.871,26.757,24.131,22.654,18.481,14.34,12.819,10.674,15.117,14.059,40.276,1.4689,0.52876,38.726,22.702,9.4762,11.48,9.2889,10.808,8.059,10.466,12.464,47.388,50.771,21.358,54.59,51.439,49.642,58.638,39.059,28.732,45.637,51.081,55.999,51.678,51.243,51.426,49.891,51.362,51.258,24.88,52.949,51.773,52.508,43.489,56.77,44.92,58.608,12.331,11.316,11.334,10.947,37.68,38.589,36.349,37.497,34.777,34.122,33.753,32.814,31.686,34.173,34.456,32.204,31.064,31.244,28.561,32.992,27.796,25.155,25.581,26.769,25.476,23.553,22.192,22.124,17.764,18.078,18.3,19.622,18.368,11.685,14.735,8.0163,11.062,9.4246,14.695,14.057,13.75,13.055,13.732,13.643,58.448,58.904,56.104,68.434,33.679,8.2225,39.809,3.9669,1.973,1.1435,1.2635,0.99493,0.71318,0.8674,0.96061,36.426,38.078,40.073,22.719,23.839,21.263,23.177,25.808,24.077,22.576,21.939,22.562,22.987,23.298,31.866,18.459,18.481,4.2165,20.29,24.565,57.626,46.52,53.138,53.216,51.399,67.085,22.442,24.421,23.541,19.435,51.145,51.453,50.13,49.726,50.495,51.989,54.266,55.426,57.204,51.318,14.663,10.63,4.3704,9.8213,37.5,38.028,0.016683,37.93,33.268,33.09,33.565,34.055,31.744,33.537,25.145,28.98,29.747,26.008,22.3,21.488,18.446,18.432,18.386,18.057,18.213,18.077,18.794,12.751,18.221,9.7118,8.8358,11.664,15.424,11.306,11.676,13.857,13.494,14.003,14.471,15.023,14.972,15.181,38.726,26.306,42.183,31.939,34.732,2.7748,1.732,13.899,37.034,12.1,38.181,5.2646,18.006,3.7636,32.316,2.5733,0.54419,1.6602,0.86517,0.76938,27.659,24.198,17.847,22.276,16.156,28.406,11.854,12.62,36.187,0.0046347,36.063,34.438,35.452,32.526,14.847,1.0042,1.0918,1.2105,0.99347,1.0924,14.738,39.503,56.809,46.586,11.985,11.712,12.474,12.703,1.3414,0.7543,11.954,12.191,10.832,16.76,13.05,37.715,0.018194,37.18,33.689,0.86602,1.1088,11.733
2.793,6.4069,8.765,53.114,72.499,34.878,34.271,20.322,33.719,37.493,0,1.0024,1.0746,1.5709,1.9204,19.385,23.807,20.851,21.097,20.89,21.039,19.658,24.847,29.516,79.606,2.603,9.4068,8.985,11.209,11.14,17.705,46.693,9.4293,13.132,16.015,39.333,27.135,51.638,44.74,26.848,75.43,61.345,51.203,16.133,22.529,18.565,19.585,18.883,18.344,19.627,19.594,61.138,20.243,19.096,19.239,13.594,20.315,27.15,26.379,50.939,26.234,31.472,32.694,0.030059,0.014472,0.039335,0.20329,0.075972,0.11879,0.1534,0.20489,0.24647,0.13709,0.13037,0.20917,0.30855,0.30982,1.1141,0.44025,0.73189,1.2561,1.2434,1.0899,1.4566,1.8054,2.1558,2.1074,19.955,18.745,18.76,19.951,19.532,19.658,22.846,22.259,19.603,20.752,22.801,22.689,22.594,21.291,23.144,22.266,20.697,23.399,25.067,32.525,12.056,23.245,1.5927,23.176,26.687,33.323,26.975,26.321,28.479,27.069,26.918,76.885,75.386,79.898,2.5283,2.551,3.2147,2.6975,1.6344,1.9959,2.9031,2.7966,2.5777,2.5315,2.6433,2.0894,4.183,4.2891,16.687,21.656,25.073,40.111,43.09,47.052,47.435,41.673,41.289,47.817,53.765,56.901,45.545,19.549,20.673,18.95,17.828,18.102,19.103,21.185,19.643,24.25,20.104,44,40.819,30.668,35.574,0.024366,0.037847,36.97,0.0022951,0.14018,0.15528,0.12249,0.10853,0.30258,0.18859,1.3857,0.93797,0.59906,1.1725,2.0985,2.3478,19.19,19.029,17.936,18.347,20.207,17.331,18.641,20.299,15.878,21.056,21.636,24.693,22.709,23.678,24.042,21.956,21.805,21.657,22.838,20.855,21.243,20.811,30.569,26.806,32.961,33.47,62.545,31.236,32.096,8.4659,5.2308,7.9418,0.52506,21.701,9.916,25.775,11.208,23.499,29.23,24.145,27.263,27.553,1.0217,1.5688,4.2792,2.751,38.324,13.734,33.291,33.576,0.02743,37.69,0.10782,0.082682,0.029524,0.17741,20.966,26.291,25.86,25.233,26.954,25.805,50.26,8.9513,22.075,20.029,33.779,32.897,34.129,35.458,25.177,28.101,32.851,33.557,33.978,27.695,34.831,0.015262,37.63,0.011298,0.14749,27.142,25.786,34.256
0.44894,3.1416,11.702,51.502,70.39,36.381,37.33,24.698,30.066,27.871,1.0024,0,0.023684,0.16781,0.33035,18.036,21.171,18.053,17.715,18.66,18.541,14.058,16.85,20.884,75.717,0.37606,5.3676,5.9324,7.5485,8.047,13.727,40.481,6.7783,17.288,20.622,36.811,31.856,53.79,47.257,32.2,72.212,57.756,52.332,20.784,27.693,23.238,24.158,23.508,22.756,24.216,24.168,56.675,25.047,23.765,24.012,17.152,25.674,30.311,31.751,44.667,22.622,27.361,28.35,1.2275,1.0884,1.0471,1.6277,0.83758,0.82037,0.83279,0.72929,0.43717,0.88913,0.93567,0.51968,0.2798,0.23136,0.029267,0.21612,0.33803,0.17772,0.082994,0.019547,0.054146,0.18677,0.33302,0.36771,18.407,17.345,17.409,18.82,18.148,16.641,20.381,18.03,16.421,17.04,20.33,20.07,19.907,18.523,20.41,19.576,17.189,19.288,20.179,27.605,7.5904,14.604,1.4377,14.827,17.936,23.477,18.441,18.511,19.948,18.915,18.66,72.869,71.957,76.269,0.35012,0.36345,0.6297,0.41377,0.07808,0.17305,0.49473,0.45695,0.36926,0.34835,0.39282,0.69836,1.1289,2.8072,10.406,20.554,24.618,44.399,45.208,49.962,50.322,44.782,46.984,44.542,50.191,52.701,41.842,24.108,25.235,23.378,22.233,22.614,23.804,26.148,24.83,29.517,24.669,39.302,35.435,24.51,30.597,1.1802,1.3009,27.303,1.0984,0.63861,0.64122,0.66537,0.76535,0.68905,0.87581,0.084556,0.016476,0.05226,0.058812,0.32738,0.43091,17.846,17.692,16.652,16.965,18.744,16.011,17.408,17.52,14.663,17.407,17.695,21.305,20.421,20.277,20.711,19.342,19.111,19.101,20.309,18.604,18.953,18.602,22.434,18.283,24.705,24.118,48.458,21.401,22.305,3.6567,3.189,4.9503,0.82643,16.581,4.7161,16.876,6.8221,15.362,20.691,16.251,19.002,19.38,0.00055086,0.15618,1.212,0.43453,34.69,14.705,29.125,29.581,0.96551,27.974,1.1956,0.771,0.70802,0.48089,18.665,18.295,17.931,17.545,18.639,17.937,44.75,11.906,27.377,23.865,29.595,28.736,30.036,31.277,17.178,19.656,28.759,29.451,29.462,25.306,30.809,1.1693,27.856,1.0706,0.79816,18.945,17.863,29.953
0.44135,2.6955,10.97,49.332,67.843,34.672,35.7,23.581,28.408,26.757,1.0746,0.023684,0,0.073146,0.1896,16.762,19.779,16.771,16.454,17.354,17.239,14.871,16.049,19.956,73.062,0.35618,4.7854,5.2347,6.7767,7.2183,12.647,38.614,6.0113,16.444,19.696,34.968,30.539,51.712,45.346,30.947,69.621,55.441,50.233,19.856,26.569,22.214,23.086,22.467,21.717,23.143,23.096,54.388,23.971,22.72,22.972,16.235,24.652,28.886,30.516,42.696,21.192,25.791,26.756,1.2608,1.1973,1.0592,1.589,0.82858,0.79102,0.7887,0.67304,0.40262,0.84936,0.89752,0.48408,0.26376,0.23612,0.10143,0.33617,0.22579,0.071946,0.018637,0.00036173,0.031875,0.10331,0.21332,0.2271,17.116,16.095,16.157,17.522,16.869,15.414,19.015,16.781,15.205,15.812,18.966,18.715,18.558,17.224,19.044,18.239,18.354,20.486,21.34,29.016,8.1821,14.373,1.8229,14.317,17.249,22.681,17.652,17.568,19.057,18.011,17.793,70.266,69.37,73.605,0.32316,0.39328,0.59353,0.4264,0.10032,0.15504,0.49708,0.41646,0.33925,0.33571,0.40623,0.9597,1.0174,2.3152,9.7371,19.198,23.15,42.691,43.319,48.016,48.367,42.969,45.352,42.512,48.035,50.495,39.878,23.036,24.121,22.317,21.212,21.592,22.762,25.053,23.816,28.343,23.576,37.415,33.67,23.124,28.955,1.2148,1.3354,26.227,1.1698,0.61438,0.61038,0.64614,0.74391,0.60774,0.81738,0.025143,0.07915,0.08024,0.0080521,0.2035,0.28914,16.578,16.43,15.429,15.729,17.443,14.811,16.158,16.257,13.518,16.164,16.449,19.916,19.054,18.923,19.341,18.013,17.79,17.78,18.946,17.301,17.637,17.298,23.235,18.746,25.587,24.728,48.894,20.787,21.586,3.5256,3.7069,4.3207,1.0745,15.437,4.8105,16.359,7.3692,14.717,19.756,15.47,18.114,18.452,0.017238,0.067214,1.0685,0.40756,32.905,13.65,27.504,27.942,0.98679,26.873,1.1709,0.76236,0.75479,0.46453,17.359,17.399,17.045,16.638,17.786,17.039,42.75,11.166,26.283,22.715,27.96,27.126,28.386,29.593,16.355,18.765,27.147,27.819,27.839,23.781,29.136,1.2155,26.773,1.1131,0.75806,18.047,16.98,28.31
0.35143,1.881,10.656,46.422,64.353,32.832,34.189,22.952,25.901,24.131,1.5709,0.16781,0.073146,0,0.027418,15.101,17.775,14.893,14.52,15.525,15.378,15.425,14.079,17.723,69.173,0.26639,3.6764,4.1106,5.4654,5.9114,10.874,35.457,4.8509,16.153,19.357,32.372,29.689,49.467,43.378,30.275,65.914,52.053,47.811,19.523,26.043,21.753,22.545,21.976,21.197,22.605,22.555,50.913,23.459,22.23,22.503,15.758,24.291,27.666,29.869,39.39,18.999,23.336,24.235,1.7324,1.7534,1.475,1.9956,1.1807,1.107,1.0816,0.92733,0.63855,1.1585,1.2164,0.73571,0.49334,0.48673,0.29931,0.72182,0.27314,0.030188,0.021151,0.076809,0.056694,0.014495,0.046327,0.043719,15.405,14.459,14.527,15.861,15.198,13.58,17.072,14.744,13.362,13.878,17.024,16.765,16.605,15.327,17.062,16.301,19.682,21.772,22.466,30.475,8.5991,13.08,2.5769,12.691,15.325,20.452,15.622,15.433,16.888,15.879,15.696,66.428,65.638,69.74,0.23076,0.37629,0.43052,0.37244,0.1633,0.12552,0.4114,0.28269,0.23839,0.26196,0.35808,1.3696,0.68554,1.6937,8.1899,17.462,21.354,41.251,41.324,46.056,46.39,41.218,44.214,39.554,44.865,47.167,36.948,22.493,23.523,21.77,20.718,21.112,22.281,24.537,23.441,27.764,23.007,34.448,30.769,20.625,26.279,1.6822,1.8181,23.645,1.6784,0.90825,0.89353,0.95314,1.0642,0.80845,1.092,0.014222,0.28755,0.29529,0.035622,0.038247,0.078856,14.928,14.788,13.848,14.116,15.73,13.257,14.548,14.408,12.051,14.217,14.457,17.808,17.134,16.863,17.268,16.097,15.875,15.884,16.997,15.472,15.786,15.475,23.409,18.408,25.855,24.471,47.725,18.807,19.47,2.9162,4.3705,3.2973,1.7084,13.413,4.4504,14.643,7.7373,12.936,17.527,13.541,15.988,16.284,0.14923,0.00040195,0.69138,0.29536,30.228,12.617,24.972,25.412,1.405,24.251,1.5484,1.1045,1.1704,0.74118,15.52,15.3,14.968,14.568,15.699,14.955,39.514,10.843,25.817,21.964,25.408,24.61,25.826,26.975,14.354,16.608,24.638,25.281,25.255,21.634,26.555,1.6983,24.166,1.5773,1.0522,15.918,14.908,25.73
0.38997,1.4591,10.421,44.567,62.122,31.614,33.154,22.472,24.361,22.654,1.9204,0.33035,0.1896,0.027418,0,14.071,16.547,13.752,13.357,14.404,14.241,15.97,12.999,16.484,66.719,0.30225,3.0767,3.4775,4.7222,5.1576,9.8305,33.546,4.1842,15.904,19.065,30.746,29.054,47.965,42.051,29.743,63.566,49.926,46.215,19.233,25.614,21.378,22.119,21.583,20.79,22.18,22.129,48.749,23.047,21.837,22.121,15.4,23.967,26.822,29.354,37.38,17.667,21.843,22.703,2.0608,2.1409,1.7707,2.2754,1.4398,1.3436,1.3033,1.127,0.83395,1.3893,1.4525,0.93871,0.68971,0.69827,0.49959,1.0267,0.35685,0.070807,0.09318,0.19592,0.1493,0.03659,0.02122,0.005737,14.346,13.447,13.517,14.825,14.161,12.473,15.88,13.532,12.254,12.721,15.833,15.571,15.412,14.173,15.85,15.119,20.692,22.768,23.375,31.606,9.0254,12.467,3.1254,11.849,14.294,19.245,14.516,14.24,15.689,14.696,14.539,64.011,63.277,67.296,0.26372,0.45968,0.42612,0.43349,0.28496,0.19193,0.45429,0.29194,0.26645,0.30745,0.42221,1.7182,0.57985,1.358,7.3517,16.375,20.213,40.234,39.989,44.725,45.049,40.022,43.364,37.706,42.882,45.095,35.128,22.067,23.06,21.344,20.327,20.728,21.891,24.119,23.112,27.296,22.563,32.628,29.009,19.15,24.659,2.0088,2.1523,22.199,2.0339,1.1349,1.1134,1.1875,1.3047,0.97576,1.3014,0.080644,0.49096,0.49426,0.12322,0.013073,0.027164,13.904,13.77,12.869,13.117,14.667,12.296,13.548,13.286,11.147,13.05,13.267,16.529,15.953,15.614,16.01,14.927,14.706,14.725,15.802,14.35,14.65,14.357,23.761,18.429,26.272,24.564,47.324,17.764,18.336,2.6674,4.9035,2.7299,2.166,12.231,4.3767,13.755,8.1291,11.987,16.288,12.487,14.812,15.078,0.30414,0.032261,0.5559,0.31843,28.575,11.95,23.428,23.865,1.7041,22.779,1.8168,1.3587,1.4738,0.961,14.393,14.135,13.817,13.416,14.55,13.798,37.533,10.601,25.424,21.417,23.85,23.076,24.262,25.375,13.254,15.416,23.107,23.731,23.685,20.305,24.975,2.0352,22.706,1.9041,1.2755,14.738,13.76,24.157
18.287,9.1981,6.6682,8.5827,17.187,4.7755,7.1556,8.1782,2.4848,18.481,19.385,18.036,16.762,15.101,14.071,0,0.49435,0.53171,1.0738,0.1947,0.32968,56.454,15.379,16.19,20.427,17.812,8.0146,4.8584,4.7095,3.3367,2.4458,8.3398,3.5679,8.517,9.2979,3.4979,9.5786,11.58,9.5005,11.41,18.361,11.786,10.012,9.4172,10.582,9.1626,8.7829,8.9865,8.3776,8.8306,8.7881,11.929,9.4677,9.1097,9.4295,6.6207,11.31,5.8014,11.429,9.6546,1.3863,2.4682,2.8985,18.426,20.458,17.748,16.701,17.074,16.518,16.131,15.765,16.247,16.271,16.336,16.24,16.717,17.274,19.46,20.551,14.273,14.637,15.74,16.893,17.008,15.541,14.778,14.187,0.0113,0.0076112,0.005569,0.020677,0.00045367,0.77838,0.35522,2.1676,0.95366,1.5104,0.3562,0.42887,0.4661,0.50305,0.51502,0.45852,68.338,71.653,71.926,86.346,43.228,29.361,29.141,21.676,20.031,23.073,17.589,12.992,16.221,14.649,15.486,19.073,18.321,20.576,17.564,19.167,17.791,18.786,18.352,17.458,18.642,17.374,17.513,17.964,18.77,25.566,16.423,6.6871,11.749,0.099392,0.70481,11.435,8.2755,11.025,11.129,9.4748,15.403,6.3701,8.654,10.083,5.7209,8.7438,8.7176,8.3805,8.399,8.6998,9.2097,9.944,10.767,10.954,8.7369,5.8528,5.7316,5.7659,4.1285,18.435,18.501,18.985,19.411,16.582,16.406,16.726,16.707,15.095,15.769,15.951,19.1,17.979,16.072,14.63,14.307,0.00050661,0.0016763,0.028304,0.016872,0.0095993,0.060327,0.0086201,0.53323,0.17722,1.4009,1.7661,1.0832,0.2727,1.0591,1.0044,0.40553,0.45307,0.36677,0.38629,0.20323,0.22461,0.18533,65.737,52.362,70.366,62.723,84.593,26.082,24.031,19.284,35.546,5.7466,24.472,4.0789,26.841,23.788,41.175,18.299,15.743,15.277,15.234,14.448,17.851,15.253,15.617,17.717,3.5459,1.6304,2.8197,2.7188,17.958,18.989,16.83,17.054,18.543,16.742,0.22665,14.17,14.045,12.962,15.866,13.689,8.545,6.6212,11.035,6.704,2.9254,2.7463,2.9094,3.253,15.091,15.894,2.6734,2.8119,3.2988,0.81625,2.9878,18.75,19.389,18.594,16.222,14.889,14.058,3.1282
20.563,10.102,10.737,7.2402,14.841,6.1569,9.6133,12.383,0.88621,14.34,23.807,21.171,19.779,17.775,16.547,0.49435,0,0.14727,0.37983,0.10479,0.087503,58.326,12.795,12.989,16.818,20.135,8.2019,5.4178,4.7674,3.6266,1.7363,4.8217,4.2371,13.104,13.998,2.2272,13.615,12.658,11.108,15.944,15.272,8.9932,10.438,14.141,15.244,13.719,13.189,13.483,12.75,13.246,13.195,8.6664,14.006,13.625,14.016,10.712,16.28,8.7036,16.006,5.9055,0.23947,0.76071,1.0065,22.892,24.992,22.06,21.166,21.2,20.571,20.142,19.662,19.985,20.334,20.434,20.047,20.358,20.925,22.637,24.331,17.516,17.485,18.616,19.907,19.819,18.108,17.155,16.575,0.35634,0.51647,0.54105,0.60079,0.4655,0.36697,0.012693,0.99243,0.46497,0.68357,0.013113,0.014875,0.022198,0.104,0.011273,0.034895,72.118,75.134,74.875,89.745,45.362,27.461,33.46,19.428,17.211,19.395,14.708,10.254,13.149,11.779,12.623,15.485,15.114,17.104,19.902,21.607,19.869,21.136,21.154,20.025,20.899,19.591,19.828,20.327,21.141,28.914,18.08,8.5694,10.435,0.58722,1.3684,14.48,9.6866,12.801,12.873,11.619,19.428,4.298,6.1677,7.1299,3.517,13.142,13.04,12.72,12.803,13.165,13.749,14.54,15.649,15.584,13.1,3.2008,2.8988,3.1816,1.7696,22.879,23.009,14.888,23.888,20.522,20.327,20.703,20.747,18.862,19.758,18.752,22.357,21.394,19.001,17.03,16.587,0.5104,0.52624,0.65849,0.56364,0.38567,0.71274,0.61864,0.19669,0.99404,0.58185,0.76808,0.14562,0.033262,0.18086,0.13704,0.041987,0.057961,0.053244,0.01039,0.10486,0.079428,0.11182,66.073,51.833,70.783,61.976,80.695,22.752,20.53,19.858,38.988,6.4701,28.806,2.5673,27.604,21.198,43.273,15.923,12.584,12.791,12.329,11.52,20.962,17.932,17.207,19.973,1.7198,3.9201,0.98309,0.95231,22.246,14.817,21.121,21.137,22.724,20.581,0.094079,11.408,11.341,10.363,12.994,11,5.1965,10.685,15.836,10.525,1.0528,0.93387,1.0631,1.2913,12.463,12.874,0.89799,0.99088,1.2511,0.22157,1.1405,23.214,15.215,22.994,20.223,12.005,11.364,1.17
17.333,7.8257,10.037,9.4522,17.915,7.6678,11.147,12.836,1.5464,12.819,20.851,18.053,16.771,14.893,13.752,0.53171,0.14727,0,0.098624,0.09547,0.029965,52.613,10.73,11.148,19.905,16.952,6.1525,3.7921,3.2394,2.3184,0.92402,5.6393,2.8387,12.85,14.014,3.5027,14.61,15.168,13.26,16.868,18.296,11.285,12.86,14.165,15.825,13.984,13.559,13.783,13.017,13.619,13.566,10.766,14.416,13.941,14.335,10.557,16.636,9.7462,16.891,6.9711,0.34251,1.139,1.4119,20.059,21.955,19.253,18.543,18.41,17.823,17.427,16.955,17.178,17.618,17.722,17.259,17.475,17.983,19.387,21.084,14.819,14.675,15.693,16.885,16.757,15.167,14.275,13.758,0.40644,0.48712,0.52226,0.72647,0.50945,0.051981,0.11888,0.56114,0.099232,0.27248,0.11406,0.072246,0.055198,0.0037583,0.079963,0.039117,65.831,68.682,68.403,82.652,40.355,23.899,29.568,16.594,14.758,17.058,12.537,8.5645,11.231,9.9454,10.683,18.428,18.099,20.251,16.744,18.307,16.676,17.865,17.962,16.894,17.635,16.443,16.672,17.132,17.873,25.155,15.007,6.6564,8.2861,0.86218,2.0113,16.378,11.727,15.095,15.187,13.612,21.339,5.9306,8.0692,9.0669,4.9273,13.51,13.511,13.044,13.021,13.401,14.063,15.022,15.963,16.303,13.519,4.2793,3.5802,2.82,2.2041,20.036,20.181,13.268,20.946,17.733,17.552,17.907,17.973,16.198,17.08,15.797,19.154,18.329,16.051,14.168,13.748,0.5313,0.53406,0.57726,0.50168,0.47393,0.56843,0.61079,0.004007,0.73028,0.21893,0.3703,0.18053,0.16722,0.12578,0.13176,0.037523,0.021239,0.036442,0.10136,0.087968,0.08771,0.1002,60.036,46.574,64.526,56.237,74.72,19.966,18.01,16.587,34.504,4.6849,25.317,1.7533,23.721,18.304,38.387,13.455,10.774,10.692,10.442,9.744,17.858,15.034,14.211,16.795,2.6967,3.7414,1.4811,1.5159,19.407,13.25,18.416,18.336,19.785,17.745,0.07564,9.5777,9.4956,8.6028,11.013,9.1921,6.4407,10.008,16.362,10.983,1.5813,1.4044,1.6406,1.9397,10.452,10.968,1.3836,1.5242,1.7029,0.72961,1.7865,20.342,13.597,20.119,17.495,10.149,9.5117,1.7007
16.603,7.1434,11.494,10.594,19.19,9.425,13.326,15.034,1.6659,10.674,21.097,17.715,16.454,14.52,13.357,1.0738,0.37983,0.098624,0,0.38806,0.23605,50.248,8.8505,9.1677,20.709,16.267,5.3338,3.3671,2.6825,1.9807,0.50284,5.1246,2.591,14.771,16.138,4.1135,17.066,17.406,15.485,19.471,19.26,11.924,14.798,16.303,18.272,16.203,15.784,16,15.167,15.849,15.791,11.113,16.715,16.175,16.598,12.349,19.066,11.801,19.486,6.5167,0.3012,1.0492,1.2682,20.396,22.196,19.547,19.005,18.644,18.053,17.662,17.151,17.254,17.873,17.991,17.374,17.469,17.946,18.987,20.914,14.773,14.412,15.373,16.558,16.33,14.72,13.792,13.316,0.89944,0.99489,1.0464,1.3537,1.0443,0.040373,0.38454,0.1905,0.028048,0.045997,0.37638,0.28168,0.23876,0.12488,0.2621,0.21321,63.849,66.488,65.995,80.044,38.511,21.387,29.218,14.383,12.558,14.601,10.481,6.8508,9.2553,8.0957,8.7726,19.154,18.994,21.144,16.08,17.596,15.893,17.138,17.453,16.334,16.878,15.739,16.001,16.456,17.156,24.515,14.136,6.5619,6.8387,1.5434,2.9786,18.997,13.812,17.469,17.561,15.945,24.338,6.4503,8.5921,9.4339,5.2646,15.731,15.763,15.215,15.153,15.567,16.305,17.384,18.333,18.82,15.756,4.2488,3.2443,1.9565,1.9007,20.359,20.538,11.08,21.223,17.897,17.717,18.081,18.184,16.37,17.328,15.429,18.811,18.129,15.735,13.704,13.252,1.0694,1.0699,1.1001,1.0044,1.0015,1.0621,1.1697,0.093721,1.2151,0.024116,0.086821,0.17797,0.48854,0.092073,0.13186,0.22922,0.18173,0.23976,0.34527,0.37284,0.36984,0.39765,56.896,43.57,61.286,52.864,70.011,17.375,15.512,15.186,33.467,4.2271,25.212,1.0269,22.028,15.929,36.601,11.414,8.8286,8.8297,8.5467,7.9066,17.519,14.655,13.36,16.089,2.9188,4.8356,1.4137,1.5141,19.672,11.066,18.763,18.547,19.95,17.842,0.34661,7.7707,7.702,6.8997,9.0752,7.4265,6.2447,11.478,18.829,13.038,1.5183,1.3298,1.6169,1.9146,8.5888,9.0181,1.3321,1.4838,1.5279,1.1392,1.8032,20.656,11.382,20.406,17.718,8.281,7.7177,1.6067
18.321,8.738,8.8406,8.4711,16.779,6.116,9.1885,10.893,1.597,15.117,20.89,18.66,17.354,15.525,14.404,0.1947,0.10479,0.09547,0.38806,0,0.019241,55.249,12.788,13.296,19.222,17.894,7.1892,4.4368,4.0081,2.8695,1.5402,6.2955,3.3059,11.195,12.154,3.0616,12.401,13.123,11.238,14.52,17.462,10.785,11.106,12.292,13.638,12.026,11.593,11.826,11.125,11.648,11.599,10.554,12.377,11.968,12.334,9.0232,14.472,7.9223,14.551,7.5618,0.56502,1.3998,1.7236,20.007,22.002,19.242,18.365,18.456,17.871,17.47,17.035,17.376,17.643,17.731,17.421,17.755,18.295,20.058,21.533,15.132,15.2,16.276,17.478,17.448,15.874,15.015,14.455,0.11624,0.18514,0.20418,0.30475,0.17915,0.2587,0.045812,1.117,0.36485,0.68898,0.04436,0.054782,0.063388,0.076129,0.088425,0.057303,68.118,71.178,71.105,85.565,42.469,26.612,30.21,18.994,17.137,19.68,14.768,10.452,13.378,11.968,12.767,17.825,17.331,19.482,17.666,19.277,17.714,18.851,18.735,17.716,18.651,17.403,17.601,18.067,18.849,26.071,16.126,6.9918,9.9312,0.3839,1.2464,13.985,9.8445,12.926,13.017,11.49,18.58,5.5661,7.6934,8.8402,4.7454,11.548,11.514,11.13,11.147,11.494,12.082,12.919,13.857,14.044,11.539,4.4616,4.0686,3.8482,2.6687,19.999,20.111,15.609,20.956,17.847,17.664,18.011,18.041,16.299,17.109,16.427,19.767,18.801,16.631,14.888,14.498,0.19857,0.20388,0.26235,0.20558,0.14933,0.28354,0.25888,0.10944,0.45759,0.60347,0.84126,0.36781,0.039719,0.34581,0.31772,0.039022,0.053767,0.027141,0.049673,0.00016455,0.0017773,0.00013645,63.429,49.813,68.023,59.846,79.622,22.733,20.678,18.221,35.824,5.3661,25.71,2.6634,25.656,20.865,40.441,15.681,12.887,12.735,12.509,11.753,18.465,15.674,15.308,17.759,2.6389,2.8795,1.7166,1.6862,19.424,15.587,18.351,18.405,19.901,17.924,0.0012609,11.559,11.465,10.482,13.125,11.133,6.7771,8.7996,14.157,9.1772,1.8115,1.6477,1.8316,2.13,12.493,13.089,1.6043,1.7327,2.0435,0.50564,1.9365,20.315,15.965,20.117,17.549,12.19,11.481,1.9609
18.022,8.4127,9.4475,8.7778,17.104,6.7504,10.021,11.791,1.4996,14.059,21.039,18.541,17.239,15.378,14.241,0.32968,0.087503,0.029965,0.23605,0.019241,0,54.305,11.885,12.333,19.324,17.615,6.7875,4.1997,3.7035,2.6573,1.2629,5.8897,3.141,11.998,13.04,3.1651,13.393,13.934,12.061,15.585,17.642,10.85,11.779,13.184,14.647,12.944,12.507,12.741,12.01,12.565,12.514,10.49,13.325,12.889,13.269,9.7601,15.485,8.7218,15.615,7.1716,0.42029,1.2179,1.5148,20.194,22.153,19.406,18.599,18.591,18.002,17.602,17.148,17.438,17.784,17.879,17.499,17.781,18.31,19.917,21.501,15.129,15.101,16.156,17.359,17.284,15.694,14.815,14.272,0.22733,0.30734,0.33359,0.47551,0.31039,0.14965,0.046321,0.84392,0.2302,0.48312,0.043561,0.031187,0.028797,0.018851,0.051317,0.019714,67.384,70.353,70.179,84.577,41.735,25.487,30.126,17.974,16.102,18.517,13.786,9.6075,12.421,11.067,11.843,17.897,17.481,19.622,17.395,18.992,17.388,18.555,18.539,17.492,18.341,17.112,17.326,17.792,18.559,25.843,15.752,6.9261,9.2368,0.57253,1.5515,15.007,10.606,13.812,13.902,12.373,19.782,5.6081,7.723,8.7941,4.7124,12.461,12.437,12.022,12.026,12.388,13.008,13.893,14.844,15.079,12.457,4.2716,3.7544,3.3381,2.3828,20.179,20.306,14.537,21.119,17.949,17.766,18.118,18.165,16.399,17.245,16.285,19.651,18.745,16.514,14.696,14.29,0.33254,0.33747,0.39437,0.32706,0.2748,0.405,0.40421,0.042066,0.58102,0.41012,0.60771,0.24497,0.065158,0.21286,0.19821,0.010224,0.011854,0.0044806,0.040674,0.016139,0.01515,0.021794,62.134,48.542,66.692,58.425,77.58,21.529,19.505,17.607,35.445,5.1217,25.721,2.2416,24.935,19.77,39.728,14.722,11.94,11.841,11.59,10.855,18.345,15.525,14.94,17.469,2.5737,3.2872,1.5392,1.5364,19.577,14.513,18.535,18.53,20.012,17.997,0.010732,10.678,10.591,9.6466,12.19,10.27,6.5001,9.4111,15.178,10.007,1.6346,1.4682,1.6707,1.9647,11.595,12.144,1.435,1.5661,1.8174,0.55358,1.7912,20.492,14.88,20.282,17.676,11.282,10.607,1.7691
