0,22.173,22.446,23.003,50.252,96.751,83.09,73.519,65.672,109.63,105.3,115.93,52.37,50.035,49.525,72.256,77.273,57.685,61.899,65.397,65.978,66.526,65.605,65.65,27.85,27.906,42.495,34.815,38.719,48.349,47.868,21.3,22.553,22.728,25.654,34.461,59.177,87.937,74.604,118.89,118.31,119.37,115.47,78.598,114.68,77.66,109.63,81.926,89.813,79.202,103.25,93.802,69.624,103.58,102.89,104.22,62.715,54.111,57.052,50.657,79.99,43.369,75.275,67.98,63.855,64.251,58.529,57.886,58.339,55.655,55.239,54.823,55.139,56.1,54.307,56.605,60.911,56.946,66.315,65.375,65.528,10.345,5.5684,7.0502,2.531,3.187,17.146,9.3567,27.967,0.092987,0.24913,2.2624,4.7731,47.416,42.504,60.839,46.419,51.367,50.507,36.138,48.645,24.065,24.55,22.326,28.642,34.576,47.467,50.239,40.941,65.873,41.004,94.754,47.654,115.24,81.43,121.8,74.375,69.865,120.36,79.381,78.971,106.39,51.031,53.68,60.754,58.755,55.711,61.981,76.808,63.791,59.869,71.019,62.367,66.682,64.03,57.981,61.899,57.311,54.648,54.903,54.873,54.225,55.755,56.355,56.586,55.503,55.459,55.296,57.041,52.457,54.748,56.352,75.299,60.623,36.713,33.426,20.163,10.124,7.6522,25.047,26.714,34.146,22.943,47.924,49.439,47.186,57.113,75.852,97.855,107.3,108.22,105.22,101.7,63.433,65.189,10.916,1.7902,47.921,48.076,124.06,67.847,114.83,113.25,106.51,104.38,33.361,22.161,41.703,19.441,48.262,48.451,105.01,104.38,48.174,111.97,112.26,48.347,48.543,48.445,48.454
22.173,0,0.0031167,0.014437,36.728,48.591,55.452,50.738,44.888,42.95,40.07,46.269,27.964,28.899,28.113,30.789,30.615,15.95,38.356,43.031,41.823,40.965,42.527,42.221,2.0334,2.6453,10.325,6.8718,10.655,13.84,13.67,0.034114,0.009957,0.020591,0.17054,9.5768,21.169,30.411,37.765,50.306,50.098,48.302,45.657,37.805,46.108,54.894,42.993,55.215,58.08,52.064,47.364,31.648,50.418,38.747,38.818,39.268,36.171,29.507,32.363,29.778,30.867,29.25,24.754,20.812,26.936,18.132,16.433,15.987,16.117,34.865,34.328,34.138,33.923,35.221,34.041,37.056,35.648,35.855,42.571,42.182,42.751,53.98,39.284,42.045,28.424,34.64,21.542,23.607,42.082,21.74,17.742,18.572,15.914,5.1974,9.4468,11.738,12.79,14.45,13.365,16.762,13.689,0.044583,0.11908,0.0015056,1.6995,3.5751,7.9333,30.442,20.317,20.885,26.105,31.91,12.261,44.693,59.75,49.493,48.733,43.185,48.415,57.348,22.19,40.985,28.158,30.102,34.721,32.454,33.756,27.117,23.329,17.165,20.175,27.917,18.008,17.586,16.03,43.165,19.336,16.497,33.863,34.867,34.777,34.358,34.659,34.936,34.806,34.429,34.402,34.68,36.734,33.37,33.455,34.692,27.168,42.965,92.303,34.008,24.335,8.1331,6.7643,6.8378,3.1477,13.05,6.8375,14.135,13.188,12.937,39.87,54.6,36.796,41.361,44.628,39.661,37.448,40.161,40.429,2.1681,14.69,13.39,13.476,51.11,38.65,46.851,45.27,40.699,39.428,16.817,1.1666,3.0597,20.977,13.57,13.803,40.049,39.777,13.58,42.722,43.341,13.859,13.852,13.712,13.766
22.446,0.0031167,0,0.020571,37.357,49.049,56.133,51.42,45.541,43.117,40.23,46.42,28.459,29.423,28.628,31.169,30.937,16.161,38.943,43.661,42.433,41.559,43.149,42.838,1.8829,2.477,10.557,7.0839,10.929,14.101,13.932,0.027659,0.019613,0.0078277,0.13273,9.8586,21.486,30.585,38.248,50.515,50.311,48.45,45.799,38.253,46.276,55.603,43.161,55.901,58.748,52.726,47.725,31.762,51.119,38.899,38.984,39.424,36.722,30.015,32.895,30.311,31.162,29.814,24.964,21.018,27.323,18.316,16.647,16.197,16.324,35.442,34.9,34.71,34.49,35.8,34.614,37.657,36.204,36.438,43.19,42.801,43.377,54.166,39.434,42.178,28.572,34.827,21.354,23.55,41.806,22.038,17.983,18.678,15.944,5.1567,9.6564,11.758,13.045,14.695,13.593,17.173,13.944,0.043926,0.13223,0.00031784,1.7887,3.6818,8.0347,30.987,20.761,21.12,26.637,32.015,12.491,44.812,60.496,49.631,49.383,43.789,48.548,58.078,22.264,41.152,28.665,30.622,35.264,32.976,34.317,27.525,23.477,17.328,20.463,28.252,18.214,17.719,16.155,43.838,19.581,16.727,34.432,35.448,35.357,34.936,35.233,35.509,35.377,35.001,34.974,35.257,37.329,33.945,34.017,35.262,27.437,43.622,92.309,33.642,24.109,8.4394,7.0204,7.1123,3.3117,13.406,7.1204,14.408,13.423,13.189,40.506,55.317,36.988,41.523,44.86,39.811,37.595,40.764,41.024,2.2883,14.993,13.646,13.732,51.254,39.202,47.036,45.439,40.857,39.586,17.243,1.2797,2.9656,21.491,13.826,14.063,40.214,39.944,13.837,42.842,43.474,14.122,14.112,13.97,14.025
23.003,0.014437,0.020571,0,35.903,47.061,54.129,49.555,43.812,41.39,38.563,44.65,27.057,28.036,27.258,29.589,29.365,15.036,37.313,41.949,40.724,39.852,41.438,41.129,2.2097,2.8684,9.6498,6.3553,10.027,13.047,12.885,0.091492,0.0023106,0.047183,0.16022,9.0279,20.178,29.102,36.519,48.617,48.413,46.648,44.049,36.507,44.491,53.662,41.432,53.91,56.66,50.787,45.779,30.313,49.305,37.265,37.335,37.777,35.106,28.573,31.384,28.907,29.593,28.522,23.587,19.748,25.855,17.137,15.505,15.072,15.195,33.921,33.39,33.207,32.984,34.27,33.119,36.105,34.612,34.892,41.47,41.095,41.665,55.582,40.661,43.49,29.579,35.888,22.659,24.781,43.633,22.51,18.494,19.522,16.849,4.7073,8.7865,10.943,12.033,13.616,12.556,16.147,12.894,0.012045,0.050646,0.019057,1.4261,3.1536,7.2737,29.581,19.609,19.834,25.412,30.57,11.498,43.105,58.485,47.819,47.522,42.025,46.76,56.103,21.077,39.461,27.275,29.176,33.685,31.446,32.806,26.06,22.184,16.191,19.186,26.748,17.026,16.594,15.083,42.227,18.337,15.578,32.934,33.937,33.848,33.438,33.712,33.979,33.844,33.486,33.46,33.742,35.773,32.48,32.521,33.734,25.968,41.973,94.565,35.326,25.511,8.2049,6.9556,6.495,2.8419,12.483,6.5411,13.344,12.392,12.17,38.927,53.4,35.355,39.83,43.043,38.162,35.992,39.099,39.337,2.3679,15.198,12.608,12.691,49.409,37.507,45.221,43.668,39.181,37.934,16.259,1.0239,2.7659,20.789,12.782,13.01,38.543,38.276,12.793,41.169,41.775,13.067,13.057,12.92,12.973
50.252,36.728,37.357,35.903,0,13.695,4.3009,2.2485,1.0953,33.954,32.737,37.556,1.8358,1.0324,1.1759,9.4977,13.601,15.625,1.1722,1.2056,1.4981,1.7934,1.3102,1.3622,55.915,59.061,12.667,14.188,10.149,11.257,11.172,38.473,35.71,38.432,40.14,9.9179,9.6745,25.636,6.1306,34.974,34.474,39.206,38.01,8.4115,35.897,2.9749,33.886,3.9901,6.1805,3.5436,20.241,31.948,1.581,32.636,31.458,32.613,1.9112,1.7024,1.4999,0.89618,15.796,0.42657,19.549,17.96,7.2569,18.607,15.615,15.756,15.977,0.60268,0.63273,0.60034,0.69478,0.61309,0.53775,0.41745,1.5543,0.64546,1.4606,1.3074,1.2652,105.07,89.271,94.935,74.241,78.744,97.242,88.465,134.26,46.33,47.297,64.199,68.239,36.049,14.176,31.103,11.46,12.552,13.568,4.0228,11.674,36.197,34.313,37.182,24.965,22.35,22.532,0.67274,2.7764,15.637,0.90438,32.941,13.133,39.588,3.775,40.896,2.6173,2.2689,40.618,3.3204,30.357,32.679,1.4537,1.3954,1.7766,1.9369,0.834,6.0562,24.181,19.982,11.339,11.296,16.776,22.805,22.846,0.30291,14.186,14.368,0.6241,0.48619,0.49621,0.47148,0.65713,0.70912,0.77664,0.65795,0.65561,0.57772,0.52316,0.3985,0.72329,0.7564,15.957,0.49165,172.71,129.89,104.6,18.381,23.923,11.872,18.965,6.309,12.02,10.577,13.009,11.758,0.2472,2.6281,27.867,33.364,29.186,33.401,32.285,1.1908,1.5544,31.862,33.725,11.602,11.586,41.492,2.8021,34.814,35.233,33.399,32.565,3.8402,24.811,42.607,7.2411,11.578,11.377,32.335,31.9,11.504,38.181,37.37,11.228,11.371,11.502,11.431
96.751,48.591,49.049,47.061,13.695,0,5.7949,7.783,8.5382,7.3268,7.3759,8.5799,7.613,9.288,9.2764,2.054,2.3269,9.4066,6.8766,7.527,6.5012,5.7585,7.1075,6.905,66.061,69.821,14.23,19.45,14.778,10.624,10.792,51.174,47.21,49.986,49.595,17.131,5.6505,6.5666,1.6536,6.3952,6.1754,9.0858,8.9811,0.94759,7.6828,8.2857,7.2794,6.2152,4.3692,5.6148,0.94579,9.5515,9.9317,7.675,7.013,7.5203,5.4324,7.2083,6.7283,9.287,2.6971,14.192,6.0155,7.2513,3.5363,8.9605,9.0769,9.414,9.3836,8.6954,8.6679,8.8263,8.5197,8.6108,9.0985,9.3322,6.1047,8.4336,6.7367,7.0373,7.2836,170.19,146.44,153.32,124.91,133.71,132.89,131.19,178.75,92.172,90.18,107.24,107.64,31.585,15.198,20.383,11.612,10.053,11.035,14.715,10.724,46.553,44.209,48.956,32.116,25.97,19.086,9.862,12.147,6.4956,14.299,10.047,12.035,10.154,9.6704,9.8218,6.0426,5.226,9.8912,9.07,12.769,7.1109,8.4099,7.6541,5.7941,5.9077,8.0921,3.8737,8.7128,10.093,6.1581,2.8733,8.4097,11.119,12.14,12.551,6.9787,8.7568,8.7911,9.1688,9.139,9.3226,8.5244,8.304,8.0983,8.5581,8.571,8.8191,8.8654,9.9324,8.5209,8.1796,3.9103,10.509,249.34,163.88,140.38,44.461,51.353,24.71,28.287,16.046,26.539,10.449,11.157,11.428,10.79,9.1389,5.7076,7.3895,4.5683,7.8516,7.8471,6.9883,6.1761,53.908,72.236,11.007,10.928,9.8395,4.1075,6.9424,7.4996,7.5769,7.4506,16.766,36.713,41.579,34.477,10.841,10.645,7.1625,6.998,10.838,9.8133,9.1693,10.609,10.601,10.716,10.673
83.09,55.452,56.133,54.129,4.3009,5.7949,0,0.35662,1.0562,25.496,25.206,28.078,4.7025,4.6764,4.9417,7.2966,10.529,18.344,1.708,1.0602,1.059,1.1172,1.0505,1.0601,77.415,81.37,19.514,23.768,17.813,16.072,16.121,57.938,54.054,57.364,58.432,18.945,11.08,21.527,3.1428,24.303,23.871,29.123,28.729,4.5173,26.458,0.26773,25.414,0.0097604,0.20585,0.05468,11.384,27.365,0.91066,25.543,24.342,25.347,2.0517,4.096,3.1305,4.3912,12.29,6.4024,17.893,18.091,7.101,19.917,18.085,18.437,18.562,2.8426,2.9641,3.052,3.0266,2.7376,3.1504,2.5412,2.2021,2.5486,0.98356,1.0879,1.0511,151.24,131.56,138.39,112.68,118.8,134.99,127.21,179.49,78.14,78.78,99.096,102.85,46.052,21.271,35.846,16.896,16.653,18.089,11.929,16.461,54.11,51.607,55.96,38.727,33.557,29.626,4.3501,9.0785,15.99,7.4626,28.281,18.453,30.649,0.49351,30.478,0.24993,0.76701,30.526,0.37644,29.618,24.851,4.7422,3.9475,2.4185,3.0618,2.9692,6.3195,22.895,21.668,12.766,9.6156,18.319,24.164,24.987,2.6646,15.448,16.99,3.1108,2.9725,2.985,3.1379,2.8476,2.7278,2.7108,2.9115,2.9213,2.9192,2.4728,3.5687,3.1458,2.7567,13.736,1.9093,230.26,171.07,143.36,38.133,45.731,24.458,32.177,15.024,25.409,15.421,17.764,17.004,2.4983,0.46106,21.476,25.413,20.311,26.007,25.629,1.3982,1.2416,53.802,61.013,16.6,16.533,30.596,1.5947,25.152,26.051,25.664,25.245,12.724,40.835,55.996,22.54,16.468,16.179,24.812,24.467,16.41,29.849,28.818,16.04,16.144,16.325,16.24
73.519,50.738,51.42,49.555,2.2485,7.783,0.35662,0,0.2252,28.391,27.845,31.315,3.4155,3.0866,3.3381,7.802,11.439,17.827,0.87391,0.31894,0.45579,0.62377,0.36371,0.39715,72.274,76.035,17.722,21.222,15.674,14.807,14.814,53.03,49.436,52.63,53.95,16.384,10.68,23.118,3.616,27.745,27.282,32.547,31.931,5.3496,29.64,0.081779,28.311,0.25953,1.0888,0.21943,13.902,29.253,0.14495,28.073,26.844,27.918,1.4286,2.9169,2.1152,2.8218,13.396,4.0234,18.67,18.349,6.9827,19.883,17.636,17.935,18.094,1.533,1.6404,1.6935,1.7159,1.4561,1.7402,1.2032,1.4178,1.3226,0.37077,0.39748,0.34184,137.95,119.51,126.04,101.77,107.32,125.15,116.74,167.66,68.808,69.694,89.344,93.381,44.026,19.464,35.218,15.463,15.64,16.998,9.3692,15.221,49.645,47.29,51.241,35.259,30.799,28.096,2.6962,6.9085,16.109,4.9946,30.215,17.119,33.81,0.38187,34.025,0.11521,0.49476,33.989,0.20889,30.47,27.56,3.3012,2.6912,1.6683,2.2216,1.7314,6.0255,23.721,21.577,12.433,10.081,18.161,24.247,24.859,1.0747,15.273,16.454,1.7491,1.5791,1.5935,1.6994,1.5615,1.4916,1.5077,1.6112,1.6177,1.5809,1.2036,1.991,1.8193,1.5346,14.53,0.63885,214.07,160.67,133.32,32.343,39.462,20.865,28.681,12.367,21.557,14.119,16.586,15.637,1.0351,0.097,23.697,28.17,23.162,28.631,28.042,0.62151,0.63767,47.84,53.004,15.297,15.244,34.271,1.368,28.356,29.154,28.37,27.828,9.8372,36.638,53.105,17.535,15.195,14.922,27.437,27.058,15.129,32.828,31.828,14.774,14.896,15.067,14.984
65.672,44.888,45.541,43.812,1.0953,8.5382,1.0562,0.2252,0,28.401,27.651,31.479,2.1515,1.7534,1.9552,7.1991,10.838,15.754,0.34263,0.047377,0.18314,0.35214,0.090908,0.11964,65.422,68.971,14.897,17.796,12.81,12.468,12.452,47.005,43.68,46.691,48.065,13.272,9.1795,22.289,3.4739,28.315,27.851,32.821,32.029,5.2813,29.846,0.54915,28.326,0.90982,2.0825,0.70316,14.561,28.338,0.18438,27.769,26.584,27.659,0.86672,1.7832,1.2034,1.5453,12.803,2.345,17.46,16.775,5.9979,18.011,15.619,15.865,16.036,0.63264,0.70704,0.73555,0.76733,0.58551,0.75519,0.39823,0.76879,0.50717,0.12961,0.10716,0.070393,127.21,109.44,115.68,92.452,97.791,114.97,106.75,155.75,61.24,62.018,80.598,84.464,39.772,16.522,32.183,12.984,13.395,14.617,6.8602,12.869,43.945,41.752,45.368,30.644,26.741,24.836,1.419,4.8132,14.576,3.1053,29.288,14.588,33.772,1.0728,34.337,0.34048,0.4126,34.223,0.78253,28.68,27.445,1.9878,1.5612,0.9831,1.3801,0.80459,5.0178,22.255,19.569,10.843,9.2437,16.307,22.214,22.649,0.43225,13.59,14.455,0.77595,0.64277,0.65361,0.71813,0.66069,0.62572,0.64914,0.6928,0.69653,0.65899,0.41296,0.89897,0.84011,0.66234,13.605,0.13614,200.55,149.29,122.83,27.181,33.746,17.028,24.394,9.534,17.585,11.808,14.18,13.184,0.30599,0.47898,23.371,28.066,23.447,28.38,27.637,0.20088,0.29785,41.698,46.344,12.904,12.862,34.693,1.0747,28.658,29.314,28.208,27.584,7.1784,31.646,48.024,13.866,12.825,12.581,27.255,26.866,12.76,32.673,31.755,12.438,12.561,12.716,12.638
109.63,42.95,43.117,41.39,33.954,7.3268,25.496,28.391,28.401,0,0.050099,0.10085,20.696,24.078,23.68,7.5451,4.6365,8.2906,23.701,26.214,24.083,22.48,25.351,24.912,53.792,56.964,15.699,20.884,18.598,12.788,13.041,45.326,41.756,43.632,41.766,21.823,9.3335,1.1952,12.009,0.35458,0.36068,0.22351,0.11489,9.1957,0.057866,29.964,9.0483e-05,26.27,22.841,24.677,3.1023,0.95236,31.924,0.11192,0.10861,0.083699,20.278,20.742,21.182,24.485,3.5233,31.785,3.2786,4.9805,10.15,6.0312,7.9853,8.2105,8.036,25.596,25.349,25.539,24.947,25.587,25.95,27.413,21.356,25.521,24.71,25.134,25.718,183.58,156.63,163.07,133.61,144.93,124.63,129.82,168.84,105.94,100.93,112.58,109.05,20.614,15.61,10.523,13.701,11.145,11.395,25.435,12.552,40.432,38.549,43.121,28.954,22.753,14.121,25.721,23.913,5.7468,30.488,0.97444,12.812,0.23733,32.996,0.36098,24.893,22.091,0.31268,31.666,3.6441,0.024437,22.22,21.834,20.414,19.677,24.16,11.65,3.0387,6.2553,8.4137,6.33,6.6383,5.6537,6.5697,34.255,7.0651,8.5299,25.376,26.375,26.293,26.436,25.235,24.969,24.573,25.204,25.216,25.732,26.543,27.04,24.766,24.668,3.8914,31.077,257.9,148,130.62,54.248,59.388,30.328,28.644,24.291,32.861,13.174,11.954,13.249,30.621,31.375,0.36528,0.015205,0.34536,0.074978,0.19552,24.465,23.091,55.244,84.61,12.917,12.845,0.46718,18.5,0.094801,0.030817,0.032709,0.075821,28.572,35.557,29.183,52.972,12.756,12.711,0.051599,0.064757,12.815,0.18363,0.10327,12.796,12.668,12.685,12.697
105.3,40.07,40.23,38.563,32.737,7.3759,25.206,27.845,27.651,0.050099,0,0.25652,19.605,22.91,22.497,6.971,4.1435,7.1581,22.877,25.471,23.368,21.787,24.618,24.183,50.585,53.667,14.131,19.02,16.951,11.442,11.681,42.365,38.918,40.726,38.923,20.033,8.3623,0.78328,11.539,0.64902,0.64869,0.44302,0.24766,8.8157,0.21281,29.51,0.051842,25.947,22.727,24.297,3.2339,0.57854,31.251,0.013555,0.015344,0.0046139,19.489,19.704,20.23,23.334,3.0713,30.376,2.6122,4.123,9.3594,5.0435,6.8798,7.0817,6.9169,24.588,24.331,24.508,23.927,24.592,24.902,26.423,20.514,24.55,24,24.396,24.982,177.81,151.27,157.58,128.65,139.81,119.68,124.79,163.08,101.73,96.734,107.99,104.48,18.654,14.01,9.1362,12.288,9.8722,10.073,23.79,11.208,37.637,35.823,40.234,26.62,20.695,12.5,24.554,22.446,4.8714,29.011,0.607,11.406,0.3289,32.611,0.61419,24.391,21.487,0.53022,31.241,2.8528,0.0074204,21.086,20.781,19.569,18.777,23.16,10.819,2.3204,5.2234,7.4344,5.6914,5.63,4.6504,5.4815,33.254,6.0949,7.4113,24.34,25.342,25.26,25.383,24.232,23.984,23.596,24.194,24.204,24.713,25.57,25.932,23.736,23.684,3.2971,30.173,250.88,142.65,125.56,51.319,56.23,28.156,26.383,22.548,30.606,11.827,10.609,11.856,29.624,30.865,0.20013,0.010247,0.45301,0.0083109,0.049527,23.679,22.36,52.045,80.877,11.55,11.484,0.77239,17.854,0.27688,0.15863,0.0038824,0.0027224,26.825,32.986,26.852,50.559,11.401,11.366,0.0015754,0.0056595,11.459,0.21075,0.15647,11.45,11.327,11.338,11.351
115.93,46.269,46.42,44.65,37.556,8.5799,28.078,31.315,31.479,0.10085,0.25652,0,23.602,27.199,26.786,9.3103,6.0661,10.125,26.62,29.193,26.947,25.253,28.284,27.823,56.934,60.155,18.195,23.688,21.361,15.105,15.378,48.714,45.046,46.922,44.873,24.807,11.375,1.9362,14.046,0.29919,0.32982,0.025332,0.007738,10.973,0.024891,32.874,0.10292,28.915,25.141,27.304,3.8624,1.3996,35.089,0.35053,0.39359,0.31194,23.005,23.627,24.049,27.619,4.7933,35.379,4.4945,6.4343,12.231,7.5702,9.7927,10.034,9.8376,28.714,28.461,28.668,28.04,28.697,29.107,30.606,24.171,28.615,27.598,28.061,28.671,191.44,163.81,170.34,140.23,151.92,129.91,135.73,174.86,112.19,106.91,118.55,114.7,22.544,18.055,11.938,16.082,13.3,13.543,28.739,14.841,43.623,41.704,46.432,31.893,25.397,16.167,28.926,27.112,7.3389,34.045,1.3778,15.082,0.091063,35.963,0.080298,27.631,24.78,0.060306,34.617,4.4896,0.21483,25.227,24.785,23.18,22.436,27.204,13.866,4.0785,7.7696,10.351,8.0033,8.2899,7.0098,8.007,37.744,8.8227,10.419,28.499,29.544,29.459,29.618,28.333,28.044,27.625,28.305,28.318,28.863,29.686,30.279,27.856,27.728,5.2449,34.374,266.69,153.11,135.92,58.83,64.074,33.785,31.781,27.502,36.462,15.535,14.161,15.589,33.958,34.388,0.84867,0.17029,0.62946,0.26343,0.47731,27.394,25.92,59.448,90.242,15.235,15.158,0.13871,21.039,0.09432,0.038683,0.19958,0.30261,32.067,38.901,31.393,57.694,15.063,15.018,0.27482,0.3115,15.128,0.12775,0.064203,15.113,14.973,14.988,15.002
52.37,27.964,28.459,27.057,1.8358,7.613,4.7025,3.4155,2.1515,20.696,19.605,23.602,0,0.12898,0.10145,3.2974,5.7412,6.8885,0.83416,1.6777,1.3952,1.2416,1.552,1.4836,44.315,47.285,5.7422,7.6156,4.4735,4.3937,4.368,29.709,26.986,29.35,30.257,4.8493,3.086,13.913,2.1809,22.04,21.658,24.984,23.895,3.3182,22.362,4.5502,20.649,4.6065,5.7597,3.7455,11.524,18.598,3.584,19.448,18.586,19.463,0.56068,0.020928,0.16076,0.17004,7.1588,1.1967,9.4349,8.3135,1.8772,8.8009,6.857,6.972,7.1099,0.53203,0.46809,0.46746,0.40714,0.56324,0.49384,0.9031,0.46908,0.61964,1.542,1.4834,1.6059,109.24,91.368,96.973,75.091,81.033,89.783,84.477,127.01,48.743,48.2,62.941,65.041,23.522,6.7718,18.403,4.6445,5.0728,5.7904,1.724,4.644,27.09,25.346,28.331,16.731,13.744,12.522,0.29194,0.76715,6.7582,1.0732,19.351,5.6655,25.01,6.0708,26.338,2.868,1.6746,26.048,5.3081,17.272,19.623,0.027059,0.048434,0.38436,0.19822,0.3456,1.2968,12.694,9.7868,4.0618,4.1802,7.5626,11.777,11.873,2.5763,5.8355,6.049,0.43373,0.59683,0.58206,0.56141,0.48758,0.49415,0.45815,0.4659,0.4645,0.52667,0.78988,0.55394,0.35978,0.45342,7.0842,2.0871,176.07,119.19,96.555,17.233,22.203,7.7335,12.362,2.9194,8.3311,3.9892,5.4748,4.7871,1.5983,4.5465,15.851,20.151,17.375,20.069,19.113,1.1242,1.1456,26.914,34.849,4.6406,4.6205,26.913,1.0495,21.625,21.809,20.134,19.437,2.1993,17.855,29.848,9.7096,4.6047,4.4646,19.308,18.971,4.5623,23.824,23.256,4.3756,4.4555,4.545,4.499
50.035,28.899,29.423,28.036,1.0324,9.288,4.6764,3.0866,1.7534,24.078,22.91,27.199,0.12898,0,0.0061931,4.7074,7.5841,8.6389,0.73258,1.4216,1.2887,1.2523,1.3557,1.3176,45.77,48.74,6.857,8.5076,5.2541,5.5983,5.552,30.605,27.931,30.349,31.475,5.4179,4.4015,16.713,3.105,25.46,25.047,28.675,27.519,4.5562,25.859,4.1677,24.027,4.5137,6.0119,3.7244,13.865,21.802,2.9969,22.744,21.809,22.759,0.7162,0.13813,0.23708,0.0072406,9.2058,0.55654,11.732,10.41,2.9903,10.874,8.6254,8.7355,8.8977,0.2804,0.23375,0.21951,0.20154,0.31268,0.21681,0.52733,0.53652,0.37483,1.3943,1.3004,1.3841,105.74,88.552,94.112,72.765,78.287,89.435,83.266,126.23,46.392,46.219,61.289,63.858,25.785,7.9858,20.976,5.8061,6.4583,7.224,1.7024,5.889,28.147,26.402,29.283,17.797,15.028,14.346,0.039013,0.76024,8.6634,0.54379,22.615,6.9856,28.725,5.5494,30.125,2.7779,1.7376,29.821,4.8414,20.217,22.925,0.038701,0.079253,0.5239,0.39397,0.19705,2.2432,15.293,11.931,5.5374,5.7775,9.4848,14.133,14.176,1.7702,7.5706,7.7066,0.19743,0.29015,0.28105,0.25032,0.26162,0.28764,0.28019,0.24196,0.23972,0.26525,0.47426,0.20166,0.16727,0.26844,9.1203,1.4881,172.18,119.43,96.293,16.334,21.332,7.9019,13.074,3.1114,8.3529,5.1279,6.8396,5.9949,1.0136,4.0561,18.836,23.496,20.44,23.414,22.382,0.976,1.1042,26.791,33.031,5.859,5.8422,30.729,1.3683,25.053,25.267,23.48,22.73,1.9737,18.506,31.991,8.1934,5.8314,5.6814,22.588,22.223,5.7807,27.457,26.843,5.5781,5.6746,5.7712,5.72
49.525,28.113,28.628,27.258,1.1759,9.2764,4.9417,3.3381,1.9552,23.68,22.497,26.786,0.10145,0.0061931,0,4.5556,7.3602,8.2303,0.8432,1.5934,1.4353,1.3794,1.5173,1.4735,44.762,47.702,6.4524,8.0586,4.9,5.2449,5.1988,29.802,27.156,29.54,30.638,5.0657,4.1434,16.298,3.097,25.131,24.723,28.261,27.092,4.5058,25.468,4.4611,23.63,4.7834,6.2706,3.9595,13.729,21.308,3.2663,22.317,21.4,22.339,0.77967,0.1303,0.26623,0.026808,8.9487,0.60129,11.349,10.011,2.8362,10.439,8.2214,8.3251,8.4849,0.36594,0.31191,0.29661,0.27283,0.40209,0.2951,0.6466,0.60287,0.47077,1.5521,1.4574,1.5501,105.03,87.819,93.348,72.052,77.617,88.276,82.277,124.91,45.922,45.673,60.543,63.009,24.994,7.5488,20.299,5.4408,6.0873,6.8265,1.5308,5.5269,27.361,25.639,28.492,17.157,14.428,13.764,0.073547,0.64245,8.3023,0.54136,22.11,6.5867,28.265,5.8963,29.7,2.9895,1.8818,29.388,5.1632,19.648,22.523,0.024075,0.086348,0.57328,0.41272,0.26177,2.1139,14.825,11.466,5.2405,5.5625,9.0772,13.629,13.656,1.9835,7.2177,7.3235,0.27051,0.38001,0.36948,0.3348,0.34281,0.37033,0.35909,0.32042,0.31795,0.3495,0.58541,0.27797,0.2322,0.34665,8.8199,1.6857,171.16,118.01,95.077,15.948,20.867,7.518,12.538,2.8601,7.9753,4.7892,6.4502,5.6254,1.1781,4.3559,18.458,23.089,20.132,22.986,21.947,1.1095,1.2307,26.142,32.596,5.4958,5.48,30.314,1.441,24.687,24.876,23.065,22.313,1.8159,17.884,31.108,8.1141,5.4701,5.3256,22.181,21.819,5.4208,26.994,26.399,5.2253,5.3193,5.4124,5.3629
72.256,30.789,31.169,29.589,9.4977,2.054,7.2966,7.802,7.1991,7.5451,6.971,9.3103,3.2974,4.7074,4.5556,0,0.3781,3.0481,4.6926,6.0819,5.0869,4.3738,5.6723,5.4627,45.393,48.521,5.4856,8.8634,5.8397,3.3508,3.4416,32.843,29.692,31.937,31.754,7.4081,0.89882,4.1561,0.86237,8.2954,8.0639,10.165,9.5203,0.44776,8.516,9.0143,7.514,7.5548,6.8105,6.4743,2.8633,6.9726,9.3384,6.94,6.3926,6.9212,3.2156,3.2787,3.4505,4.868,0.81659,8.4664,2.3531,2.4582,0.27667,3.2752,2.8898,3.0674,3.08,5.3772,5.2551,5.3374,5.0683,5.3815,5.5223,6.2702,3.6081,5.37,5.4069,5.553,5.8466,136.81,115.18,121.22,96.019,104.11,101.9,100.57,142.48,68.502,66.273,80.225,80.217,18.842,6.1277,11.345,3.91,3.0989,3.6871,6.6542,3.4188,29.225,27.366,31.089,18.024,13.588,9.2057,5.4203,5.3234,1.7828,7.97,7.4481,4.2138,10.305,11.034,11.036,6.116,4.418,10.868,10.096,7.5267,6.942,3.9203,3.7155,3.2061,2.8667,4.7187,0.50761,4.3585,4.0185,1.177,0.16208,2.7421,5.0182,5.4975,9.8759,1.7811,2.5969,5.2594,5.731,5.6918,5.7497,5.2107,5.0989,4.9214,5.1923,5.197,5.4345,5.8596,6.02,4.9811,4.9602,1.038,8.2969,207.58,129.44,108.49,28.296,33.541,12.734,15.096,7.0692,14.129,3.241,3.7186,3.8137,7.906,9.5884,4.8363,7.2594,5.5348,7.287,6.8047,5.1234,4.5764,34.997,51.395,3.5728,3.5285,11.388,2.7284,8.0421,8.1836,7.2769,6.8965,8.2128,21.404,26.345,22.62,3.4798,3.3656,6.7851,6.5865,3.4764,9.5993,9.1884,3.3418,3.3413,3.409,3.383
77.273,30.615,30.937,29.365,13.601,2.3269,10.529,11.439,10.838,4.6365,4.1435,6.0661,5.7412,7.5841,7.3602,0.3781,0,2.4434,7.7327,9.4606,8.2038,7.2861,8.9462,8.6823,44.044,47.117,5.7942,9.403,6.7221,3.6305,3.751,32.689,29.525,31.628,31.074,8.596,1.2054,2.0454,2.2117,5.4684,5.2912,6.7863,6.2107,1.2674,5.4579,12.809,4.6143,10.891,9.6341,9.6413,1.9472,4.1304,13.378,4.1,3.6914,4.0931,5.7981,5.7775,6.0793,7.8188,0.083407,12.146,1.0198,1.3806,1.0734,2.1598,2.2685,2.4407,2.4141,8.5825,8.4214,8.521,8.1803,8.5927,8.7497,9.7176,6.3216,8.5857,8.604,8.799,9.1655,143.1,120.45,126.49,100.63,109.4,102.83,103.06,143.71,73.62,70.717,83.81,82.938,16.767,6.2318,9.0472,4.2279,3.0869,3.5553,9.0331,3.6243,28.877,27.063,30.878,17.947,13.275,8.1602,8.5284,7.7857,1.05,11.4,4.498,4.2408,6.8003,15.13,7.4995,9.3356,7.2887,7.3355,14.066,4.9077,4.1397,6.5563,6.3663,5.784,5.3052,7.7367,1.5896,2.4296,2.7417,1.1803,0.15076,1.8947,3.3649,3.8901,14.119,1.3062,2.1739,8.4186,9.023,8.973,9.0375,8.371,8.2343,8.0088,8.3444,8.3497,8.6512,9.2057,9.3507,8.0621,8.0563,0.23647,12.214,213.83,129.03,109.19,31.51,36.56,14.431,15.723,8.9892,16.047,3.6431,3.7005,4.0577,11.739,13.549,2.5323,4.3849,3.2534,4.3751,3.984,8.2742,7.5617,36.595,55.82,3.814,3.7668,7.829,5.0962,5.1308,5.1813,4.3848,4.077,10.909,21.953,24.261,27.306,3.7129,3.6232,4.0042,3.8515,3.7238,6.2093,5.8997,3.626,3.5966,3.6474,3.6321
57.685,15.95,16.161,15.036,15.625,9.4066,18.344,17.827,15.754,8.2906,7.1581,10.125,6.8885,8.6389,8.2303,3.0481,2.4434,0,11.461,14.144,12.802,11.825,13.593,13.297,25.74,28.101,1.1744,2.888,2.15,0.59367,0.64378,17.459,15.171,16.634,16.138,3.3101,0.91626,3.2069,6.6895,10.984,10.819,11.163,10.032,5.8227,9.7117,20.038,8.2901,18.576,18.284,16.729,8.3429,4.7795,19.283,6.7508,6.529,6.8965,9.285,7.3684,8.4358,9.0824,2.4408,12.32,1.1733,0.42252,2.624,0.21671,0.0036761,0.00032831,0.0027383,11.155,10.874,10.899,10.566,11.265,11.052,12.677,9.564,11.439,13.33,13.38,13.83,114.44,93.643,98.764,76.09,84.4,74.355,75.687,109.64,54.974,51.51,60.838,59.141,6.7333,1.1661,2.9329,0.74301,0.26445,0.252,6.0881,0.51894,14.647,13.38,16.126,7.3504,4.4284,1.6968,9.8383,6.2198,0.33457,10.808,5.077,0.4948,10.113,23.184,11.951,15.594,12.434,11.532,21.697,2.7678,7.4215,7.6015,8.0159,8.8661,7.833,10.165,3.1533,1.5639,0.30314,0.50551,1.9322,0.091725,0.72853,0.6867,17.856,0.18093,0.027957,10.739,11.505,11.44,11.371,10.928,10.898,10.682,10.841,10.838,11.157,12.181,11.335,10.338,10.687,1.487,16.308,176.06,96.205,79.626,20.148,23.324,6.9294,6.4216,4.8426,8.1746,0.73164,0.34938,0.63435,15.066,20.55,5.2767,7.6763,8.0019,7.1782,6.3099,12.399,11.9,21.526,39.931,0.58516,0.57415,12.633,9.3953,9.74,9.2984,7.4841,6.9332,7.5722,10.317,11.521,21.282,0.55985,0.56987,7.0696,6.9005,0.57577,9.1773,9.1663,0.59764,0.56364,0.55457,0.56277
61.899,38.356,38.943,37.313,1.1722,6.8766,1.708,0.87391,0.34263,23.701,22.877,26.62,0.83416,0.73258,0.8432,4.6926,7.7327,11.461,0,0.15127,0.078284,0.085425,0.11072,0.093106,57.272,60.632,10.817,13.487,9.1574,8.6973,8.6878,40.369,37.218,39.992,41.107,9.6939,6.0024,17.652,2.0539,24.065,23.642,27.93,27.072,3.4911,25.163,1.4886,23.638,1.6102,2.6103,1.1552,11.889,23.059,1.0259,22.91,21.866,22.841,0.1396,0.59876,0.27374,0.6222,9.4201,1.7261,13.179,12.448,3.563,13.451,11.352,11.558,11.706,0.16883,0.1897,0.21525,0.19653,0.14679,0.2511,0.19207,0.086183,0.1097,0.11005,0.092822,0.12679,122.47,104.34,110.4,87.348,93.086,106.36,99.505,146.18,57.737,57.905,75.072,78.135,32.82,12.199,25.888,9.1471,9.456,10.49,4.6402,9.0292,37.376,35.331,38.79,25.032,21.324,19.381,0.62042,2.9423,10.551,2.1443,23.916,10.484,28.566,2.405,29.347,0.6576,0.24239,29.182,1.934,22.981,22.746,0.78933,0.49986,0.16804,0.34745,0.17402,2.7937,17.326,14.787,7.3644,6.2673,11.971,17.116,17.466,0.96903,9.6683,10.357,0.22581,0.22335,0.22309,0.26464,0.16083,0.13006,0.1203,0.17438,0.17684,0.18954,0.13602,0.4038,0.22375,0.13103,9.9411,0.51009,193.88,138.79,113.82,23.812,29.842,13.358,19.567,6.728,13.999,8.1521,10.125,9.3063,0.45779,1.4922,18.923,23.315,19.434,23.501,22.725,0.021764,0.042599,36.374,42.912,9.0646,9.0282,29.76,0.36066,24.156,24.643,23.405,22.784,5.108,26.274,40.5,12.686,8.9961,8.7906,22.525,22.167,8.942,27.479,26.697,8.6722,8.7728,8.9029,8.8383
65.397,43.031,43.661,41.949,1.2056,7.527,1.0602,0.31894,0.047377,26.214,25.471,29.193,1.6777,1.4216,1.5934,6.0819,9.4606,14.144,0.15127,0,0.04533,0.14386,0.0072609,0.016775,63.055,66.563,13.524,16.439,11.63,11.136,11.127,45.137,41.836,44.779,46.03,12.172,7.9437,20.29,2.74,26.215,25.77,30.5,29.713,4.3725,27.629,0.7226,26.143,0.94434,1.9761,0.66184,13.13,26.077,0.39753,25.573,24.441,25.472,0.5143,1.3421,0.83025,1.2451,11.303,2.2541,15.689,15.054,4.9852,16.246,14.009,14.248,14.407,0.45957,0.51708,0.54901,0.55707,0.41762,0.58089,0.3187,0.45244,0.3466,0.022784,0.012049,0.0023712,127.07,109.01,115.23,91.882,97.434,113.04,105.38,153.74,61.028,61.562,79.734,83.285,37.426,15.066,29.888,11.65,11.971,13.138,6.2336,11.509,42.043,39.883,43.495,28.949,25.024,22.949,1.173,4.2588,12.978,2.9063,26.989,13.148,31.374,1.3738,31.966,0.29023,0.20982,31.845,1.0276,26.405,25.282,1.5751,1.1728,0.61618,0.94876,0.56419,4.101,20.252,17.734,9.4937,7.9676,14.636,20.247,20.678,0.64408,12.066,12.915,0.57939,0.49588,0.50259,0.56509,0.47206,0.43219,0.43981,0.49949,0.5032,0.48761,0.29996,0.74912,0.61596,0.45457,12.047,0.25043,200.11,146.77,120.79,26.565,33.004,16.027,22.977,8.7152,16.647,10.52,12.737,11.827,0.36732,0.70087,21.358,25.879,21.505,26.165,25.437,0.059258,0.10764,40.422,45.989,11.552,11.51,32.325,0.67634,26.5,27.11,26.009,25.402,6.6456,30.128,45.589,13.914,11.473,11.24,25.092,24.718,11.413,30.303,29.428,11.107,11.22,11.367,11.294
65.978,41.823,42.433,40.724,1.4981,6.5012,1.059,0.45579,0.18314,24.083,23.368,26.947,1.3952,1.2887,1.4353,5.0869,8.2038,12.802,0.078284,0.04533,0,0.027683,0.016308,0.0070048,61.436,64.924,12.495,15.488,10.8,10.099,10.101,43.935,40.63,43.524,44.646,11.447,6.9201,18.432,2.0832,24.115,23.688,28.208,27.445,3.5326,25.447,0.91501,24.015,0.97884,1.8345,0.63703,11.692,23.966,0.67298,23.465,22.381,23.369,0.28273,1.0791,0.61322,1.138,9.9236,2.3977,14.099,13.551,4.1336,14.729,12.662,12.899,13.044,0.44219,0.48608,0.52392,0.50722,0.40244,0.57082,0.38559,0.26588,0.3332,0.0053776,0.011356,0.026967,128.08,109.67,115.89,92.317,98.103,112.19,105.08,152.99,61.646,61.945,79.815,83.066,35.566,13.966,27.956,10.626,10.834,11.959,5.9234,10.447,40.776,38.632,42.274,27.78,23.775,21.45,1.1204,3.9792,11.595,2.9628,24.84,12.023,29.037,1.6717,29.619,0.28254,0.08004,29.499,1.2812,24.367,23.188,1.3589,0.96249,0.38252,0.66614,0.48188,3.348,18.455,16.16,8.3647,6.8368,13.212,18.542,18.989,0.98701,10.771,11.637,0.54578,0.50841,0.51134,0.57599,0.4391,0.39079,0.38182,0.46362,0.46758,0.47411,0.33179,0.77438,0.55526,0.39953,10.643,0.48135,201.09,145.46,119.86,26.533,32.902,15.475,22.053,8.2448,16.17,9.526,11.597,10.778,0.56795,0.95052,19.435,23.759,19.593,24.032,23.336,0.025035,0.016503,39.826,46.37,10.502,10.46,29.972,0.37157,24.37,24.948,23.884,23.301,6.4446,29.173,43.723,14.398,10.421,10.196,23.005,22.647,10.365,28.005,27.166,10.072,10.175,10.317,10.247
66.526,40.965,41.559,39.852,1.7934,5.7585,1.1172,0.62377,0.35214,22.48,21.787,25.253,1.2416,1.2523,1.3794,4.3738,7.2861,11.825,0.085425,0.14386,0.027683,0,0.086486,0.062496,60.261,63.734,11.765,14.821,10.225,9.361,9.3704,43.082,39.774,42.629,43.652,10.955,6.1885,17.046,1.6325,22.534,22.122,26.478,25.733,2.9385,23.804,1.1254,22.415,1.0651,1.7817,0.67761,10.627,22.381,0.95004,21.881,20.834,21.788,0.16608,0.94032,0.50938,1.1216,8.9098,2.5788,12.923,12.445,3.5341,13.613,11.68,11.915,12.05,0.49432,0.5277,0.57025,0.53418,0.45617,0.629,0.50318,0.18476,0.38809,0.054751,0.073995,0.10929,128.98,110.29,116.51,92.757,98.727,111.64,104.94,152.52,62.221,62.338,79.977,82.994,34.192,13.181,26.522,9.8981,10.017,11.109,5.7533,9.6885,39.87,37.739,41.406,26.947,22.878,20.354,1.1466,3.8313,10.582,3.0767,23.227,11.217,27.273,1.9637,27.846,0.33758,0.040942,27.727,1.539,22.844,21.614,1.2574,0.8648,0.26473,0.51075,0.48338,2.8258,17.118,15,7.5511,6.0185,12.168,17.281,17.74,1.3196,9.8282,10.709,0.58553,0.58405,0.58405,0.65055,0.47905,0.42401,0.40204,0.50138,0.50554,0.52936,0.42193,0.86063,0.57387,0.42211,9.6105,0.72588,201.98,144.54,119.24,26.591,32.908,15.121,21.41,7.9508,15.877,8.8209,10.778,10.03,0.78973,1.206,17.996,22.166,18.16,22.429,21.757,0.062011,0.0086643,39.448,46.757,9.7536,9.7102,28.192,0.19659,22.766,23.319,22.285,21.723,6.3605,28.51,42.347,14.853,9.6699,9.4522,21.436,21.091,9.6181,26.272,25.46,9.3353,9.4304,9.5673,9.501
65.605,42.527,43.149,41.438,1.3102,7.1075,1.0505,0.36371,0.090908,25.351,24.618,28.284,1.552,1.3557,1.5173,5.6723,8.9462,13.593,0.11072,0.0072609,0.016308,0.086486,0,0.0019752,62.385,65.884,13.097,16.042,11.282,10.706,10.701,44.635,41.333,44.255,45.455,11.866,7.521,19.535,2.4665,25.366,24.927,29.573,28.795,4.0258,26.746,0.79003,25.281,0.9489,1.9108,0.64237,12.545,25.22,0.49743,24.718,23.606,24.62,0.41023,1.2244,0.73138,1.1896,10.74,2.2982,15.04,14.439,4.6323,15.625,13.456,13.694,13.847,0.44062,0.49262,0.52687,0.52504,0.39961,0.56472,0.33364,0.36623,0.32939,0.0049931,0.00085929,0.0013348,127.45,109.25,115.47,92.029,97.675,112.67,105.23,153.41,61.252,61.691,79.741,83.171,36.664,14.61,29.099,11.225,11.502,12.651,6.0946,11.069,41.515,39.362,42.986,28.463,24.507,22.333,1.1393,4.1328,12.412,2.9152,26.117,12.683,30.429,1.4839,31.017,0.27716,0.14734,30.896,1.1197,25.576,24.433,1.4759,1.0762,0.51106,0.82377,0.51921,3.7875,19.52,17.09,9.0287,7.5032,14.052,19.551,19.988,0.76978,11.534,12.39,0.55381,0.48884,0.49403,0.55731,0.44687,0.40369,0.40469,0.47311,0.47691,0.47018,0.3009,0.74689,0.57953,0.4206,11.473,0.33155,200.47,146.22,120.39,26.533,32.943,15.789,22.589,8.5115,16.439,10.108,12.266,11.392,0.43592,0.79105,20.577,25.02,20.73,25.301,24.585,0.034419,0.060171,40.162,46.119,11.117,11.075,31.374,0.54346,25.638,26.235,25.148,24.55,6.55,29.727,44.823,14.091,11.038,10.808,24.246,23.878,10.979,29.373,28.512,10.678,10.787,10.932,10.861
65.65,42.221,42.838,41.129,1.3622,6.905,1.0601,0.39715,0.11964,24.912,24.183,27.823,1.4836,1.3176,1.4735,5.4627,8.6823,13.297,0.093106,0.016775,0.0070048,0.062496,0.0019752,0,61.983,65.476,12.858,15.813,11.084,10.471,10.468,44.328,41.028,43.939,45.112,11.687,7.2966,19.144,2.3316,24.938,24.504,29.103,28.328,3.8537,26.298,0.83742,24.843,0.96535,1.8941,0.64486,12.256,24.776,0.55778,24.281,23.179,24.183,0.35942,1.1614,0.6801,1.1575,10.45,2.3141,14.701,14.115,4.4486,15.295,13.159,13.396,13.547,0.43087,0.47971,0.51494,0.50807,0.3906,0.55563,0.34232,0.32388,0.32131,0.0017957,0.00063958,0.0065488,127.55,109.29,115.5,92.029,97.721,112.4,105.07,153.14,61.307,61.697,79.673,83.04,36.238,14.356,28.671,10.991,11.247,12.386,6.0081,10.828,41.198,39.05,42.677,28.177,24.21,21.992,1.1185,4.0567,12.112,2.9109,25.665,12.427,29.946,1.5554,30.536,0.28062,0.12241,30.415,1.1809,25.138,24,1.4207,1.0242,0.45858,0.75958,0.49572,3.6241,19.135,16.746,8.7815,7.2631,13.741,19.18,19.618,0.83733,11.252,12.108,0.53997,0.48493,0.4893,0.55262,0.43388,0.3893,0.38692,0.45934,0.46317,0.46101,0.30244,0.74407,0.56001,0.40331,11.175,0.37727,200.54,145.83,120.09,26.478,32.868,15.639,22.358,8.3885,16.303,9.8813,12.009,11.153,0.47309,0.84946,20.178,24.582,20.339,24.859,24.148,0.025946,0.040695,39.98,46.134,10.878,10.836,30.893,0.48013,25.202,25.791,24.708,24.115,6.4847,29.482,44.388,14.157,10.798,10.571,23.814,23.449,10.741,28.897,28.045,10.443,10.55,10.694,10.623
27.85,2.0334,1.8829,2.2097,55.915,66.061,77.415,72.274,65.422,53.792,50.585,56.934,44.315,45.77,44.762,45.393,44.044,25.74,57.272,63.055,61.436,60.261,62.385,61.983,0,0.052116,19.862,15.428,20.998,24.417,24.24,1.7095,2.2649,1.6483,1.3372,19.846,33.657,40.628,54.912,62.527,62.401,59.002,56.072,54.29,57.157,77.216,53.862,77.23,80.061,73.443,62.763,40.53,72.167,48.997,49.383,49.638,54.306,46.235,49.789,46.892,43.759,46.604,35.332,30.977,41.341,27.574,26.323,25.75,25.846,53.216,52.544,52.327,52.021,53.647,52.237,55.997,53.792,54.411,62.38,61.957,62.682,55.19,40.374,42.518,30.176,36.993,15.642,20.56,32.771,28.196,22.906,20.009,15.623,7.8259,18.404,16.741,23.113,24.781,23.206,30.234,24.12,2.1405,2.6485,1.9256,6.6387,9.391,14.386,47.8,34.842,31.68,42.6,40.598,22.015,54.498,83.041,60.032,69.618,62.84,58.784,80.181,29.47,51.716,44.699,47.075,52.573,49.739,51.755,41.916,32.409,26.051,31.992,41.389,27.907,25.83,23.949,63.71,30.2,26.735,51.98,53.272,53.158,52.656,52.938,53.254,53.066,52.656,52.625,53,55.549,51.489,51.436,52.935,39.212,63.314,87.244,23.342,17.379,16.99,14.079,16.281,9.9199,25.084,16.326,24.964,23.15,23.203,59.582,76.991,47.833,52.001,57.062,49.918,47.502,59.497,59.687,6.3164,22.092,23.785,23.892,61.859,57.049,58.34,56.301,51.185,49.846,30.45,6.2418,3.8299,35.461,24.006,24.34,50.661,50.44,24.038,52.447,53.406,24.449,24.4,24.196,24.281
27.906,2.6453,2.477,2.8684,59.061,69.821,81.37,76.035,68.971,56.964,53.667,60.155,47.285,48.74,47.702,48.521,47.117,28.101,60.632,66.563,64.924,63.734,65.884,65.476,0.052116,0,21.936,17.236,23.097,26.72,26.532,2.2404,2.9218,2.2087,1.8949,21.85,36.356,43.465,58.329,65.97,65.847,62.265,59.257,57.703,60.412,81.102,57.038,81.169,84.124,77.291,66.39,43.271,75.871,52.026,52.443,52.69,57.617,49.27,52.938,49.894,46.809,49.471,38.046,33.539,44.32,29.993,28.709,28.111,28.21,56.414,55.724,55.496,55.189,56.859,55.397,59.258,57.072,57.65,65.888,65.446,66.185,53.976,39.395,41.408,29.506,36.276,14.295,19.418,30.627,28.391,23,19.534,15.004,9.0492,20.408,18.523,25.352,27.105,25.458,32.611,26.41,2.8099,3.3981,2.5237,7.8401,10.838,16.155,50.813,37.421,34.287,45.349,43.326,24.207,57.604,87.056,63.301,73.348,66.399,62.016,84.131,31.815,54.838,47.659,50.123,55.826,52.908,54.927,44.905,34.958,28.393,34.626,44.377,30.354,28.133,26.171,67.106,32.755,29.145,55.14,56.46,56.343,55.822,56.133,56.463,56.275,55.842,55.809,56.189,58.809,54.606,54.587,56.138,42.1,66.752,84.715,21.328,15.869,18.179,14.992,17.982,11.329,27.274,17.98,27.288,25.398,25.449,62.907,80.85,50.892,55.122,60.411,52.967,50.485,62.917,63.133,6.9225,22.663,26.059,26.17,65.178,60.471,61.65,59.537,54.278,52.906,32.781,7.312,4.6626,37.463,26.29,26.639,53.753,53.53,26.324,55.506,56.511,26.753,26.702,26.489,26.577
42.495,10.325,10.557,9.6498,12.667,14.23,19.514,17.722,14.897,15.699,14.131,18.195,5.7422,6.857,6.4524,5.4856,5.7942,1.1744,10.817,13.524,12.495,11.765,13.097,12.858,19.862,21.936,0,0.43572,0.21933,0.26339,0.23731,11.519,9.6948,11.024,11.063,0.60097,1.9465,8.2626,8.7253,19.228,18.995,19.578,18.071,8.6183,17.628,20.147,15.697,19.54,20.435,17.62,14.435,10.57,18.385,13.555,13.24,13.763,9.1396,6.3728,7.6528,7.3057,6.2309,8.999,4.659,2.9953,3.923,2.3401,1.2914,1.2061,1.2767,9.6979,9.4086,9.3719,9.1411,9.8496,9.4279,11.088,9.1161,10.111,12.979,12.888,13.283,92.907,74.439,79.085,58.932,66.084,60.211,59.981,92.241,40.125,37.295,45.878,44.935,6.0489,0.042993,4.5431,0.13305,0.43993,0.34591,2.9493,0.25482,9.4791,8.4291,10.506,3.6625,1.9493,1.4268,7.8711,3.6689,2.5618,7.4355,10.978,0.1477,18.157,23.301,20.618,15.992,12.74,20.064,21.772,6.836,14.496,6.1419,6.8435,8.5212,7.3959,8.889,4.071,5.3415,2.3942,1.7523,4.4477,1.9219,3.231,2.8385,15.58,1.849,1.1065,9.2158,9.8837,9.8256,9.6798,9.5244,9.5823,9.4355,9.4182,9.4094,9.65,10.737,9.4083,8.8993,9.4077,4.8073,14.656,149.95,81.656,65.244,11.594,14.082,2.402,2.4345,1.717,3.1584,0.29875,0.26433,0.15613,13.139,20.317,11.4,14.854,15.114,14.158,12.923,11.805,11.639,13.284,27.427,0.20961,0.22086,21.511,9.9548,17.638,17.07,14.588,13.815,3.8027,5.2497,9.4723,13.439,0.23393,0.26133,14.005,13.765,0.23285,16.891,16.894,0.26562,0.2684,0.25186,0.25752
34.815,6.8718,7.0839,6.3553,14.188,19.45,23.768,21.222,17.796,20.884,19.02,23.688,7.6156,8.5076,8.0586,8.8634,9.403,2.888,13.487,16.439,15.488,14.821,16.042,15.813,15.428,17.236,0.43572,0,0.42903,1.3568,1.2893,7.8273,6.366,7.4949,7.716,0.38899,4.1486,12.09,12.425,25.137,24.885,25.258,23.496,12.576,23.121,23.921,20.887,23.697,25.205,21.606,19.885,14.501,21.516,18.302,18.003,18.566,11.907,8.4036,9.9401,9.0097,9.9566,9.9473,7.7429,5.5167,6.6653,4.4761,3.0849,2.9304,3.0295,11.827,11.505,11.43,11.234,12.016,11.437,13.271,11.728,12.349,15.989,15.818,16.216,80.984,63.707,67.976,49.406,56.078,50.658,50.209,80.278,32.785,30.015,37.431,36.522,5.2975,0.38437,5.4842,1.0275,1.7455,1.5067,3.1822,1.352,6.278,5.4317,7.0338,1.8271,0.92742,1.6902,9.5267,4.4283,5.0346,8.1778,14.927,1.0601,23.458,27.283,26.396,19.617,16.061,25.737,25.635,9.5349,19.483,7.8915,8.8331,11.126,9.8343,11.039,6.6967,8.2647,4.3973,3.9269,7.6298,4.0004,5.3144,4.6712,17.74,4.0444,2.8636,11.261,11.938,11.879,11.676,11.666,11.778,11.656,11.539,11.526,11.747,12.969,11.244,10.96,11.607,8.111,17.1,134.33,70.897,55.347,8.039,9.8457,1.0694,0.82569,1.6563,1.5801,1.3909,1.357,1.1072,15.307,23.928,15.955,19.876,20.476,18.998,17.529,14.59,14.582,8.9079,21.507,1.2412,1.2684,27.442,13.146,23.213,22.483,19.539,18.636,3.7402,2.7229,7.6213,11.429,1.2999,1.3575,18.895,18.629,1.2947,22.002,22.084,1.3606,1.3738,1.34,1.3507
