0,0.82408,5.7679,56.866,14.951,16.546,7.7673,9.9548,10.003,9.9255,9.0748,10.555,21.059,20.97,5.3489,6.8579,4.97,5.0469,0.00026034,0.0017522,0.002051,2.992,0.27821,0.0035961,0.16288,2.9277,14.845,1.5479,5.8367,17.861,5.365,10.338,87.996,48.222,39.322,19.701,2.203,15.644,3.0224,10.483,10.783,13.149,10.168,9.8677,10.318,11.271,9.7191,11.802,11.875,11.305,10.57,5.2864,12.272,13.297,11.199,5.2075,3.5416,15.312,10.918,18.949,7.1123,3.2211,18.789,26.636,25.713,18.998,13.062,4.3307,2.5658,7.2295,6.0311,14.641,7.9448,8.4202,8.3342,4.3352,3.7856,6.7571,9.845e-05,0.00012816,79.137,68.977,55.373,20.271,21.091,22.42,7.645,11.765,6.875,6.7174,6.6893,9.8343,9.7503,10.014,9.8663,9.8972,10.504,9.287,4.8881,14.321,13.557,12.965,2.537,6.2197,1.3421,13.101,13.719,3.2124,1.9425,15.02,20.201,20.496,12.53,4.1939,0.93822,6.1745,4.9035,4.3128,5.0757,19.884,11.06,8.6875,7.4092,4.4927,6.847,3.3803,37,21.932,10.287,9.7487,20.14,21.67,25.225,16.982,17.923,17.192,11.014,15.586
0.82408,0,5.5676,70.454,22.546,18.725,6.7217,7.5779,7.5939,7.491,6.7516,7.0228,17.282,13.676,2.0166,4.5776,2.4694,3.1333,0.85022,0.81179,0.90704,5.1955,0.19671,0.88151,1.4523,1.0728,9.0949,0.11486,2.8634,11.369,3.4538,5.3688,101.07,58.045,48.265,21.428,5.6536,16.943,3.6516,8.0608,8.3491,10.341,7.7852,7.2995,7.83,8.5009,7.4782,9.1726,8.8733,8.4793,7.6006,6.9123,9.4189,11.059,7.9709,7.0601,4.4733,10.709,6.5856,11.908,8.2177,0.89609,11.75,18.166,17.368,13.284,8.2822,1.3765,0.49505,3.6525,3.2392,8.8797,4.3444,4.9798,4.0828,1.3944,1.2577,3.4921,0.84072,0.82832,91.301,81.65,69.081,28.19,30.024,30.859,12.553,12.318,12.446,5.0545,4.6906,7.4347,7.3633,7.5475,7.393,6.99,7.4445,7.0685,9.414,10.922,11.16,9.9066,4.9878,2.5195,0.086732,11.04,10.955,0.97466,0.50984,8.9277,12.985,13.104,9.0634,1.7032,0.015135,2.9867,1.9637,2.1047,2.2344,13.117,6.1443,6.5023,7.1268,4.5197,4.7407,1.1813,43.395,31.058,7.8476,7.346,16.822,14.048,16.942,12.567,11.693,12.032,7.4645,11.441
5.7679,5.5676,0,83.308,29.697,41.825,24.464,25.949,25.964,25.757,24.389,23.842,6.1048,26.315,6.9993,1.4356,2.7351,1.3381,5.8196,5.953,5.7826,2.3622,4.6824,5.5616,4.7646,2.9859,22.673,6.1399,14.89,13.133,1.2186,10.66,131.8,82.29,70.662,46.623,11.154,40.133,16.771,26.835,27.366,30.779,26.338,25.317,26.371,27.464,25.819,28.78,27.996,27.388,25.609,1.0179,29.099,32.256,26.09,1.2939,0.59442,29.495,5.5978,21.82,0.62487,4.8785,20.499,29.688,27.927,9.236,6.567,7.7024,7.2509,4.8303,2.8432,22.006,4.3499,3.5822,7.5823,6.8864,4.6035,3.9237,5.76,5.7188,121.53,106.09,79.606,40.888,36.885,43.18,8.4445,33.364,14.672,21.212,20.353,25.667,25.537,25.848,25.55,24.467,25.226,25.047,8.9655,31.4,32.385,29.845,3.1679,9.6443,6.6301,1.8919,2.631,4.2433,3.3641,13.165,24.562,20.551,3.3279,3.5702,6.135,4.1423,4.698,2.4332,3.8966,13.697,8.4408,1.2057,0.10346,0.083691,1.1775,3.6291,70.753,37.583,26.428,25.496,5.2901,21.425,26.498,5.7583,11.457,7.4935,3.4048,4.9804
56.866,70.454,83.308,0,13.809,41.1,64.98,77.329,77.642,77.896,76.868,89.2,134.43,135.29,96.196,98.59,94.522,92.202,56.625,56.752,56.286,57.657,65.093,56.737,55.127,85.268,115.44,75.628,85.511,138.34,93.015,114.22,14.413,8.8557,9.3261,45.503,36.917,47.295,51.928,77.76,77.866,81.641,77.379,79.222,78.405,81.173,76.017,79.797,83.484,81.723,83.224,68.258,82.02,76.234,85.836,66.173,69.84,100.43,116.93,134.4,76.329,86.991,135.58,151.9,151.07,139.9,123.58,90.511,81.012,104.53,98.741,115.85,106.8,107.61,108.44,91.381,89.961,102.37,56.76,56.895,13.616,6.0536,0.24373,9.9907,9.3293,8.3237,41.66,52.033,28.058,70.835,74.135,77.558,77.439,78.202,78.281,82.659,84.161,75.824,37.753,87.602,77.762,84.088,53.992,97.574,73.362,110.05,115.47,87.102,79.725,129.34,135.13,141.7,117.01,91.793,70.733,100.31,95.165,91.397,95.784,144,118.01,102.16,87.323,78.849,97.646,87.912,22.062,8.9871,77.927,77.594,130.17,144.84,151.26,130.48,138.59,134.13,114.21,126.46
14.951,22.546,29.697,13.809,0,17.763,25.109,32.71,32.896,32.973,31.922,38.926,62.728,67.245,38.046,38.615,36.177,34.647,14.83,14.926,14.637,15.451,19.3,14.84,13.839,30.654,54.114,25.672,33.917,65.47,35.147,49.896,39.297,16.267,11.94,21.931,5.6858,20.581,15.229,33.257,33.497,36.844,32.869,33.595,33.474,35.448,31.907,35.094,36.97,35.741,36.019,21.554,36.492,34.223,37.702,20.45,21.893,47.401,50.504,65.34,26.347,32.051,65.681,78.43,77.39,65.824,54.874,34.824,29.096,42.637,38.772,54.154,43.966,44.371,45.608,35.136,33.761,41.158,14.891,14.957,34.561,24.759,12.82,1.5069,0.54577,1.5988,9.1038,20.831,2.7285,27.39,29.014,32.748,32.635,33.181,33.127,35.31,36.437,31.537,6.3784,40.523,35.15,37.947,13.495,39.552,24.48,46.546,49.811,31.982,27.452,59.84,66.609,69.465,50.494,34.658,22.841,39.929,36.907,34.242,37.128,69.187,51.699,40.98,32.326,26.955,38.044,32.343,18.335,0.71125,33.216,32.711,60.003,71.654,77.08,59.467,65.289,61.864,48.595,56.762
16.546,18.725,41.825,41.1,17.763,0,5.1389,8.2058,8.3027,8.4424,8.5042,13.163,71.983,36.268,27.939,41.818,34.417,37.161,16.465,16.23,16.546,30.832,18.94,16.922,18.82,28.603,26.265,19.56,15.833,50.609,38.229,34.806,42.37,18.477,14.038,0.23153,13.935,0.23745,5.8517,8.1107,8.0117,8.4944,8.1175,9.0064,8.4421,9.0863,7.8236,8.3069,9.7576,9.2951,10.315,39.219,8.9826,6.5045,11.133,38.587,35.042,16.125,45.206,38.547,44.719,26.043,40.378,45.577,46.119,60.557,49.252,24.064,20.264,36.696,37.04,26.852,39.454,42.098,34.815,25.477,27.997,37.043,16.564,16.632,35.705,34.704,43.421,13.104,22.432,15.135,33.694,1.1292,21.099,7.7113,9.0256,8.3574,8.3551,8.5174,8.6264,10.461,10.771,7.9778,25.229,10.466,6.9487,9.5342,28.278,25.681,18.205,58.026,58.268,27.129,25.385,42.945,37.204,44.832,53.678,30.883,18.038,35.107,30.767,33.222,32.631,55.066,40.578,47.198,46.081,38.278,42.273,28.646,6.9646,23.565,8.2707,8.4167,70.997,46.464,47.26,61.361,53.712,58.776,49.411,58.971
7.7673,6.7217,24.464,64.98,25.109,5.1389,0,0.53831,0.56443,0.58516,0.511,2.0348,43.423,14.4,10.103,21.377,15.551,18.334,7.7578,7.5401,7.9029,20.373,7.9066,8.102,10.073,12.143,8.3354,6.5028,3.0331,23.928,19.142,13.58,75.921,41.008,33.529,5.6482,11.23,3.5087,1.5813,0.587,0.60998,1.1314,0.54654,0.70734,0.63407,0.91693,0.43436,0.83411,1.179,0.97196,1.133,25.65,1.0636,0.84517,1.4541,25.591,21.173,3.8439,21.581,15.584,28.989,9.8045,16.716,20.464,20.699,32.069,24.212,7.8647,6.2541,16.03,17.138,8.6249,18.029,20.175,14.077,8.8039,10.93,16.608,7.8065,7.8296,66.96,63.579,66.157,24.505,32.527,27.445,28.373,1.4755,21.05,0.26729,0.54892,0.55613,0.54607,0.61212,0.61895,1.0944,1.2549,0.41928,21.283,1.8366,0.95936,1.3234,18.97,8.3343,5.8489,34.439,33.642,10.65,10.415,18.629,14.864,19.614,29.078,13.006,6.1523,15.277,12.432,15.033,13.864,27.069,17.662,25.665,27.662,22.096,21.958,11.756,23.884,33.878,0.59351,0.5592,43.225,20.701,21.368,34.042,26.396,31.202,25.644,32.454
9.9548,7.5779,25.949,77.329,32.71,8.2058,0.53831,0,0.00032113,0.001755,0.024241,0.58635,42.099,9.978,8.9508,21.163,15.122,18.4,9.9657,9.714,10.156,23.758,9.3719,10.336,12.653,12.213,5.1423,6.8646,2.0886,20.275,19.214,11.11,87.656,50.203,42.038,8.3283,15.521,5.8679,3.5182,0.0074589,0.018817,0.22269,0.0014751,0.019444,0.0044948,0.055917,0.0056265,0.078948,0.13043,0.067205,0.12252,28.607,0.12732,0.38577,0.23491,28.728,23.549,1.5122,19.694,11.396,31.546,9.4732,12.543,15.109,15.456,29.107,21.974,7.0011,6.0952,14.725,16.482,5.4283,16.718,19.01,12.204,7.9607,10.443,15.562,10.008,10.021,77.966,75.061,78.631,32.303,41.207,35.665,33.945,3.2597,27.082,0.32798,0.34554,0.0011608,0.0018966,0.0029208,0.0057075,0.14038,0.17462,0.012686,26.506,0.45277,0.37184,0.21951,22.543,6.8622,6.3475,34.471,33.1,10.397,10.814,15.268,10.516,15.173,27.941,12.566,6.9227,14.285,11.621,14.838,13.145,23.208,15.269,25.552,29.098,23.751,21.889,11.544,30.289,42.716,0.0027602,0.0026517,42.275,16.076,16.186,32.156,22.976,28.692,24.422,30.781
10.003,7.5939,25.964,77.642,32.896,8.3027,0.56443,0.00032113,0,0.00079895,0.024752,0.56177,42.036,9.8733,8.916,21.14,15.098,18.385,10.014,9.762,10.206,23.824,9.4014,10.385,12.708,12.204,5.0696,6.8689,2.0695,20.173,19.199,11.042,87.98,50.454,42.269,8.4187,15.622,5.9473,3.5722,0.0073547,0.018784,0.21688,0.0018971,0.015524,0.0028009,0.049102,0.0086228,0.075719,0.11919,0.059222,0.11057,28.658,0.1197,0.39225,0.21795,28.784,23.588,1.4686,19.632,11.293,31.585,9.4573,12.439,14.979,15.328,29.014,21.903,6.9755,6.0877,14.681,16.452,5.3548,16.672,18.965,12.149,7.9343,10.423,15.523,10.056,10.069,78.271,75.369,78.942,32.502,41.419,35.874,34.064,3.3217,27.222,0.33989,0.35016,0.00086108,0.0017783,0.0013758,0.0038488,0.12905,0.1606,0.015695,26.622,0.43523,0.37518,0.20812,22.615,6.8227,6.356,34.445,33.06,10.382,10.814,15.177,10.412,15.06,27.891,12.544,6.9373,14.249,11.592,14.82,13.116,23.1,15.2,25.528,29.11,23.772,21.868,11.529,30.475,42.932,0.0020898,0.0021913,42.22,15.958,16.058,32.085,22.877,28.609,24.372,30.717
9.9255,7.491,25.757,77.896,32.973,8.4424,0.58516,0.001755,0.00079895,0,0.01952,0.52442,41.7,9.7189,8.7582,20.917,14.906,18.184,9.9378,9.6865,10.129,23.692,9.3016,10.305,12.623,12.043,4.955,6.759,1.9926,19.92,18.993,10.856,88.412,50.754,42.533,8.5717,15.602,6.0709,3.5769,0.012136,0.025894,0.23163,0.0051181,0.0095161,0.0038516,0.049101,0.012375,0.085224,0.11636,0.05757,0.096649,28.482,0.1256,0.42606,0.20017,28.614,23.42,1.4311,19.392,11.115,31.381,9.3086,12.249,14.79,15.131,28.715,21.646,6.8391,5.9731,14.478,16.248,5.2353,16.457,18.738,11.957,7.7895,10.263,15.319,9.9787,9.9912,78.68,75.727,79.174,32.644,41.52,36.022,33.971,3.4082,27.208,0.33196,0.33049,0.00038892,0.00093702,0.00032709,0.0011536,0.11076,0.14254,0.016085,26.56,0.4389,0.4062,0.21275,22.498,6.6802,6.255,34.164,32.774,10.228,10.671,14.958,10.248,14.849,27.618,12.37,6.8383,14.054,11.418,14.635,12.933,22.829,14.983,25.285,28.885,23.581,21.645,11.366,30.742,43.032,0.0045108,0.00079763,41.889,15.742,15.852,31.783,22.608,28.316,24.115,30.423
9.0748,6.7516,24.389,76.868,31.922,8.5042,0.511,0.024241,0.024752,0.01952,0,0.51794,40.2,9.6651,8.1058,19.778,13.961,17.1,9.0873,8.8471,9.2711,22.358,8.469,9.4381,11.662,11.155,4.8789,6.073,1.702,19.244,17.886,10.297,88.369,50.517,42.237,8.7674,14.657,6.1791,3.1751,0.058449,0.085743,0.38562,0.037607,0.021986,0.040699,0.12197,0.026768,0.18607,0.20869,0.1301,0.12759,27.011,0.24096,0.59395,0.24925,27.139,22.09,1.581,18.465,10.903,29.843,8.5548,11.974,14.732,15.015,27.689,20.702,6.2411,5.3565,13.633,15.281,5.1354,15.55,17.748,11.268,7.1459,9.4848,14.419,9.1259,9.1375,78.654,75.366,78.016,31.876,40.389,35.209,32.441,3.4363,25.987,0.20168,0.18941,0.016455,0.013263,0.02321,0.016648,0.11015,0.16551,0.0099811,25.244,0.62293,0.58315,0.35166,21.207,6.1603,5.5885,32.691,31.379,9.4313,9.8146,14.395,10.133,14.52,26.396,11.51,6.1333,13.189,10.626,13.679,12.078,22.101,14.261,24.025,27.443,22.263,20.475,10.524,30.834,41.875,0.041194,0.012606,40.348,15.421,15.679,30.547,21.811,27.238,22.986,29.193
10.555,7.0228,23.842,89.2,38.926,13.163,2.0348,0.58635,0.56177,0.52442,0.51794,0,36.214,5.7326,6.3577,17.897,12.308,15.662,10.59,10.339,10.806,24,9.191,10.929,13.313,10.197,2.2565,5.9241,1.0576,14.661,16.398,7.3124,102.4,61.255,52.074,13.32,18.245,10.164,5.4603,0.63231,0.67937,0.85397,0.61637,0.39389,0.53618,0.44753,0.69097,0.69661,0.37303,0.40626,0.18601,27.846,0.58552,1.5946,0.11988,28.165,22.621,0.46011,15.241,6.8471,30.075,7.4732,7.7835,9.7536,10.022,23.032,17.045,4.9444,4.7972,11.249,13.323,2.4516,13.011,15.169,8.6321,5.7621,8.1708,12.19,10.616,10.614,91.912,88.343,90.169,39.781,48.401,43.475,36.038,6.5896,30.841,1.0599,0.7285,0.54458,0.54435,0.50759,0.47871,0.15508,0.12726,0.64928,28.972,0.63653,1.4635,0.56708,23.161,4.3769,5.6384,30.278,28.515,8.3339,9.2949,10.413,6.137,9.9035,23.288,10.052,6.3921,11.105,8.9202,12.261,10.324,17.167,10.967,21.966,26.662,22.025,18.68,9.3608,39.27,49.997,0.57937,0.52871,36.678,10.616,10.615,26.577,17.199,22.954,20.011,25.474
21.059,17.282,6.1048,134.43,62.728,71.983,43.423,42.099,42.036,41.7,40.2,36.214,0,26.945,12.291,4.0738,7.019,5.7213,21.189,21.336,21.225,16.012,17.497,20.814,20.136,9.8798,27.625,16.678,25.548,8.7478,5.3265,12.201,193.11,131.62,116.68,77.03,33.135,68.227,36.815,43.133,43.792,47.208,42.589,40.779,42.361,43.044,42.277,45.111,43.119,42.799,40.097,11.318,44.935,50.545,40.026,12.223,10.508,40.541,4.6623,21.316,8.5851,11.961,19.256,26.767,24.693,3.0149,4.0895,14.764,16.718,7.101,6.0018,26.643,5.8152,4.5371,9.7101,13.448,10.789,6.4702,21.075,20.986,180.32,162.42,129.53,78.245,72.959,81.55,27.802,58.287,39.675,37.669,35.684,41.673,41.536,41.737,41.331,38.766,39.351,41.328,29.739,46.43,50.31,45.352,18.061,15.417,17.928,1.2228,0.79171,11.08,11.878,11.323,24.701,17.627,1.4468,8.9012,17.964,7.3376,9.5,7.4627,8.2512,7.8914,8.1977,2.6967,5.0803,7.4597,3.9663,10.035,113.8,73.907,42.562,41.443,0.065391,17.9,22.77,0.90518,6.4255,2.2957,2.3965,1.0022
20.97,13.676,26.315,135.29,67.245,36.268,14.4,9.978,9.8733,9.7189,9.6651,5.7326,26.945,0,6.4985,16.466,12.083,15.831,21.082,20.821,21.386,33.833,17.128,21.342,24.042,12.419,0.82886,11.305,5.7095,5.3216,16.347,3.5577,156.42,103.88,91.57,36.384,35.451,31.137,19.596,10.118,10.263,10.239,10.087,9.1297,9.7396,9.1696,10.403,10.099,8.6041,8.9633,7.9223,34.673,9.4695,12.782,7.2738,35.62,28.766,4.551,9.8337,0.33681,34.74,9.5945,0.67986,0.53212,0.61677,12.632,10.157,6.7126,8.9743,8.8273,12.037,0.76446,9.9281,11.761,5.7342,7.1346,9.4622,10.158,21.059,21.012,143.41,138.13,135.36,71.755,79.886,76.543,51.912,24.611,51.615,11.081,9.6635,9.8083,9.8092,9.6416,9.5214,7.7732,7.5235,10.231,45.783,8.5795,12.272,9.0763,34.127,4.7081,11.726,26.303,23.221,10.304,13.046,3.3344,0.05069,1.257,17.584,10.675,13.085,9.6361,8.8771,12.793,9.9732,6.5369,5.8049,19.663,28.183,25.643,17.463,11.005,75.007,81.786,9.9244,9.7425,28.363,1.3634,0.84573,17.973,7.4789,13.674,14.965,17.719
5.3489,2.0166,6.9993,96.196,38.046,27.939,10.103,8.9508,8.916,8.7582,8.1058,6.3577,12.291,6.4985,0,3.0745,1.0989,2.3975,5.4194,5.3423,5.5497,10.798,3.2307,5.454,6.4805,0.95135,4.4798,1.2367,2.4038,3.9227,2.6598,0.81728,128.53,79.461,68.034,30.226,14.394,24.784,9.0201,9.4186,9.7237,11.325,9.1744,8.3213,9.0516,9.3377,9.0608,10.322,9.3683,9.2213,7.9883,11.175,10.225,13.048,7.9676,11.697,7.9258,8.6331,2.1529,4.7434,11.421,0.32542,4.4248,8.9771,8.2419,6.2457,3.0436,0.14475,0.71522,0.71503,1.3168,4.1838,1.205,1.8951,0.41,0.066351,0.27776,0.94092,5.3882,5.3521,117.25,107.58,94.685,44.981,47.592,48.417,22.236,18.681,24.065,7.2403,6.2777,8.7522,8.6924,8.7698,8.584,7.4016,7.6583,8.6355,19.011,10.981,12.902,10.427,11.123,0.22508,1.5613,9.0375,7.9611,0.44099,1.186,2.4584,5.7798,5.0396,5.3259,0.57385,1.9535,0.65918,0.24903,1.2037,0.52391,5.071,1.2557,4.8458,8.2243,6.4687,3.4525,0.59317,59.85,48.882,9.1519,8.647,12.504,5.6109,7.7706,7.1847,4.3774,5.7975,3.8336,6.5347
6.8579,4.5776,1.4356,98.59,38.615,41.818,21.377,21.163,21.14,20.917,19.778,17.897,4.0738,16.466,3.0745,0,0.52168,0.14205,6.9369,6.9964,6.9804,6.2837,4.7499,6.7561,6.6607,1.3031,14.542,4.3473,10.339,5.8843,0.091587,4.716,143.78,91.324,78.912,45.757,15.326,39.052,16.397,21.934,22.414,25.162,21.517,20.354,21.425,22.115,21.201,23.504,22.344,21.98,20.163,4.7034,23.542,27.212,20.316,5.2334,3.1404,21.964,1.365,12.685,3.9387,2.3181,11.54,18.589,17.124,3.7992,1.9053,4.0315,4.5799,1.1826,0.37824,13.93,0.85031,0.4864,2.773,3.3569,1.8942,0.76422,6.8736,6.8218,132.48,118.53,95.383,49.363,47.46,52.338,15.817,31.706,21.891,17.619,16.429,20.874,20.768,20.965,20.68,19.176,19.705,20.511,15.327,25.065,27.146,24.002,7.2352,4.9542,4.9736,1.624,1.3916,1.8953,2.0486,6.0258,14.966,11.364,0.85197,1.1281,4.9427,0.96708,1.5843,0.56285,1.0628,6.2947,3.0117,0.20866,1.659,1.6231,0.01499,1.4512,75.187,48.44,21.536,20.712,3.8654,11.971,15.919,2.3011,4.8245,2.7983,0.57805,1.7972
4.97,2.4694,2.7351,94.522,36.177,34.417,15.551,15.122,15.098,14.906,13.961,12.308,7.019,12.083,1.0989,0.52168,0,0.25967,5.0417,5.0481,5.1148,6.7931,2.9853,4.9497,5.2789,0.2907,9.9011,2.0885,6.2214,4.8329,0.34343,2.6165,134.25,83.713,71.849,37.709,13.316,31.608,12.012,15.768,16.175,18.482,15.42,14.416,15.33,15.886,15.171,17.081,16.062,15.767,14.221,6.1359,17.092,20.311,14.336,6.6309,3.9455,15.755,1.1922,9.138,5.8797,0.66597,8.3487,14.525,13.356,4.5346,1.9462,1.6531,2.0866,0.36314,0.053072,9.4262,0.38791,0.45488,1.2331,1.2332,0.43254,0.17796,4.9935,4.9503,123.09,110.91,92.028,45.239,45.135,48.339,16.765,24.902,20.919,12.266,11.221,14.875,14.787,14.943,14.702,13.397,13.831,14.592,15.152,18.362,20.233,17.47,7.44,2.3186,2.5599,3.9816,3.4852,0.46254,0.75693,4.2272,10.908,8.5622,2.143,0.11822,2.6642,0.16143,0.3017,0.027334,0.10892,5.5995,1.8266,1.3892,3.401,2.5816,0.66835,0.26949,66.564,46.221,15.429,14.737,6.9272,9.1863,12.458,3.9021,4.3878,3.6934,1.3565,3.2972
5.0469,3.1333,1.3381,92.202,34.647,37.161,18.334,18.4,18.385,18.184,17.1,15.662,5.7213,15.831,2.3975,0.14205,0.25967,0,5.1153,5.1623,5.1565,5.1546,3.2496,4.9663,4.9445,0.63949,13.357,3.0076,8.6034,6.5123,0.0088437,4.4457,135.1,84.415,72.496,40.938,12.719,34.624,13.525,19.128,19.578,22.235,18.73,17.69,18.669,19.379,18.404,20.641,19.649,19.266,17.611,4.1498,20.73,24.025,17.82,4.6002,2.5024,19.754,1.776,12.353,3.7592,1.5013,11.366,18.429,17.061,5.0059,2.5379,3.0678,3.3155,1.0914,0.28626,12.809,0.92523,0.70869,2.5502,2.5032,1.2198,0.68912,5.0614,5.0169,124.12,110.81,89.28,44.55,43.164,47.434,14.12,27.774,19.149,14.961,13.931,18.136,18.034,18.235,17.972,16.68,17.209,17.757,13.236,22.294,23.998,21.211,5.9001,4.0862,3.5146,2.5244,2.3726,1.152,1.141,6.2071,14.455,11.464,1.6728,0.64511,3.4503,0.77213,1.1062,0.2121,0.7038,7.1594,3.1349,0.6183,1.7824,1.3091,0.16674,0.80908,68.794,44.138,18.761,17.986,5.4354,12.143,15.976,3.5281,5.6532,3.9199,1.193,2.9026
0.00026034,0.85022,5.8196,56.625,14.83,16.465,7.7578,9.9657,10.014,9.9378,9.0873,10.59,21.189,21.082,5.4194,6.9369,5.0417,5.1153,0,0.0016109,0.0011628,2.9941,0.29528,0.0037994,0.16055,2.9831,14.929,1.5829,5.8783,17.996,5.4348,10.435,87.705,48.007,39.129,19.621,2.157,15.577,2.9995,10.494,10.792,13.161,10.178,9.883,10.33,11.287,9.7279,11.813,11.894,11.321,10.593,5.3082,12.287,13.296,11.225,5.225,3.5686,15.359,11.025,19.067,7.1484,3.2778,18.91,26.773,25.85,19.138,13.178,4.3904,2.6092,7.3165,6.1099,14.726,8.036,8.5132,8.425,4.3974,3.8478,6.8412,0.00015848,0.00049169,78.864,68.714,55.137,20.126,20.948,22.267,7.6054,11.718,6.8037,6.7234,6.7026,9.8461,9.7621,10.026,9.8795,9.92,10.529,9.2965,4.8432,14.342,13.559,12.982,2.5316,6.2895,1.3724,13.195,13.823,3.2699,1.9877,15.14,20.316,20.627,12.638,4.2603,0.96425,6.2549,4.9747,4.3794,5.1487,20.027,11.166,8.7718,7.467,4.5369,6.9244,3.4398,36.834,21.787,10.298,9.7608,20.264,21.806,25.365,17.109,18.06,17.324,11.117,15.707
0.0017522,0.81179,5.953,56.752,14.926,16.23,7.5401,9.714,9.762,9.6865,8.8471,10.339,21.336,20.821,5.3423,6.9964,5.0481,5.1623,0.0016109,0,0.0051558,3.1333,0.28636,0.010096,0.19425,2.9779,14.683,1.5264,5.7066,17.905,5.4882,10.323,87.566,47.9,39.031,19.348,2.1998,15.325,2.8797,10.235,10.53,12.871,9.9239,9.6328,10.074,11.019,9.4791,11.539,11.619,11.054,10.335,5.4807,12.008,13.007,10.961,5.3999,3.699,15.06,11.015,18.849,7.3355,3.234,18.709,26.505,25.598,19.146,13.17,4.3011,2.5303,7.2895,6.1203,14.486,8.0254,8.5258,8.352,4.3203,3.8093,6.8308,0.0023149,0.002828,78.715,68.657,55.3,20.149,21.074,22.306,7.8138,11.483,6.9334,6.5169,6.4969,9.5959,9.513,9.774,9.6291,9.6712,10.273,9.0534,4.9917,14.041,13.266,12.695,2.6609,6.1747,1.3119,13.345,13.948,3.238,1.9769,15.022,20.071,20.439,12.713,4.2438,0.91602,6.2356,4.9373,4.3903,5.1285,19.949,11.098,8.8641,7.6199,4.6583,6.9933,3.4205,36.617,21.921,10.042,9.5118,20.425,21.614,25.129,17.181,18.003,17.349,11.166,15.779
0.002051,0.90704,5.7826,56.286,14.637,16.546,7.9029,10.156,10.206,10.129,9.2711,10.806,21.225,21.386,5.5497,6.9804,5.1148,5.1565,0.0011628,0.0051558,0,2.9013,0.32195,0.0021639,0.13706,3.0473,15.191,1.6615,6.0447,18.202,5.4729,10.618,87.501,47.86,38.997,19.73,2.0815,15.686,3.062,10.688,10.989,13.378,10.37,10.077,10.525,11.493,9.9139,12.019,12.108,11.529,10.799,5.2127,12.501,13.501,11.44,5.1234,3.508,15.621,11.146,19.344,7.0576,3.3703,19.18,27.105,26.172,19.281,13.308,4.518,2.7124,7.4288,6.1875,14.986,8.1412,8.6041,8.5738,4.519,3.9423,6.939,0.0012741,0.0017985,78.685,68.48,54.779,19.96,20.712,22.084,7.4206,11.836,6.6408,6.877,6.8633,10.036,9.9515,10.219,10.072,10.121,10.736,9.4794,4.6946,14.578,13.769,13.204,2.4379,6.4455,1.4491,13.192,13.847,3.355,2.0451,15.35,20.61,20.899,12.701,4.3437,1.0278,6.3551,5.0778,4.4438,5.2416,20.234,11.327,8.798,7.4228,4.5005,6.9597,3.5182,36.814,21.543,10.492,9.9506,20.283,22.084,25.678,17.194,18.245,17.447,11.194,15.786
2.992,5.1955,2.3622,57.657,15.451,30.832,20.373,23.758,23.824,23.692,22.358,24,16.012,33.833,10.798,6.2837,6.7931,5.1546,2.9941,3.1333,2.9013,0,3.495,2.7885,1.7965,5.4695,27.431,6.5801,15.765,23.017,5.1784,16.95,100.98,58.797,49.183,35.645,4.029,30.504,11.57,24.581,25.048,28.58,24.095,23.547,24.299,25.698,23.422,26.575,26.543,25.727,24.479,0.5947,27.225,28.9,25.332,0.46851,0.59764,30.694,12.979,29.85,1.5944,7.4155,28.914,39.445,37.806,19.829,14.899,10.453,8.4576,10.289,7.5841,26.932,10.238,9.6858,13.334,9.8946,7.6749,9.1379,2.966,2.9542,92.325,78.018,54.542,24.274,20.614,25.868,2.2218,25.635,5.2803,18.629,18.467,23.558,23.428,23.822,23.583,23.415,24.314,22.736,2.1248,30.124,29.272,28.21,0.074776,13.31,6.6155,8.3998,9.9783,6.8806,4.8637,21.589,32.312,29.962,10.924,7.077,5.7352,8.9919,8.6267,6.0066,8.0277,24.412,15.648,6.6234,3.0825,1.7073,5.8905,6.4793,51.653,21.12,24.266,23.42,14.588,31.224,36.616,15.216,21.594,17.372,10.571,13.893
0.27821,0.19671,4.6824,65.093,19.3,18.94,7.9066,9.3719,9.4014,9.3016,8.469,9.191,17.497,17.128,3.2307,4.7499,2.9853,3.2496,0.29528,0.28636,0.32195,3.495,0,0.2935,0.58984,1.4367,11.963,0.60261,4.4433,13.682,3.5367,7.2975,97.242,55.113,45.569,21.989,4.0383,17.537,3.7888,9.9036,10.214,12.469,9.5949,9.1483,9.6834,10.505,9.2124,11.164,10.986,10.502,9.6185,5.2311,11.511,13.002,10.106,5.2924,3.2336,13.474,7.7839,15.052,6.6317,1.6108,14.808,22.033,21.111,14.841,9.6159,2.5294,1.3061,4.6904,3.8296,11.719,5.3061,5.7707,5.5764,2.4804,2.0114,4.3433,0.28605,0.27679,87.819,77.528,63.499,25.214,26.191,27.636,9.6155,13.07,9.6937,6.384,6.1256,9.228,9.1471,9.374,9.212,8.9424,9.4838,8.7666,6.907,13.303,13.172,12.104,3.2573,4.0465,0.53748,10.678,10.951,1.6001,0.76443,11.254,16.325,16.215,9.5469,2.3326,0.29428,3.8585,2.8467,2.5015,2.9969,15.46,7.8304,6.4761,6.1694,3.6215,4.8086,1.73,42.141,27.119,9.6833,9.1346,16.817,17.252,20.585,13.372,13.749,13.319,8.1058,12.158
0.0035961,0.88151,5.5616,56.737,14.84,16.922,8.102,10.336,10.385,10.305,9.4381,10.929,20.814,21.342,5.454,6.7561,4.9497,4.9663,0.0037994,0.010096,0.0021639,2.7885,0.2935,0,0.11878,2.9284,15.201,1.6303,6.0904,17.971,5.2745,10.49,88.278,48.438,39.519,20.135,2.1555,16.043,3.2133,10.874,11.179,13.587,10.553,10.245,10.705,11.675,10.096,12.216,12.287,11.708,10.958,5.0286,12.694,13.738,11.595,4.9471,3.3456,15.756,10.914,19.254,6.8291,3.2795,19.068,27.012,26.064,18.959,13.052,4.4566,2.6799,7.2556,6.003,14.987,7.9453,8.3854,8.4284,4.4422,3.8347,6.759,0.0027446,0.0024337,79.431,69.129,55.189,20.276,20.941,22.404,7.3475,12.135,6.703,7.0316,7.0006,10.213,10.127,10.395,10.245,10.271,10.889,9.6553,4.6817,14.774,14.002,13.397,2.3501,6.3816,1.4318,12.859,13.514,3.2527,1.954,15.176,20.547,20.755,12.4,4.2091,1.0104,6.1906,4.9489,4.2868,5.0948,19.974,11.143,8.5353,7.1724,4.3062,6.7316,3.4014,37.37,21.77,10.674,10.125,19.876,21.933,25.552,16.85,17.982,17.128,10.922,15.455
0.16288,1.4523,4.7646,55.127,13.839,18.82,10.073,12.653,12.708,12.623,11.662,13.313,20.136,24.042,6.4805,6.6607,5.2789,4.9445,0.16055,0.19425,0.13706,1.7965,0.58984,0.11878,0,3.3069,17.685,2.3784,7.8257,19.295,5.2032,11.89,88.761,48.876,39.934,22.359,1.8314,18.133,4.3222,13.246,13.58,16.223,12.891,12.563,13.064,14.139,12.381,14.723,14.818,14.178,13.357,3.8161,15.256,16.34,14.061,3.7017,2.5013,18.582,11.485,21.599,5.5358,3.9856,21.283,29.832,28.751,19.476,13.634,5.554,3.6417,7.9097,6.3192,17.423,8.4739,8.7248,9.4808,5.444,4.5121,7.2654,0.15586,0.15493,80.048,68.997,53.295,19.824,19.63,21.803,5.6522,14.141,5.5744,8.9543,8.9379,12.519,12.424,12.723,12.558,12.599,13.282,11.896,3.4727,17.537,16.641,16.03,1.4195,7.7227,2.2007,12.05,12.942,3.8614,2.3494,16.692,23.113,22.898,12.262,4.7143,1.6632,6.7615,5.6439,4.5623,5.6501,21.224,12.2,8.1805,6.2305,3.5878,6.5532,3.9107,38.865,20.381,13.027,12.423,19.063,24.116,28.115,16.79,19.03,17.475,10.988,15.378
2.9277,1.0728,2.9859,85.268,30.654,28.603,12.143,12.213,12.204,12.043,11.155,10.197,9.8798,12.419,0.95135,1.3031,0.2907,0.63949,2.9831,2.9779,3.0473,5.4695,1.4367,2.9284,3.3069,0,9.3677,0.89104,4.687,6.6896,0.79852,3.1643,122.13,74.203,63.063,31.738,9.9752,26.181,8.6396,12.81,13.18,15.412,12.483,11.657,12.443,13.054,12.206,14.073,13.309,12.97,11.647,5.6079,14.174,16.848,11.86,5.977,3.3853,13.793,2.5386,9.8317,5.8846,0.23117,9.2434,15.593,14.534,7.044,3.6233,1.0994,1.054,0.98795,0.59188,8.9763,1.2269,1.4642,1.7634,0.81809,0.20108,0.78955,2.9478,2.9153,111.47,100.06,83.123,38.605,39.05,41.532,14.425,20.189,17.176,9.4146,8.6097,12.001,11.917,12.088,11.875,10.887,11.337,11.679,12.352,15.555,16.838,14.601,5.8274,1.9675,1.1913,5.7049,5.3874,0.11171,0.10969,5.4719,11.393,9.8442,3.9175,0.12641,1.217,0.61202,0.36481,0.17331,0.31307,7.7876,2.8697,2.5011,3.9421,2.532,1.4432,0.043421,58.083,40.106,12.513,11.879,9.6396,10.586,13.782,6.2966,6.4719,6.0344,2.8777,5.5075
14.845,9.0949,22.673,115.44,54.114,26.265,8.3354,5.1423,5.0696,4.955,4.8789,2.2565,27.625,0.82886,4.4798,14.542,9.9011,13.357,14.929,14.683,15.191,27.431,11.963,15.201,17.685,9.3677,0,7.2617,2.3508,6.8783,13.932,3.115,134.57,86.158,74.975,26.535,26.65,21.992,12.521,5.2714,5.3927,5.5416,5.2314,4.5327,4.9902,4.6401,5.4375,5.3399,4.2812,4.4961,3.7239,29.271,4.9223,7.4145,3.3152,29.976,23.769,1.8596,9.6392,1.2976,30.09,6.7192,1.8013,2.6812,2.7761,14.231,10.506,4.1319,5.4597,7.5825,10.236,0.0095882,8.8704,10.741,4.8319,4.6573,6.8766,8.7086,14.922,14.891,122.54,117.56,115.71,57.529,65.472,61.854,43.014,16.504,41.175,5.849,4.8325,5.0145,5.0112,4.9042,4.811,3.5871,3.446,5.2937,36.75,4.4605,7.0576,4.6958,27.338,2.7538,7.4342,25.002,22.501,7.4425,9.446,4.1503,0.95125,2.9094,17.197,8.2596,8.5238,8.0095,6.7844,10.313,7.933,8.5312,5.7279,17.946,24.826,21.618,15.426,8.2198,60.238,67.228,5.121,4.9633,28.639,3.2534,3.0849,18.674,9.0563,14.794,14.425,18.104
1.5479,0.11486,6.1399,75.628,25.672,19.56,6.5028,6.8646,6.8689,6.759,6.073,5.9241,16.678,11.305,1.2367,4.3473,2.0885,3.0076,1.5829,1.5264,1.6615,6.5801,0.60261,1.6303,2.3784,0.89104,7.2617,0,2.0666,9.5138,3.3381,3.9905,105.69,61.621,51.561,22.057,7.3155,17.458,4.1347,7.3226,7.6019,9.4281,7.066,6.5244,7.0729,7.633,6.8147,8.3423,7.9185,7.5926,6.6804,8.1518,8.5059,10.337,6.955,8.3789,5.4198,9.1817,5.5683,9.6844,9.3045,0.50125,9.5514,15.392,14.66,11.831,7.1186,0.70538,0.13437,2.8634,2.7667,7.0519,3.5712,4.2937,3.0015,0.7455,0.80272,2.8313,1.571,1.5547,95.599,86.252,74.347,31.317,33.64,34.183,14.942,12.608,14.943,4.6454,4.1704,6.716,6.6505,6.8034,6.6493,6.1035,6.4964,6.4205,11.589,9.7948,10.379,8.9142,6.4408,1.562,0.0253,11.014,10.658,0.62625,0.46119,7.1652,10.664,10.805,8.458,1.2926,0.082689,2.3388,1.3726,1.8282,1.7012,11.187,4.8478,6.3513,7.6998,5.1506,4.5822,0.86404,45.667,34.751,7.1074,6.6279,16.392,11.667,14.277,11.641,9.974,10.79,6.7945,10.606
5.8367,2.8634,14.89,85.511,33.917,15.833,3.0331,2.0886,2.0695,1.9926,1.702,1.0576,25.548,5.7095,2.4038,10.339,6.2214,8.6034,5.8783,5.7066,6.0447,15.765,4.4433,6.0904,7.8257,4.687,2.3508,2.0666,0,9.9229,9.1544,3.7826,106.31,63.031,53.232,16.952,13.288,13.03,4.2138,2.3122,2.463,3.3026,2.1957,1.7817,2.1297,2.2694,2.1557,2.7637,2.3032,2.215,1.6424,18.427,2.7236,4.2596,1.6692,18.76,14.175,2.5375,8.9569,5.6326,20.036,2.9176,6.0795,9.4731,9.3139,15.711,10.536,1.4871,1.3616,5.7395,7.0113,2.3578,7.0127,8.5522,4.2201,1.9518,3.3841,6.3112,5.8844,5.8731,95.782,89.69,85.479,37.046,43.029,40.488,26.779,8.689,24.126,1.5031,1.0238,1.9924,1.9653,1.9961,1.9081,1.3766,1.5042,1.958,21.321,3.2084,4.1692,2.8506,15.307,1.3896,1.9668,20.156,18.865,3.4625,4.1045,6.6427,5.6538,7.7162,14.853,4.6369,2.4828,5.5165,3.9505,6.1482,4.8856,11.98,6.1686,13.485,17.112,13.508,10.913,4.1374,42.971,44.45,2.1809,1.9427,25.78,8.4412,9.4747,17.862,11.573,15.327,12.295,16.856
17.861,11.369,13.133,138.34,65.47,50.609,23.928,20.275,20.173,19.92,19.244,14.661,8.7478,5.3216,3.9227,5.8843,4.8329,6.5123,17.996,17.905,18.202,23.017,13.682,17.971,19.295,6.6896,6.8783,9.5138,9.9229,0,6.6013,1.4759,176.85,118.42,104.42,52.81,32.569,45.67,24.44,20.812,21.192,22.592,20.56,19.106,20.214,20.087,20.654,21.624,19.703,19.834,17.937,20.957,21.092,25.803,17.427,22.001,17.087,15.516,1.586,2.984,19.438,5.9285,2.1982,4.9113,4.0464,1.5803,1.2574,5.3946,7.9681,2.5901,4.1798,6.3766,2.5567,3.0098,1.8293,5.0061,5.2029,3.1596,17.925,17.851,163.48,152.52,136.13,75.323,77.67,79.683,39.537,37.153,45.304,19.146,17.287,19.973,19.915,19.88,19.622,17.265,17.329,20.128,37.003,21.042,25.34,20.974,24.264,4.2539,10.416,9.8696,7.6706,5.9357,8.1797,0.3644,4.3336,1.5555,4.6282,4.9771,11.325,3.3311,4.0738,5.5687,4.1183,0.099117,0.8123,6.9799,13.598,13.531,6.4522,5.8356,92.974,79.222,20.432,19.828,9.7671,1.6215,3.2953,4.0895,0.18651,2.0809,3.6448,4.1408
5.365,3.4538,1.2186,93.015,35.147,38.229,19.142,19.214,19.199,18.993,17.886,16.398,5.3265,16.347,2.6598,0.091587,0.34343,0.0088437,5.4348,5.4882,5.4729,5.1784,3.5367,5.2745,5.2032,0.79852,13.932,3.3381,9.1544,6.6013,0,4.6979,136.62,85.635,73.63,42.085,13.095,35.684,14.17,19.958,20.418,23.127,19.552,18.488,19.489,20.212,19.22,21.502,20.486,20.097,18.403,4.0424,21.591,24.955,18.613,4.5011,2.4666,20.555,1.784,12.762,3.5762,1.7372,11.729,18.884,17.479,4.8715,2.5104,3.3894,3.6666,1.197,0.33935,13.366,0.98333,0.71248,2.74,2.7914,1.4273,0.76902,5.3787,5.3329,125.61,112.08,90,45.278,43.672,48.154,14.13,28.737,19.423,15.697,14.642,18.945,18.841,19.046,18.777,17.451,17.991,18.559,13.388,23.18,24.928,22.08,5.9682,4.4296,3.8684,2.2351,2.1067,1.3603,1.3438,6.4013,14.929,11.769,1.5015,0.79351,3.7916,0.88225,1.2834,0.30242,0.83911,7.1969,3.2672,0.48236,1.6032,1.2383,0.10171,0.98489,70.091,44.634,19.583,18.791,5.0327,12.443,16.354,3.3005,5.6653,3.7735,1.0881,2.6928
10.338,5.3688,10.66,114.22,49.896,34.806,13.58,11.11,11.042,10.856,10.297,7.3124,12.201,3.5577,0.81728,4.716,2.6165,4.4457,10.435,10.323,10.618,16.95,7.2975,10.49,11.89,3.1643,3.115,3.9905,3.7826,1.4759,4.6979,0,146.56,94.036,81.672,36.7,22.036,30.77,14.047,11.543,11.844,13.109,11.332,10.278,11.104,11.119,11.355,12.263,10.921,10.945,9.5413,16.659,11.943,15.426,9.2646,17.413,12.771,8.5684,1.7954,1.9778,16.335,2.1255,1.628,4.8228,4.1864,4.4144,2.2169,1.3801,2.8497,1.1781,2.5231,2.7951,1.6111,2.4218,0.26232,1.2913,1.8559,1.6959,10.393,10.344,134.34,125.02,112.77,57.315,60.778,61.262,31.067,23.857,33.743,10.053,8.7388,10.884,10.835,10.837,10.64,9.0023,9.1144,10.942,27.562,12.173,15.122,11.946,17.552,0.73422,4.5082,10.728,8.9692,2.3083,3.8498,0.4832,2.8866,1.8514,5.7019,2.1472,5.2221,1.5124,1.3962,3.0168,1.7394,2.3143,0.40669,6.5213,11.761,10.39,5.2568,2.476,71.072,62.251,11.254,10.773,12.864,2.1894,3.7478,6.5783,2.1363,4.5087,4.1751,6.21
87.996,101.07,131.8,14.413,39.297,42.37,75.921,87.656,87.98,88.412,88.369,102.4,193.11,156.42,128.53,143.78,134.25,135.1,87.705,87.566,87.501,100.98,97.242,88.278,88.761,122.13,134.57,105.69,106.31,176.85,136.62,146.56,0,5.9405,9.6763,43.514,66.344,48.687,69.858,87.447,87.164,88.747,87.414,90.182,88.491,90.66,86.353,88.197,92.783,91.316,94.32,116.72,90.369,81.936,96.832,114.36,115.25,110.76,159.25,159.86,127.71,120.64,162.93,175.19,175.89,187.6,167.22,120.55,110.08,143.1,139.63,135.72,147.29,150.32,143.46,122.77,124.7,142.07,87.924,88.11,0.28591,1.9483,18.399,26.382,34.88,25.169,86.227,57.13,62.151,84.535,88.742,88.118,88.09,88.671,88.985,94.599,95.654,86.74,76.501,94.823,83.466,92.081,95.596,126.54,102.53,164.92,169.21,121.88,114.93,163.72,157.95,171.27,166.77,128.92,100.49,138.81,131.02,130.94,133.35,184.52,155.18,150.81,138.2,125.43,143.47,124.01,15.143,35.023,87.933,88.287,189.29,174.59,177.68,182.26,180.27,182.46,161.27,177.6
48.222,58.045,82.29,8.8557,16.267,18.477,41.008,50.203,50.454,50.754,50.517,61.255,131.62,103.88,79.461,91.324,83.713,84.415,48.007,47.9,47.86,58.797,55.113,48.438,48.876,74.203,86.158,61.621,63.031,118.42,85.635,94.036,5.9405,0,0.45357,20.09,32.853,22.885,35.43,50.176,50.04,51.788,50.075,52.049,50.908,52.743,49.183,51.052,54.46,53.236,55.28,71.079,52.773,46.792,57.291,69.316,69.472,68.607,103.72,105.97,79.694,73.123,108.22,119.23,119.53,126.8,110.17,73.281,65.101,90.798,87.972,86.963,94.102,96.5,91.279,74.94,76.282,89.93,48.17,48.307,3.8261,2.5377,11.463,8.0035,14.647,7.6895,49.208,28.138,31.098,47.117,50.219,50.515,50.474,50.967,51.163,55.323,56.251,49.364,41.213,56.568,47.986,54.208,54.685,78.168,59.225,108.71,112,74.056,68.619,107.93,104.84,114.84,109.81,79.538,57.627,87.357,81.247,81.097,83.038,124.63,100.66,97.047,87.477,77.237,91.103,75.692,3.7166,14.984,50.488,50.619,128.57,117.6,120.75,122.43,121.02,122.56,105.32,118.61
39.322,48.265,70.662,9.3261,11.94,14.038,33.529,42.038,42.269,42.533,42.237,52.074,116.68,91.57,68.034,78.912,71.849,72.496,39.129,39.031,38.997,49.183,45.569,39.519,39.934,63.063,74.975,51.561,53.232,104.42,73.63,81.672,9.6763,0.45357,0,15.794,25.668,17.926,28.048,42.064,41.969,43.773,41.943,43.696,42.709,44.457,41.094,42.98,46.065,44.905,46.681,60.499,44.579,39.277,48.556,58.9,58.872,59.167,90.488,93.263,68.458,62.11,95.283,105.98,106.16,112.12,96.52,62.353,54.798,78.459,75.798,75.684,81.514,83.73,78.994,63.853,65.017,77.633,39.275,39.4,6.905,4.7693,11.541,4.9845,11.078,4.9122,40.988,22.295,24.551,38.944,41.743,42.308,42.263,42.734,42.897,46.656,47.551,41.217,33.493,48.201,40.38,45.94,45.424,66.944,49.377,95.226,98.26,62.953,57.924,94.673,92.363,101.43,96.16,68.001,47.897,75.251,69.609,69.424,71.245,110.23,87.731,84.263,75.508,65.974,78.713,64.449,2.7014,11.466,42.327,42.394,113.85,104.03,107.21,107.98,106.78,108.11,91.95,104.4
19.701,21.428,46.623,45.503,21.931,0.23153,5.6482,8.3283,8.4187,8.5717,8.7674,13.32,77.03,36.384,30.226,45.757,37.709,40.938,19.621,19.348,19.73,35.645,21.989,20.135,22.359,31.738,26.535,22.057,16.952,52.81,42.085,36.7,43.514,20.09,15.794,0,17.536,0.27099,7.5238,8.1527,8.0087,8.1629,8.207,9.1519,8.5118,9.023,7.9798,8.1591,9.6183,9.23,10.379,44.453,8.7755,6.1571,11.124,43.845,39.777,15.713,48.339,39.197,50.145,28.716,41.233,45.646,46.384,63.945,52.421,26.192,22.499,39.605,40.388,27.199,42.564,45.489,37.174,27.756,30.74,40.148,19.727,19.797,36.747,36.872,48.26,16.36,26.929,18.565,39.292,1.3866,25.717,8.3724,9.7046,8.4998,8.5104,8.634,8.7669,10.631,10.856,8.2025,30.103,10.005,6.5633,9.2391,32.963,27.514,20.648,63.07,63.021,29.946,28.442,44.792,37.523,45.843,57.829,33.895,20.624,38.1,33.533,36.564,35.606,57.419,43.012,51.537,51.119,42.923,46.322,31.616,7.3182,28.16,8.3434,8.573,76.202,47.441,47.715,65.504,56.32,62.366,53.249,63.11
2.203,5.6536,11.154,36.917,5.6858,13.935,11.23,15.521,15.622,15.602,14.657,18.245,33.135,35.451,14.394,15.326,13.316,12.719,2.157,2.1998,2.0815,4.029,4.0383,2.1555,1.8314,9.9752,26.65,7.3155,13.288,32.569,13.095,22.036,66.344,32.853,25.668,17.536,0,14.469,4.3835,16.067,16.35,19.132,15.718,15.799,16.043,17.401,15.066,17.607,18.362,17.533,17.165,7.7106,18.437,18.233,18.203,7.2399,6.8225,24.487,22.461,33.403,10.635,10.749,33.405,43.215,42.221,33.251,25.443,12.561,9.28,17.219,14.951,26.528,18.139,18.551,19.104,12.662,11.738,16.339,2.1794,2.204,59.062,48.887,35.557,9.6822,9.6615,11.028,4.408,12.125,1.6445,11.422,12.018,15.458,15.361,15.737,15.621,16.464,17.28,14.648,1.7599,21.271,18.75,19.431,3.0223,15.566,6.7434,22.061,23.721,10.698,8.1605,28.719,34.705,35.878,23.322,12.295,5.8522,15.526,13.622,12.168,13.784,35.214,23.095,17.305,13.138,9.3435,15.088,10.919,26.837,10.233,15.926,15.389,31.511,37.442,41.776,29.488,32.485,30.601,21.702,27.597
15.644,16.943,40.133,47.295,20.581,0.23745,3.5087,5.8679,5.9473,6.0709,6.1791,10.164,68.227,31.137,24.784,39.052,31.608,34.624,15.577,15.325,15.686,30.504,17.537,16.043,18.133,26.181,21.992,17.458,13.03,45.67,35.684,30.77,48.687,22.885,17.926,0.27099,14.469,0,5.0263,5.7571,5.6575,5.9687,5.7806,6.5569,6.0478,6.5484,5.5588,5.8598,7.0979,6.7261,7.6477,38.51,6.4155,4.3048,8.3283,38.004,34.001,12.589,41.375,33.492,43.69,23.412,35.297,39.783,40.371,55.91,45.163,21.144,17.832,33.324,34.058,22.562,36.043,38.742,31.129,22.546,25.241,33.824,15.67,15.73,41.515,40.66,49.628,16.221,25.969,18.526,34.803,0.43921,22.71,5.7111,6.8323,6.0041,6.0073,6.1296,6.2315,7.8152,8.0497,5.717,26.214,7.6208,4.6635,6.8618,28.106,22.374,16.211,55.245,55.124,24.529,23.213,38.277,32.091,39.531,50.211,28.115,16.215,31.945,27.775,30.573,29.669,49.951,36.505,44.436,44.312,36.734,39.592,26.049,9.583,27.199,5.9037,6.0599,67.482,41.037,41.523,57.356,48.87,54.419,45.937,55.121
3.0224,3.6516,16.771,51.928,15.229,5.8517,1.5813,3.5182,3.5722,3.5769,3.1751,5.4603,36.815,19.596,9.0201,16.397,12.012,13.525,2.9995,2.8797,3.062,11.57,3.7888,3.2133,4.3222,8.6396,12.521,4.1347,4.2138,24.44,14.17,14.047,69.858,35.43,28.048,7.5238,4.3835,5.0263,0,3.7544,3.8757,5.2466,3.5977,3.7255,3.7736,4.4586,3.2835,4.4877,4.9817,4.542,4.5004,16.234,4.9408,4.7376,5.0886,16.023,13.104,8.9299,19.191,19.561,19.407,7.4715,20.266,26.284,26.056,29.77,21.947,6.9418,4.7133,13.769,13.612,12.655,15.359,16.852,13.258,7.564,8.5424,13.8,3.0381,3.0615,61.517,55.573,52.147,16.372,21.366,18.717,16.73,2.8633,11.144,1.8101,2.205,3.505,3.4624,3.6444,3.6048,4.2122,4.6181,3.1164,11.315,6.4849,5.002,5.475,10.322,8.3586,3.5147,27.068,27.189,7.9792,6.886,19.696,19.603,22.997,24.191,10.044,3.3713,12.667,10.182,11.26,11.135,27.389,16.986,19.812,19.507,14.617,16.671,8.751,22.454,22.425,3.7047,3.4808,36.085,24.261,26.304,29.594,25.946,28.238,21.441,27.895
10.483,8.0608,26.835,77.76,33.257,8.1107,0.587,0.0074589,0.0073547,0.012136,0.058449,0.63231,43.133,10.118,9.4186,21.934,15.768,19.128,10.494,10.235,10.688,24.581,9.9036,10.874,13.246,12.81,5.2714,7.3226,2.3122,20.812,19.958,11.543,87.447,50.176,42.064,8.1527,16.067,5.7571,3.7544,0,0.0026328,0.15084,0.0024473,0.036714,0.0043705,0.036822,0.016125,0.03907,0.10242,0.049267,0.13438,29.53,0.081663,0.29519,0.23918,29.65,24.391,1.4733,20.359,11.637,32.522,9.9908,12.825,15.272,15.655,29.861,22.659,7.4268,6.5183,15.324,17.148,5.5732,17.359,19.702,12.711,8.4161,10.981,16.192,10.537,10.551,77.761,75.068,79.145,32.658,41.783,36.041,34.853,3.2142,27.775,0.42398,0.45431,0.013228,0.016214,0.01162,0.01939,0.17196,0.19325,0.036301,27.278,0.37109,0.27797,0.1618,23.334,7.249,6.7896,35.458,34.047,10.941,11.384,15.723,10.696,15.495,28.787,13.156,7.3846,14.891,12.174,15.486,13.737,23.783,15.81,26.4,30.034,24.6,22.677,12.118,30.104,43.307,0.001921,0.017574,43.327,16.398,16.421,33.026,23.587,29.471,25.207,31.643
10.783,8.3491,27.366,77.866,33.497,8.0117,0.60998,0.018817,0.018784,0.025894,0.085743,0.67937,43.792,10.263,9.7237,22.414,16.175,19.578,10.792,10.53,10.989,25.048,10.214,11.179,13.58,13.18,5.3927,7.6019,2.463,21.192,20.418,11.844,87.164,50.04,41.969,8.0087,16.35,5.6575,3.8757,0.0026328,0,0.11778,0.0098666,0.056104,0.012205,0.035884,0.027949,0.023857,0.098379,0.049614,0.1546,30.065,0.065213,0.24466,0.25739,30.182,24.883,1.4791,20.796,11.84,33.095,10.316,13.054,15.443,15.847,30.367,23.112,7.702,6.7827,15.712,17.57,5.7044,17.773,20.146,13.05,8.7094,11.32,16.596,10.837,10.852,77.491,74.923,79.302,32.777,42.028,36.167,35.343,3.1626,28.126,0.48254,0.52421,0.027663,0.031906,0.024668,0.035584,0.20369,0.21858,0.05598,27.69,0.33808,0.22706,0.14004,23.778,7.5079,7.0574,36.069,34.641,11.282,11.733,16.048,10.863,15.753,29.326,13.528,7.661,15.279,12.528,15.891,14.114,24.19,16.176,26.928,30.597,25.105,23.166,12.476,29.905,43.558,0.0088084,0.033802,43.993,16.657,16.634,33.59,24.011,29.987,25.709,32.199
